"Record Length",25000,"Points",-1.00000000e-008,-4.82031256e-001
"Sample Interval",4.00000000e-012,s,-9.99600000e-009,-4.82687503e-001
"Trigger Point",2500,"Samples",-9.99200000e-009,-4.83531266e-001
"Trigger Time",2.61047619e-012,s,-9.98800000e-009,-4.83562499e-001
"",,,-9.98400000e-009,-4.85468745e-001
"Horizontal Offset",-1.00000000e-008,s,-9.98000000e-009,-4.90281254e-001
,,,-9.97600000e-009,-4.85312521e-001
,,,-9.97200000e-009,-4.84968752e-001
,,,-9.96800000e-009,-4.81343746e-001
,,,-9.96400000e-009,-4.73937511e-001
,,,-9.96000000e-009,-4.77375001e-001
,,,-9.95600000e-009,-4.83937502e-001
,,,-9.95200000e-009,-4.83999997e-001
,,,-9.94800000e-009,-4.75406259e-001
,,,-9.94400000e-009,-4.79906261e-001
,,,-9.94000000e-009,-4.83999997e-001
,,,-9.93600000e-009,-4.82031256e-001
,,,-9.93200000e-009,-4.80906248e-001
,,,-9.92800000e-009,-4.76843745e-001
,,,-9.92400000e-009,-4.83250022e-001
,,,-9.92000000e-009,-4.89250004e-001
,,,-9.91600000e-009,-4.90093768e-001
,,,-9.91200000e-009,-4.83999997e-001
,,,-9.90800000e-009,-4.94312495e-001
,,,-9.90400000e-009,-5.02937496e-001
,,,-9.90000000e-009,-5.02437532e-001
,,,-9.89600000e-009,-4.93062496e-001
,,,-9.89200000e-009,-4.82906252e-001
,,,-9.88800000e-009,-4.76000011e-001
,,,-9.88400000e-009,-4.81999993e-001
,,,-9.88000000e-009,-4.83999997e-001
,,,-9.87600000e-009,-4.78343755e-001
,,,-9.87200000e-009,-4.78000015e-001
,,,-9.86800000e-009,-4.83999997e-001
,,,-9.86400000e-009,-4.95906264e-001
,,,-9.86000000e-009,-4.94812518e-001
,,,-9.85600000e-009,-4.83999997e-001
,,,-9.85200000e-009,-4.79281247e-001
,,,-9.84800000e-009,-4.81156260e-001
,,,-9.84400000e-009,-4.83999997e-001
,,,-9.84000000e-009,-4.83812511e-001
,,,-9.83600000e-009,-4.79281247e-001
,,,-9.83200000e-009,-4.75749999e-001
,,,-9.82800000e-009,-4.77406263e-001
,,,-9.82400000e-009,-4.77375001e-001
,,,-9.82000000e-009,-4.83999997e-001
,,,-9.81600000e-009,-4.81156260e-001
,,,-9.81200000e-009,-4.76000011e-001
,,,-9.80800000e-009,-4.76187497e-001
,,,-9.80400000e-009,-4.77062494e-001
,,,-9.80000000e-009,-4.76312518e-001
,,,-9.79600000e-009,-4.76781249e-001
,,,-9.79200000e-009,-4.82843757e-001
,,,-9.78800000e-009,-4.80843753e-001
,,,-9.78400000e-009,-4.85468745e-001
,,,-9.78000000e-009,-4.89374995e-001
,,,-9.77600000e-009,-4.83999997e-001
,,,-9.77200000e-009,-4.77031261e-001
,,,-9.76800000e-009,-4.83999997e-001
,,,-9.76400000e-009,-4.86562520e-001
,,,-9.76000000e-009,-4.82875019e-001
,,,-9.75600000e-009,-4.79781270e-001
,,,-9.75200000e-009,-4.82374996e-001
,,,-9.74800000e-009,-4.75531250e-001
,,,-9.74400000e-009,-4.79593754e-001
,,,-9.74000000e-009,-4.83999997e-001
,,,-9.73600000e-009,-4.76000011e-001
,,,-9.73200000e-009,-4.77125019e-001
,,,-9.72800000e-009,-4.76031244e-001
,,,-9.72400000e-009,-4.76000011e-001
,,,-9.72000000e-009,-4.77250010e-001
,,,-9.71600000e-009,-4.78468746e-001
,,,-9.71200000e-009,-4.76000011e-001
,,,-9.70800000e-009,-4.76593763e-001
,,,-9.70400000e-009,-4.76531267e-001
,,,-9.70000000e-009,-4.85125005e-001
,,,-9.69600000e-009,-4.92000014e-001
,,,-9.69200000e-009,-4.86499995e-001
,,,-9.68800000e-009,-4.72031265e-001
,,,-9.68400000e-009,-4.76593763e-001
,,,-9.68000000e-009,-4.81124997e-001
,,,-9.67600000e-009,-4.83999997e-001
,,,-9.67200000e-009,-4.76000011e-001
,,,-9.66800000e-009,-4.77843761e-001
,,,-9.66400000e-009,-4.74343747e-001
,,,-9.66000000e-009,-4.83999997e-001
,,,-9.65600000e-009,-4.84562516e-001
,,,-9.65200000e-009,-4.83999997e-001
,,,-9.64800000e-009,-4.80062515e-001
,,,-9.64400000e-009,-4.84781265e-001
,,,-9.64000000e-009,-4.85156268e-001
,,,-9.63600000e-009,-4.76624995e-001
,,,-9.63200000e-009,-4.82781261e-001
,,,-9.62800000e-009,-4.93406266e-001
,,,-9.62400000e-009,-4.90562499e-001
,,,-9.62000000e-009,-4.80000019e-001
,,,-9.61600000e-009,-4.83562499e-001
,,,-9.61200000e-009,-4.83999997e-001
,,,-9.60800000e-009,-4.92750019e-001
,,,-9.60400000e-009,-4.90218759e-001
,,,-9.60000000e-009,-4.83999997e-001
,,,-9.59600000e-009,-4.82468754e-001
,,,-9.59200000e-009,-4.87593770e-001
,,,-9.58800000e-009,-4.85125005e-001
,,,-9.58400000e-009,-4.77843761e-001
,,,-9.58000000e-009,-4.76249993e-001
,,,-9.57600000e-009,-4.83999997e-001
,,,-9.57200000e-009,-4.87562507e-001
,,,-9.56800000e-009,-4.83999997e-001
,,,-9.56400000e-009,-4.81937498e-001
,,,-9.56000000e-009,-4.83999997e-001
,,,-9.55600000e-009,-4.85437512e-001
,,,-9.55200000e-009,-4.83999997e-001
,,,-9.54800000e-009,-4.83562499e-001
,,,-9.54400000e-009,-4.82781261e-001
,,,-9.54000000e-009,-4.84250009e-001
,,,-9.53600000e-009,-4.91750002e-001
,,,-9.53200000e-009,-5.01812518e-001
,,,-9.52800000e-009,-5.04156232e-001
,,,-9.52400000e-009,-4.98031259e-001
,,,-9.52000000e-009,-4.91812497e-001
,,,-9.51600000e-009,-4.92000014e-001
,,,-9.51200000e-009,-4.83999997e-001
,,,-9.50800000e-009,-4.85624999e-001
,,,-9.50400000e-009,-4.85750020e-001
,,,-9.50000000e-009,-4.82781261e-001
,,,-9.49600000e-009,-4.78156269e-001
,,,-9.49200000e-009,-4.76999998e-001
,,,-9.48800000e-009,-4.78906244e-001
,,,-9.48400000e-009,-4.77031261e-001
,,,-9.48000000e-009,-4.78937507e-001
,,,-9.47600000e-009,-4.83999997e-001
,,,-9.47200000e-009,-4.87500012e-001
,,,-9.46800000e-009,-4.82406259e-001
,,,-9.46400000e-009,-4.74281251e-001
,,,-9.46000000e-009,-4.76000011e-001
,,,-9.45600000e-009,-4.78468746e-001
,,,-9.45200000e-009,-4.76843745e-001
,,,-9.44800000e-009,-4.85000014e-001
,,,-9.44400000e-009,-4.83656257e-001
,,,-9.44000000e-009,-4.76000011e-001
,,,-9.43600000e-009,-4.82468754e-001
,,,-9.43200000e-009,-4.83999997e-001
,,,-9.42800000e-009,-4.74500000e-001
,,,-9.42400000e-009,-4.76000011e-001
,,,-9.42000000e-009,-4.82406259e-001
,,,-9.41600000e-009,-4.83999997e-001
,,,-9.41200000e-009,-4.74875003e-001
,,,-9.40800000e-009,-4.75250006e-001
,,,-9.40400000e-009,-4.74687517e-001
,,,-9.40000000e-009,-4.77531254e-001
,,,-9.39600000e-009,-4.83218759e-001
,,,-9.39200000e-009,-4.83999997e-001
,,,-9.38800000e-009,-4.82500017e-001
,,,-9.38400000e-009,-4.88375008e-001
,,,-9.38000000e-009,-4.84500021e-001
,,,-9.37600000e-009,-4.83999997e-001
,,,-9.37200000e-009,-4.83656257e-001
,,,-9.36800000e-009,-4.83031243e-001
,,,-9.36400000e-009,-4.86718744e-001
,,,-9.36000000e-009,-4.92000014e-001
,,,-9.35600000e-009,-4.85187501e-001
,,,-9.35200000e-009,-4.88218755e-001
,,,-9.34800000e-009,-4.93687510e-001
,,,-9.34400000e-009,-4.92187500e-001
,,,-9.34000000e-009,-4.83999997e-001
,,,-9.33600000e-009,-4.83999997e-001
,,,-9.33200000e-009,-4.81031269e-001
,,,-9.32800000e-009,-4.79062498e-001
,,,-9.32400000e-009,-4.78093743e-001
,,,-9.32000000e-009,-4.76000011e-001
,,,-9.31600000e-009,-4.76000011e-001
,,,-9.31200000e-009,-4.76000011e-001
,,,-9.30800000e-009,-4.79375005e-001
,,,-9.30400000e-009,-4.76000011e-001
,,,-9.30000000e-009,-4.76000011e-001
,,,-9.29600000e-009,-4.76000011e-001
,,,-9.29200000e-009,-4.80500013e-001
,,,-9.28800000e-009,-4.88406271e-001
,,,-9.28400000e-009,-4.86874998e-001
,,,-9.28000000e-009,-4.83999997e-001
,,,-9.27600000e-009,-4.80718762e-001
,,,-9.27200000e-009,-4.82406259e-001
,,,-9.26800000e-009,-4.80218768e-001
,,,-9.26400000e-009,-4.84781265e-001
,,,-9.26000000e-009,-4.80843753e-001
,,,-9.25600000e-009,-4.71750021e-001
,,,-9.25200000e-009,-4.72156256e-001
,,,-9.24800000e-009,-4.76000011e-001
,,,-9.24400000e-009,-4.79750007e-001
,,,-9.24000000e-009,-4.77250010e-001
,,,-9.23600000e-009,-4.79625016e-001
,,,-9.23200000e-009,-4.78562504e-001
,,,-9.22800000e-009,-4.80562508e-001
,,,-9.22400000e-009,-4.76000011e-001
,,,-9.22000000e-009,-4.76468772e-001
,,,-9.21600000e-009,-4.81750011e-001
,,,-9.21200000e-009,-4.79906261e-001
,,,-9.20800000e-009,-4.76000011e-001
,,,-9.20400000e-009,-4.76843745e-001
,,,-9.20000000e-009,-4.76000011e-001
,,,-9.19600000e-009,-4.83999997e-001
,,,-9.19200000e-009,-4.82531250e-001
,,,-9.18800000e-009,-4.86937493e-001
,,,-9.18400000e-009,-4.92000014e-001
,,,-9.18000000e-009,-4.84500021e-001
,,,-9.17600000e-009,-4.83656257e-001
,,,-9.17200000e-009,-4.83999997e-001
,,,-9.16800000e-009,-4.81750011e-001
,,,-9.16400000e-009,-4.84531254e-001
,,,-9.16000000e-009,-4.82312500e-001
,,,-9.15600000e-009,-4.89749998e-001
,,,-9.15200000e-009,-4.92000014e-001
,,,-9.14800000e-009,-4.83999997e-001
,,,-9.14400000e-009,-4.81468767e-001
,,,-9.14000000e-009,-4.86375004e-001
,,,-9.13600000e-009,-4.81843770e-001
,,,-9.13200000e-009,-4.83999997e-001
,,,-9.12800000e-009,-4.84187514e-001
,,,-9.12400000e-009,-4.78625000e-001
,,,-9.12000000e-009,-4.78593767e-001
,,,-9.11600000e-009,-4.77718771e-001
,,,-9.11200000e-009,-4.76687521e-001
,,,-9.10800000e-009,-4.85593766e-001
,,,-9.10400000e-009,-4.93218750e-001
,,,-9.10000000e-009,-4.97250021e-001
,,,-9.09600000e-009,-4.92000014e-001
,,,-9.09200000e-009,-4.83999997e-001
,,,-9.08800000e-009,-4.83999997e-001
,,,-9.08400000e-009,-4.81999993e-001
,,,-9.08000000e-009,-4.85624999e-001
,,,-9.07600000e-009,-4.91968751e-001
,,,-9.07200000e-009,-4.88718748e-001
,,,-9.06800000e-009,-4.92000014e-001
,,,-9.06400000e-009,-4.93031263e-001
,,,-9.06000000e-009,-4.92000014e-001
,,,-9.05600000e-009,-4.92656261e-001
,,,-9.05200000e-009,-5.00000000e-001
,,,-9.04800000e-009,-4.93468761e-001
,,,-9.04400000e-009,-4.74843770e-001
,,,-9.04000000e-009,-4.83187497e-001
,,,-9.03600000e-009,-4.81281251e-001
,,,-9.03200000e-009,-4.83999997e-001
,,,-9.02800000e-009,-4.83999997e-001
,,,-9.02400000e-009,-4.84062493e-001
,,,-9.02000000e-009,-4.76000011e-001
,,,-9.01600000e-009,-4.73937511e-001
,,,-9.01200000e-009,-4.76781249e-001
,,,-9.00800000e-009,-4.83999997e-001
,,,-9.00400000e-009,-4.80250001e-001
,,,-9.00000000e-009,-4.88156259e-001
,,,-8.99600000e-009,-4.84187514e-001
,,,-8.99200000e-009,-4.77750003e-001
,,,-8.98800000e-009,-4.76000011e-001
,,,-8.98400000e-009,-4.76875007e-001
,,,-8.98000000e-009,-4.84312505e-001
,,,-8.97600000e-009,-4.90562499e-001
,,,-8.97200000e-009,-4.92000014e-001
,,,-8.96800000e-009,-5.01124978e-001
,,,-8.96400000e-009,-5.08249998e-001
,,,-8.96000000e-009,-5.08000016e-001
,,,-8.95600000e-009,-4.93968755e-001
,,,-8.95200000e-009,-4.80718762e-001
,,,-8.94800000e-009,-4.79906261e-001
,,,-8.94400000e-009,-4.83468771e-001
,,,-8.94000000e-009,-4.88093764e-001
,,,-8.93600000e-009,-4.99406248e-001
,,,-8.93200000e-009,-5.00000000e-001
,,,-8.92800000e-009,-4.88687515e-001
,,,-8.92400000e-009,-4.80406255e-001
,,,-8.92000000e-009,-4.74531263e-001
,,,-8.91600000e-009,-4.76000011e-001
,,,-8.91200000e-009,-4.76000011e-001
,,,-8.90800000e-009,-4.78000015e-001
,,,-8.90400000e-009,-4.76000011e-001
,,,-8.90000000e-009,-4.71562505e-001
,,,-8.89600000e-009,-4.73093748e-001
,,,-8.89200000e-009,-4.76000011e-001
,,,-8.88800000e-009,-4.74375010e-001
,,,-8.88400000e-009,-4.72124994e-001
,,,-8.88000000e-009,-4.76000011e-001
,,,-8.87600000e-009,-4.78875011e-001
,,,-8.87200000e-009,-4.83999997e-001
,,,-8.86800000e-009,-4.86437500e-001
,,,-8.86400000e-009,-4.78468746e-001
,,,-8.86000000e-009,-4.85593766e-001
,,,-8.85600000e-009,-4.91750002e-001
,,,-8.85200000e-009,-4.94437516e-001
,,,-8.84800000e-009,-4.86250013e-001
,,,-8.84400000e-009,-4.83375013e-001
,,,-8.84000000e-009,-4.83999997e-001
,,,-8.83600000e-009,-4.76000011e-001
,,,-8.83200000e-009,-4.79562521e-001
,,,-8.82800000e-009,-4.85468745e-001
,,,-8.82400000e-009,-4.83531266e-001
,,,-8.82000000e-009,-4.76000011e-001
,,,-8.81600000e-009,-4.83437508e-001
,,,-8.81200000e-009,-4.87906247e-001
,,,-8.80800000e-009,-4.84281272e-001
,,,-8.80400000e-009,-4.81468767e-001
,,,-8.80000000e-009,-4.80937511e-001
,,,-8.79600000e-009,-4.79968756e-001
,,,-8.79200000e-009,-4.76000011e-001
,,,-8.78800000e-009,-4.68843758e-001
,,,-8.78400000e-009,-4.71937507e-001
,,,-8.78000000e-009,-4.83999997e-001
,,,-8.77600000e-009,-4.84093755e-001
,,,-8.77200000e-009,-4.77812499e-001
,,,-8.76800000e-009,-4.81437504e-001
,,,-8.76400000e-009,-4.96500015e-001
,,,-8.76000000e-009,-5.00000000e-001
,,,-8.75600000e-009,-4.90218759e-001
,,,-8.75200000e-009,-4.77531254e-001
,,,-8.74800000e-009,-4.83999997e-001
,,,-8.74400000e-009,-4.82218742e-001
,,,-8.74000000e-009,-4.76000011e-001
,,,-8.73600000e-009,-4.79031265e-001
,,,-8.73200000e-009,-4.78343755e-001
,,,-8.72800000e-009,-4.83406246e-001
,,,-8.72400000e-009,-4.84375000e-001
,,,-8.72000000e-009,-4.80843753e-001
,,,-8.71600000e-009,-4.76000011e-001
,,,-8.71200000e-009,-4.76437509e-001
,,,-8.70800000e-009,-4.76000011e-001
,,,-8.70400000e-009,-4.83062506e-001
,,,-8.70000000e-009,-4.83250022e-001
,,,-8.69600000e-009,-4.80187505e-001
,,,-8.69200000e-009,-4.78562504e-001
,,,-8.68800000e-009,-4.76000011e-001
,,,-8.68400000e-009,-4.74750012e-001
,,,-8.68000000e-009,-4.76000011e-001
,,,-8.67600000e-009,-4.76187497e-001
,,,-8.67200000e-009,-4.83999997e-001
,,,-8.66800000e-009,-4.92562503e-001
,,,-8.66400000e-009,-5.00999987e-001
,,,-8.66000000e-009,-5.00000000e-001
,,,-8.65600000e-009,-4.87156272e-001
,,,-8.65200000e-009,-4.74406242e-001
,,,-8.64800000e-009,-4.83999997e-001
,,,-8.64400000e-009,-4.79218751e-001
,,,-8.64000000e-009,-4.75500017e-001
,,,-8.63600000e-009,-4.78625000e-001
,,,-8.63200000e-009,-4.76000011e-001
,,,-8.62800000e-009,-4.76343751e-001
,,,-8.62400000e-009,-4.83999997e-001
,,,-8.62000000e-009,-4.83156264e-001
,,,-8.61600000e-009,-4.92000014e-001
,,,-8.61200000e-009,-4.99062508e-001
,,,-8.60800000e-009,-4.94468749e-001
,,,-8.60400000e-009,-4.83999997e-001
,,,-8.60000000e-009,-4.84750003e-001
,,,-8.59600000e-009,-4.89374995e-001
,,,-8.59200000e-009,-4.88750011e-001
,,,-8.58800000e-009,-4.76000011e-001
,,,-8.58400000e-009,-4.69062507e-001
,,,-8.58000000e-009,-4.81750011e-001
,,,-8.57600000e-009,-4.85593766e-001
,,,-8.57200000e-009,-4.81000006e-001
,,,-8.56800000e-009,-4.84656245e-001
,,,-8.56400000e-009,-4.84718770e-001
,,,-8.56000000e-009,-4.92000014e-001
,,,-8.55600000e-009,-4.85031247e-001
,,,-8.55200000e-009,-4.80656266e-001
,,,-8.54800000e-009,-4.83999997e-001
,,,-8.54400000e-009,-4.86968756e-001
,,,-8.54000000e-009,-4.86718744e-001
,,,-8.53600000e-009,-4.81124997e-001
,,,-8.53200000e-009,-4.86343771e-001
,,,-8.52800000e-009,-4.92000014e-001
,,,-8.52400000e-009,-4.88593757e-001
,,,-8.52000000e-009,-4.77906257e-001
,,,-8.51600000e-009,-4.77468759e-001
,,,-8.51200000e-009,-4.76000011e-001
,,,-8.50800000e-009,-4.70250010e-001
,,,-8.50400000e-009,-4.74999994e-001
,,,-8.50000000e-009,-4.76000011e-001
,,,-8.49600000e-009,-4.77968752e-001
,,,-8.49200000e-009,-4.73312497e-001
,,,-8.48800000e-009,-4.69656259e-001
,,,-8.48400000e-009,-4.76000011e-001
,,,-8.48000000e-009,-4.83999997e-001
,,,-8.47600000e-009,-4.83999997e-001
,,,-8.47200000e-009,-4.80531245e-001
,,,-8.46800000e-009,-4.82250005e-001
,,,-8.46400000e-009,-4.87687498e-001
,,,-8.46000000e-009,-4.87281263e-001
,,,-8.45600000e-009,-4.92000014e-001
,,,-8.45200000e-009,-4.88750011e-001
,,,-8.44800000e-009,-4.92906243e-001
,,,-8.44400000e-009,-4.87500012e-001
,,,-8.44000000e-009,-4.81687516e-001
,,,-8.43600000e-009,-4.94593769e-001
,,,-8.43200000e-009,-4.92000014e-001
,,,-8.42800000e-009,-4.83999997e-001
,,,-8.42400000e-009,-4.83718753e-001
,,,-8.42000000e-009,-4.88437504e-001
,,,-8.41600000e-009,-4.86468762e-001
,,,-8.41200000e-009,-4.79687512e-001
,,,-8.40800000e-009,-4.80968744e-001
,,,-8.40400000e-009,-4.76000011e-001
,,,-8.40000000e-009,-4.83999997e-001
,,,-8.39600000e-009,-4.88499999e-001
,,,-8.39200000e-009,-4.81343746e-001
,,,-8.38800000e-009,-4.78375018e-001
,,,-8.38400000e-009,-4.78718758e-001
,,,-8.38000000e-009,-4.79593754e-001
,,,-8.37600000e-009,-4.79906261e-001
,,,-8.37200000e-009,-4.83999997e-001
,,,-8.36800000e-009,-4.78093743e-001
,,,-8.36400000e-009,-4.83468771e-001
,,,-8.36000000e-009,-4.87312496e-001
,,,-8.35600000e-009,-4.83999997e-001
,,,-8.35200000e-009,-4.84593749e-001
,,,-8.34800000e-009,-4.89781260e-001
,,,-8.34400000e-009,-4.83999997e-001
,,,-8.34000000e-009,-4.84718770e-001
,,,-8.33600000e-009,-4.97531265e-001
,,,-8.33200000e-009,-5.00000000e-001
,,,-8.32800000e-009,-4.90250021e-001
,,,-8.32400000e-009,-4.81562495e-001
,,,-8.32000000e-009,-4.92000014e-001
,,,-8.31600000e-009,-4.87687498e-001
,,,-8.31200000e-009,-4.83375013e-001
,,,-8.30800000e-009,-4.83999997e-001
,,,-8.30400000e-009,-4.85031247e-001
,,,-8.30000000e-009,-5.00000000e-001
,,,-8.29600000e-009,-4.99687493e-001
,,,-8.29200000e-009,-4.92000014e-001
,,,-8.28800000e-009,-4.97375011e-001
,,,-8.28400000e-009,-4.95062500e-001
,,,-8.28000000e-009,-4.97875005e-001
,,,-8.27600000e-009,-4.88499999e-001
,,,-8.27200000e-009,-4.79531258e-001
,,,-8.26800000e-009,-4.88499999e-001
,,,-8.26400000e-009,-4.90281254e-001
,,,-8.26000000e-009,-4.83999997e-001
,,,-8.25600000e-009,-4.83999997e-001
,,,-8.25200000e-009,-4.81656253e-001
,,,-8.24800000e-009,-4.87093747e-001
,,,-8.24400000e-009,-4.83999997e-001
,,,-8.24000000e-009,-4.83999997e-001
,,,-8.23600000e-009,-4.77687508e-001
,,,-8.23200000e-009,-4.83999997e-001
,,,-8.22800000e-009,-4.88437504e-001
,,,-8.22400000e-009,-4.85249996e-001
,,,-8.22000000e-009,-5.08000016e-001
,,,-8.21600000e-009,-5.12687504e-001
,,,-8.21200000e-009,-4.99218762e-001
,,,-8.20800000e-009,-4.76156265e-001
,,,-8.20400000e-009,-4.87437516e-001
,,,-8.20000000e-009,-5.00000000e-001
,,,-8.19600000e-009,-4.96968746e-001
,,,-8.19200000e-009,-4.96562511e-001
,,,-8.18800000e-009,-4.92000014e-001
,,,-8.18400000e-009,-4.91281271e-001
,,,-8.18000000e-009,-4.94125009e-001
,,,-8.17600000e-009,-4.83999997e-001
,,,-8.17200000e-009,-4.81093764e-001
,,,-8.16800000e-009,-4.83999997e-001
,,,-8.16400000e-009,-4.88750011e-001
,,,-8.16000000e-009,-4.83437508e-001
,,,-8.15600000e-009,-4.83999997e-001
,,,-8.15200000e-009,-4.88812506e-001
,,,-8.14800000e-009,-4.85218763e-001
,,,-8.14400000e-009,-4.76000011e-001
,,,-8.14000000e-009,-4.76875007e-001
,,,-8.13600000e-009,-4.83999997e-001
,,,-8.13200000e-009,-4.80656266e-001
,,,-8.12800000e-009,-4.76000011e-001
,,,-8.12400000e-009,-4.79874998e-001
,,,-8.12000000e-009,-4.92000014e-001
,,,-8.11600000e-009,-4.92218763e-001
,,,-8.11200000e-009,-4.82656270e-001
,,,-8.10800000e-009,-4.80187505e-001
,,,-8.10400000e-009,-4.79406267e-001
,,,-8.10000000e-009,-4.84375000e-001
,,,-8.09600000e-009,-4.77062494e-001
,,,-8.09200000e-009,-4.76000011e-001
,,,-8.08800000e-009,-4.81937498e-001
,,,-8.08400000e-009,-4.81500000e-001
,,,-8.08000000e-009,-4.81593758e-001
,,,-8.07600000e-009,-4.85375017e-001
,,,-8.07200000e-009,-4.90250021e-001
,,,-8.06800000e-009,-5.00000000e-001
,,,-8.06400000e-009,-4.97999996e-001
,,,-8.06000000e-009,-4.93312508e-001
,,,-8.05600000e-009,-5.00000000e-001
,,,-8.05200000e-009,-4.91812497e-001
,,,-8.04800000e-009,-4.87406254e-001
,,,-8.04400000e-009,-4.95531261e-001
,,,-8.04000000e-009,-4.92000014e-001
,,,-8.03600000e-009,-4.86531258e-001
,,,-8.03200000e-009,-4.83999997e-001
,,,-8.02800000e-009,-4.80125010e-001
,,,-8.02400000e-009,-4.95468765e-001
,,,-8.02000000e-009,-5.00000000e-001
,,,-8.01600000e-009,-4.92000014e-001
,,,-8.01200000e-009,-4.83999997e-001
,,,-8.00800000e-009,-4.85531271e-001
,,,-8.00400000e-009,-4.85312521e-001
,,,-8.00000000e-009,-4.93187517e-001
,,,-7.99600000e-009,-4.92000014e-001
,,,-7.99200000e-009,-4.92000014e-001
,,,-7.98800000e-009,-4.85906243e-001
,,,-7.98400000e-009,-4.79156256e-001
,,,-7.98000000e-009,-4.87718761e-001
,,,-7.97600000e-009,-4.92000014e-001
,,,-7.97200000e-009,-4.85468745e-001
,,,-7.96800000e-009,-4.74812508e-001
,,,-7.96400000e-009,-4.80812520e-001
,,,-7.96000000e-009,-4.92000014e-001
,,,-7.95600000e-009,-4.92218763e-001
,,,-7.95200000e-009,-4.93000001e-001
,,,-7.94800000e-009,-4.83999997e-001
,,,-7.94400000e-009,-4.76000011e-001
,,,-7.94000000e-009,-4.80250001e-001
,,,-7.93600000e-009,-4.82781261e-001
,,,-7.93200000e-009,-4.82812494e-001
,,,-7.92800000e-009,-4.76437509e-001
,,,-7.92400000e-009,-4.79000002e-001
,,,-7.92000000e-009,-4.77218747e-001
,,,-7.91600000e-009,-4.92000014e-001
,,,-7.91200000e-009,-4.95562494e-001
,,,-7.90800000e-009,-4.87343758e-001
,,,-7.90400000e-009,-4.77062494e-001
,,,-7.90000000e-009,-4.83999997e-001
,,,-7.89600000e-009,-4.85406250e-001
,,,-7.89200000e-009,-4.88562495e-001
,,,-7.88800000e-009,-4.92000014e-001
,,,-7.88400000e-009,-4.83093768e-001
,,,-7.88000000e-009,-4.82968748e-001
,,,-7.87600000e-009,-4.83999997e-001
,,,-7.87200000e-009,-4.82562512e-001
,,,-7.86800000e-009,-4.84562516e-001
,,,-7.86400000e-009,-4.80218768e-001
,,,-7.86000000e-009,-4.80749995e-001
,,,-7.85600000e-009,-4.86937493e-001
,,,-7.85200000e-009,-4.99281257e-001
,,,-7.84800000e-009,-5.01250029e-001
,,,-7.84400000e-009,-4.92000014e-001
,,,-7.84000000e-009,-4.76000011e-001
,,,-7.83600000e-009,-4.77718771e-001
,,,-7.83200000e-009,-4.76593763e-001
,,,-7.82800000e-009,-4.75687504e-001
,,,-7.82400000e-009,-4.75875020e-001
,,,-7.82000000e-009,-4.76781249e-001
,,,-7.81600000e-009,-4.84500021e-001
,,,-7.81200000e-009,-4.83999997e-001
,,,-7.80800000e-009,-4.77062494e-001
,,,-7.80400000e-009,-4.78812516e-001
,,,-7.80000000e-009,-4.82843757e-001
,,,-7.79600000e-009,-4.79250014e-001
,,,-7.79200000e-009,-4.74687517e-001
,,,-7.78800000e-009,-4.83093768e-001
,,,-7.78400000e-009,-4.90531266e-001
,,,-7.78000000e-009,-4.88781244e-001
,,,-7.77600000e-009,-4.88812506e-001
,,,-7.77200000e-009,-4.91531253e-001
,,,-7.76800000e-009,-4.83687520e-001
,,,-7.76400000e-009,-4.86781269e-001
,,,-7.76000000e-009,-4.78343755e-001
,,,-7.75600000e-009,-4.79218751e-001
,,,-7.75200000e-009,-4.83687520e-001
,,,-7.74800000e-009,-4.92218763e-001
,,,-7.74400000e-009,-5.00000000e-001
,,,-7.74000000e-009,-4.90593761e-001
,,,-7.73600000e-009,-4.82718766e-001
,,,-7.73200000e-009,-4.83999997e-001
,,,-7.72800000e-009,-4.78031248e-001
,,,-7.72400000e-009,-4.73531246e-001
,,,-7.72000000e-009,-4.76000011e-001
,,,-7.71600000e-009,-4.71000016e-001
,,,-7.71200000e-009,-4.76000011e-001
,,,-7.70800000e-009,-4.83999997e-001
,,,-7.70400000e-009,-4.87125009e-001
,,,-7.70000000e-009,-4.83125001e-001
,,,-7.69600000e-009,-4.80468750e-001
,,,-7.69200000e-009,-4.87218767e-001
,,,-7.68800000e-009,-4.83999997e-001
,,,-7.68400000e-009,-4.84468758e-001
,,,-7.68000000e-009,-4.83999997e-001
,,,-7.67600000e-009,-4.90562499e-001
,,,-7.67200000e-009,-4.88499999e-001
,,,-7.66800000e-009,-4.89468753e-001
,,,-7.66400000e-009,-4.85562503e-001
,,,-7.66000000e-009,-4.83999997e-001
,,,-7.65600000e-009,-4.86906260e-001
,,,-7.65200000e-009,-4.89531249e-001
,,,-7.64800000e-009,-4.83999997e-001
,,,-7.64400000e-009,-4.88312513e-001
,,,-7.64000000e-009,-4.87562507e-001
,,,-7.63600000e-009,-4.91906255e-001
,,,-7.63200000e-009,-4.83999997e-001
,,,-7.62800000e-009,-4.79499996e-001
,,,-7.62400000e-009,-4.83999997e-001
,,,-7.62000000e-009,-4.98374999e-001
,,,-7.61600000e-009,-4.98750001e-001
,,,-7.61200000e-009,-4.85906243e-001
,,,-7.60800000e-009,-4.80250001e-001
,,,-7.60400000e-009,-4.76000011e-001
,,,-7.60000000e-009,-4.85125005e-001
,,,-7.59600000e-009,-4.92000014e-001
,,,-7.59200000e-009,-4.85343754e-001
,,,-7.58800000e-009,-4.76000011e-001
,,,-7.58400000e-009,-4.78781253e-001
,,,-7.58000000e-009,-4.85281259e-001
,,,-7.57600000e-009,-4.83999997e-001
,,,-7.57200000e-009,-4.75250006e-001
,,,-7.56800000e-009,-4.85687494e-001
,,,-7.56400000e-009,-4.86781269e-001
,,,-7.56000000e-009,-4.85062510e-001
,,,-7.55600000e-009,-4.75656271e-001
,,,-7.55200000e-009,-4.76000011e-001
,,,-7.54800000e-009,-4.81343746e-001
,,,-7.54400000e-009,-4.92624998e-001
,,,-7.54000000e-009,-5.08000016e-001
,,,-7.53600000e-009,-5.12812495e-001
,,,-7.53200000e-009,-5.05625010e-001
,,,-7.52800000e-009,-4.90000010e-001
,,,-7.52400000e-009,-4.85593766e-001
,,,-7.52000000e-009,-4.82937515e-001
,,,-7.51600000e-009,-4.90062505e-001
,,,-7.51200000e-009,-4.89031255e-001
,,,-7.50800000e-009,-4.80937511e-001
,,,-7.50400000e-009,-4.76000011e-001
,,,-7.50000000e-009,-4.83999997e-001
,,,-7.49600000e-009,-4.92000014e-001
,,,-7.49200000e-009,-5.00000000e-001
,,,-7.48800000e-009,-4.99031246e-001
,,,-7.48400000e-009,-4.97750014e-001
,,,-7.48000000e-009,-5.00000000e-001
,,,-7.47600000e-009,-4.89593744e-001
,,,-7.47200000e-009,-4.82312500e-001
,,,-7.46800000e-009,-4.81375009e-001
,,,-7.46400000e-009,-4.92125005e-001
,,,-7.46000000e-009,-4.92000014e-001
,,,-7.45600000e-009,-4.80093747e-001
,,,-7.45200000e-009,-4.77375001e-001
,,,-7.44800000e-009,-4.77656245e-001
,,,-7.44400000e-009,-4.77093756e-001
,,,-7.44000000e-009,-4.86468762e-001
,,,-7.43600000e-009,-4.86750007e-001
,,,-7.43200000e-009,-4.89093751e-001
,,,-7.42800000e-009,-4.88531262e-001
,,,-7.42400000e-009,-4.81156260e-001
,,,-7.42000000e-009,-4.81812507e-001
,,,-7.41600000e-009,-4.78531271e-001
,,,-7.41200000e-009,-4.77625012e-001
,,,-7.40800000e-009,-4.80968744e-001
,,,-7.40400000e-009,-4.77406263e-001
,,,-7.40000000e-009,-4.79281247e-001
,,,-7.39600000e-009,-4.87312496e-001
,,,-7.39200000e-009,-4.92000014e-001
,,,-7.38800000e-009,-4.92125005e-001
,,,-7.38400000e-009,-4.81343746e-001
,,,-7.38000000e-009,-4.83999997e-001
,,,-7.37600000e-009,-4.83999997e-001
,,,-7.37200000e-009,-4.91218746e-001
,,,-7.36800000e-009,-4.90375012e-001
,,,-7.36400000e-009,-4.92031246e-001
,,,-7.36000000e-009,-4.92000014e-001
,,,-7.35600000e-009,-4.86375004e-001
,,,-7.35200000e-009,-4.83999997e-001
,,,-7.34800000e-009,-4.83937502e-001
,,,-7.34400000e-009,-4.88687515e-001
,,,-7.34000000e-009,-4.83999997e-001
,,,-7.33600000e-009,-4.76000011e-001
,,,-7.33200000e-009,-4.75374997e-001
,,,-7.32800000e-009,-4.88281250e-001
,,,-7.32400000e-009,-4.94749993e-001
,,,-7.32000000e-009,-4.92000014e-001
,,,-7.31600000e-009,-4.83999997e-001
,,,-7.31200000e-009,-4.83999997e-001
,,,-7.30800000e-009,-4.87812519e-001
,,,-7.30400000e-009,-4.82625008e-001
,,,-7.30000000e-009,-4.76000011e-001
,,,-7.29600000e-009,-4.76000011e-001
,,,-7.29200000e-009,-4.79281247e-001
,,,-7.28800000e-009,-4.88312513e-001
,,,-7.28400000e-009,-4.87625003e-001
,,,-7.28000000e-009,-4.81000006e-001
,,,-7.27600000e-009,-4.77718771e-001
,,,-7.27200000e-009,-4.86687511e-001
,,,-7.26800000e-009,-4.86218750e-001
,,,-7.26400000e-009,-4.76000011e-001
,,,-7.26000000e-009,-4.77468759e-001
,,,-7.25600000e-009,-4.84468758e-001
,,,-7.25200000e-009,-4.83999997e-001
,,,-7.24800000e-009,-4.76000011e-001
,,,-7.24400000e-009,-4.73749995e-001
,,,-7.24000000e-009,-4.83999997e-001
,,,-7.23600000e-009,-4.91812497e-001
,,,-7.23200000e-009,-4.93250012e-001
,,,-7.22800000e-009,-4.83999997e-001
,,,-7.22400000e-009,-4.78437513e-001
,,,-7.22000000e-009,-4.85218763e-001
,,,-7.21600000e-009,-4.92000014e-001
,,,-7.21200000e-009,-4.85093743e-001
,,,-7.20800000e-009,-4.88750011e-001
,,,-7.20400000e-009,-4.83999997e-001
,,,-7.20000000e-009,-4.83999997e-001
,,,-7.19600000e-009,-4.79718745e-001
,,,-7.19200000e-009,-4.76249993e-001
,,,-7.18800000e-009,-4.83999997e-001
,,,-7.18400000e-009,-4.87062514e-001
,,,-7.18000000e-009,-4.85031247e-001
,,,-7.17600000e-009,-4.76718754e-001
,,,-7.17200000e-009,-4.83656257e-001
,,,-7.16800000e-009,-4.83812511e-001
,,,-7.16400000e-009,-4.79218751e-001
,,,-7.16000000e-009,-4.83999997e-001
,,,-7.15600000e-009,-4.86343771e-001
,,,-7.15200000e-009,-4.82218742e-001
,,,-7.14800000e-009,-4.76656258e-001
,,,-7.14400000e-009,-4.77562517e-001
,,,-7.14000000e-009,-4.83156264e-001
,,,-7.13600000e-009,-4.85000014e-001
,,,-7.13200000e-009,-4.92000014e-001
,,,-7.12800000e-009,-4.87812519e-001
,,,-7.12400000e-009,-4.83999997e-001
,,,-7.12000000e-009,-4.82687503e-001
,,,-7.11600000e-009,-4.81562495e-001
,,,-7.11200000e-009,-4.83999997e-001
,,,-7.10800000e-009,-4.92000014e-001
,,,-7.10400000e-009,-4.93750006e-001
,,,-7.10000000e-009,-4.85968769e-001
,,,-7.09600000e-009,-4.83999997e-001
,,,-7.09200000e-009,-4.83999997e-001
,,,-7.08800000e-009,-4.87749994e-001
,,,-7.08400000e-009,-4.84156251e-001
,,,-7.08000000e-009,-4.88531262e-001
,,,-7.07600000e-009,-4.83999997e-001
,,,-7.07200000e-009,-4.83999997e-001
,,,-7.06800000e-009,-4.79062498e-001
,,,-7.06400000e-009,-4.77250010e-001
,,,-7.06000000e-009,-4.83999997e-001
,,,-7.05600000e-009,-4.87187505e-001
,,,-7.05200000e-009,-4.88812506e-001
,,,-7.04800000e-009,-4.83999997e-001
,,,-7.04400000e-009,-4.77562517e-001
,,,-7.04000000e-009,-4.76000011e-001
,,,-7.03600000e-009,-4.85406250e-001
,,,-7.03200000e-009,-4.82875019e-001
,,,-7.02800000e-009,-4.80625004e-001
,,,-7.02400000e-009,-4.84281272e-001
,,,-7.02000000e-009,-4.81343746e-001
,,,-7.01600000e-009,-4.83656257e-001
,,,-7.01200000e-009,-4.92249995e-001
,,,-7.00800000e-009,-4.94531244e-001
,,,-7.00400000e-009,-4.83999997e-001
,,,-7.00000000e-009,-4.78593767e-001
,,,-6.99600000e-009,-4.83999997e-001
,,,-6.99200000e-009,-4.82531250e-001
,,,-6.98800000e-009,-4.76000011e-001
,,,-6.98400000e-009,-4.76000011e-001
,,,-6.98000000e-009,-4.76687521e-001
,,,-6.97600000e-009,-4.69750017e-001
,,,-6.97200000e-009,-4.77187514e-001
,,,-6.96800000e-009,-4.86156255e-001
,,,-6.96400000e-009,-4.83999997e-001
,,,-6.96000000e-009,-4.79968756e-001
,,,-6.95600000e-009,-4.85249996e-001
,,,-6.95200000e-009,-4.84500021e-001
,,,-6.94800000e-009,-4.74968761e-001
,,,-6.94400000e-009,-4.86281246e-001
,,,-6.94000000e-009,-4.92000014e-001
,,,-6.93600000e-009,-4.82781261e-001
,,,-6.93200000e-009,-4.78687495e-001
,,,-6.92800000e-009,-4.76000011e-001
,,,-6.92400000e-009,-4.83687520e-001
,,,-6.92000000e-009,-4.93625015e-001
,,,-6.91600000e-009,-4.93874997e-001
,,,-6.91200000e-009,-4.83999997e-001
,,,-6.90800000e-009,-4.73812521e-001
,,,-6.90400000e-009,-4.76093769e-001
,,,-6.90000000e-009,-4.76000011e-001
,,,-6.89600000e-009,-4.82125014e-001
,,,-6.89200000e-009,-4.84218746e-001
,,,-6.88800000e-009,-4.77500021e-001
,,,-6.88400000e-009,-4.74124998e-001
,,,-6.88000000e-009,-4.75875020e-001
,,,-6.87600000e-009,-4.83999997e-001
,,,-6.87200000e-009,-4.86031264e-001
,,,-6.86800000e-009,-4.83999997e-001
,,,-6.86400000e-009,-4.78500009e-001
,,,-6.86000000e-009,-4.77874994e-001
,,,-6.85600000e-009,-4.85125005e-001
,,,-6.85200000e-009,-4.81999993e-001
,,,-6.84800000e-009,-4.79468763e-001
,,,-6.84400000e-009,-4.78000015e-001
,,,-6.84000000e-009,-4.81218755e-001
,,,-6.83600000e-009,-4.76000011e-001
,,,-6.83200000e-009,-4.76000011e-001
,,,-6.82800000e-009,-4.72437501e-001
,,,-6.82400000e-009,-4.77656245e-001
,,,-6.82000000e-009,-4.83999997e-001
,,,-6.81600000e-009,-4.92000014e-001
,,,-6.81200000e-009,-4.91250008e-001
,,,-6.80800000e-009,-4.83999997e-001
,,,-6.80400000e-009,-4.89187509e-001
,,,-6.80000000e-009,-4.93499994e-001
,,,-6.79600000e-009,-4.92000014e-001
,,,-6.79200000e-009,-4.85937506e-001
,,,-6.78800000e-009,-4.86718744e-001
,,,-6.78400000e-009,-4.77687508e-001
,,,-6.78000000e-009,-4.72156256e-001
,,,-6.77600000e-009,-4.80718762e-001
,,,-6.77200000e-009,-4.85624999e-001
,,,-6.76800000e-009,-4.86093760e-001
,,,-6.76400000e-009,-4.79437500e-001
,,,-6.76000000e-009,-4.76000011e-001
,,,-6.75600000e-009,-4.77531254e-001
,,,-6.75200000e-009,-4.88312513e-001
,,,-6.74800000e-009,-4.83999997e-001
,,,-6.74400000e-009,-4.83999997e-001
,,,-6.74000000e-009,-4.84093755e-001
,,,-6.73600000e-009,-4.76000011e-001
,,,-6.73200000e-009,-4.82749999e-001
,,,-6.72800000e-009,-4.89374995e-001
,,,-6.72400000e-009,-4.87781256e-001
,,,-6.72000000e-009,-4.77562517e-001
,,,-6.71600000e-009,-4.90468770e-001
,,,-6.71200000e-009,-4.96374995e-001
,,,-6.70800000e-009,-4.94156271e-001
,,,-6.70400000e-009,-4.83999997e-001
,,,-6.70000000e-009,-4.78593767e-001
,,,-6.69600000e-009,-4.83437508e-001
,,,-6.69200000e-009,-4.86531258e-001
,,,-6.68800000e-009,-4.86593753e-001
,,,-6.68400000e-009,-4.77343768e-001
,,,-6.68000000e-009,-4.80468750e-001
,,,-6.67600000e-009,-4.86812502e-001
,,,-6.67200000e-009,-4.83999997e-001
,,,-6.66800000e-009,-4.83000010e-001
,,,-6.66400000e-009,-4.80375022e-001
,,,-6.66000000e-009,-4.81093764e-001
,,,-6.65600000e-009,-4.77187514e-001
,,,-6.65200000e-009,-4.79687512e-001
,,,-6.64800000e-009,-4.76000011e-001
,,,-6.64400000e-009,-4.82906252e-001
,,,-6.64000000e-009,-4.88124996e-001
,,,-6.63600000e-009,-4.89781260e-001
,,,-6.63200000e-009,-4.83999997e-001
,,,-6.62800000e-009,-4.84906256e-001
,,,-6.62400000e-009,-4.80093747e-001
,,,-6.62000000e-009,-4.76000011e-001
,,,-6.61600000e-009,-4.80749995e-001
,,,-6.61200000e-009,-4.89593744e-001
,,,-6.60800000e-009,-5.00000000e-001
,,,-6.60400000e-009,-4.97906268e-001
,,,-6.60000000e-009,-4.84968752e-001
,,,-6.59600000e-009,-4.76312518e-001
,,,-6.59200000e-009,-4.77187514e-001
,,,-6.58800000e-009,-4.83593762e-001
,,,-6.58400000e-009,-4.84343767e-001
,,,-6.58000000e-009,-4.83999997e-001
,,,-6.57600000e-009,-4.91687506e-001
,,,-6.57200000e-009,-4.92937505e-001
,,,-6.56800000e-009,-4.87437516e-001
,,,-6.56400000e-009,-4.90718752e-001
,,,-6.56000000e-009,-4.83999997e-001
,,,-6.55600000e-009,-4.92000014e-001
,,,-6.55200000e-009,-4.92968768e-001
,,,-6.54800000e-009,-4.83999997e-001
,,,-6.54400000e-009,-4.81656253e-001
,,,-6.54000000e-009,-4.86062497e-001
,,,-6.53600000e-009,-4.92000014e-001
,,,-6.53200000e-009,-4.86812502e-001
,,,-6.52800000e-009,-4.76000011e-001
,,,-6.52400000e-009,-4.76562500e-001
,,,-6.52000000e-009,-4.83999997e-001
,,,-6.51600000e-009,-4.92468745e-001
,,,-6.51200000e-009,-4.92000014e-001
,,,-6.50800000e-009,-4.88999993e-001
,,,-6.50400000e-009,-4.99500006e-001
,,,-6.50000000e-009,-5.00000000e-001
,,,-6.49600000e-009,-4.89281267e-001
,,,-6.49200000e-009,-4.95343745e-001
,,,-6.48800000e-009,-4.92000014e-001
,,,-6.48400000e-009,-4.88000005e-001
,,,-6.48000000e-009,-4.80781257e-001
,,,-6.47600000e-009,-4.76000011e-001
,,,-6.47200000e-009,-4.77593750e-001
,,,-6.46800000e-009,-4.76343751e-001
,,,-6.46400000e-009,-4.82500017e-001
,,,-6.46000000e-009,-4.83999997e-001
,,,-6.45600000e-009,-4.79031265e-001
,,,-6.45200000e-009,-4.81343746e-001
,,,-6.44800000e-009,-4.83156264e-001
,,,-6.44400000e-009,-4.84531254e-001
,,,-6.44000000e-009,-4.80343759e-001
,,,-6.43600000e-009,-4.80500013e-001
,,,-6.43200000e-009,-4.87749994e-001
,,,-6.42800000e-009,-4.83999997e-001
,,,-6.42400000e-009,-4.79687512e-001
,,,-6.42000000e-009,-4.81656253e-001
,,,-6.41600000e-009,-4.83999997e-001
,,,-6.41200000e-009,-4.92500007e-001
,,,-6.40800000e-009,-4.91656244e-001
,,,-6.40400000e-009,-4.83999997e-001
,,,-6.40000000e-009,-4.87343758e-001
,,,-6.39600000e-009,-4.83999997e-001
,,,-6.39200000e-009,-4.85906243e-001
,,,-6.38800000e-009,-4.78375018e-001
,,,-6.38400000e-009,-4.71593767e-001
,,,-6.38000000e-009,-4.76000011e-001
,,,-6.37600000e-009,-4.78593767e-001
,,,-6.37200000e-009,-4.76281255e-001
,,,-6.36800000e-009,-4.76000011e-001
,,,-6.36400000e-009,-4.85906243e-001
,,,-6.36000000e-009,-4.88656253e-001
,,,-6.35600000e-009,-4.92000014e-001
,,,-6.35200000e-009,-4.84406263e-001
,,,-6.34800000e-009,-4.79812503e-001
,,,-6.34400000e-009,-4.80593771e-001
,,,-6.34000000e-009,-4.84500021e-001
,,,-6.33600000e-009,-4.83999997e-001
,,,-6.33200000e-009,-4.85406250e-001
,,,-6.32800000e-009,-4.83999997e-001
,,,-6.32400000e-009,-4.91937518e-001
,,,-6.32000000e-009,-4.92000014e-001
,,,-6.31600000e-009,-4.81468767e-001
,,,-6.31200000e-009,-4.84593749e-001
,,,-6.30800000e-009,-4.83999997e-001
,,,-6.30400000e-009,-4.74218756e-001
,,,-6.30000000e-009,-4.73843753e-001
,,,-6.29600000e-009,-4.76000011e-001
,,,-6.29200000e-009,-4.76000011e-001
,,,-6.28800000e-009,-4.77687508e-001
,,,-6.28400000e-009,-4.81468767e-001
,,,-6.28000000e-009,-4.78812516e-001
,,,-6.27600000e-009,-4.78656262e-001
,,,-6.27200000e-009,-4.81781244e-001
,,,-6.26800000e-009,-4.81781244e-001
,,,-6.26400000e-009,-4.87343758e-001
,,,-6.26000000e-009,-5.00000000e-001
,,,-6.25600000e-009,-4.98281270e-001
,,,-6.25200000e-009,-4.92000014e-001
,,,-6.24800000e-009,-4.82500017e-001
,,,-6.24400000e-009,-4.79218751e-001
,,,-6.24000000e-009,-4.76000011e-001
,,,-6.23600000e-009,-4.79187518e-001
,,,-6.23200000e-009,-4.81500000e-001
,,,-6.22800000e-009,-4.81718749e-001
,,,-6.22400000e-009,-4.83218759e-001
,,,-6.22000000e-009,-4.85718757e-001
,,,-6.21600000e-009,-4.85937506e-001
,,,-6.21200000e-009,-4.82625008e-001
,,,-6.20800000e-009,-4.76000011e-001
,,,-6.20400000e-009,-4.76656258e-001
,,,-6.20000000e-009,-4.83999997e-001
,,,-6.19600000e-009,-4.80843753e-001
,,,-6.19200000e-009,-4.86250013e-001
,,,-6.18800000e-009,-4.83999997e-001
,,,-6.18400000e-009,-4.78406250e-001
,,,-6.18000000e-009,-4.78093743e-001
,,,-6.17600000e-009,-4.76093769e-001
,,,-6.17200000e-009,-4.80000019e-001
,,,-6.16800000e-009,-4.81531262e-001
,,,-6.16400000e-009,-4.83999997e-001
,,,-6.16000000e-009,-4.76000011e-001
,,,-6.15600000e-009,-4.79499996e-001
,,,-6.15200000e-009,-4.88593757e-001
,,,-6.14800000e-009,-4.95250016e-001
,,,-6.14400000e-009,-4.92000014e-001
,,,-6.14000000e-009,-4.83999997e-001
,,,-6.13600000e-009,-4.80562508e-001
,,,-6.13200000e-009,-4.73250002e-001
,,,-6.12800000e-009,-4.77812499e-001
,,,-6.12400000e-009,-4.82625008e-001
,,,-6.12000000e-009,-4.82156247e-001
,,,-6.11600000e-009,-4.80625004e-001
,,,-6.11200000e-009,-4.93968755e-001
,,,-6.10800000e-009,-5.00000000e-001
,,,-6.10400000e-009,-4.99000013e-001
,,,-6.10000000e-009,-4.90843743e-001
,,,-6.09600000e-009,-4.90062505e-001
,,,-6.09200000e-009,-4.92000014e-001
,,,-6.08800000e-009,-4.88937497e-001
,,,-6.08400000e-009,-4.81406271e-001
,,,-6.08000000e-009,-4.81468767e-001
,,,-6.07600000e-009,-4.87218767e-001
,,,-6.07200000e-009,-4.89374995e-001
,,,-6.06800000e-009,-4.83999997e-001
,,,-6.06400000e-009,-4.91656244e-001
,,,-6.06000000e-009,-4.92000014e-001
,,,-6.05600000e-009,-4.86656249e-001
,,,-6.05200000e-009,-4.84687507e-001
,,,-6.04800000e-009,-4.83999997e-001
,,,-6.04400000e-009,-4.76000011e-001
,,,-6.04000000e-009,-4.82968748e-001
,,,-6.03600000e-009,-4.81750011e-001
,,,-6.03200000e-009,-4.72375005e-001
,,,-6.02800000e-009,-4.83999997e-001
,,,-6.02400000e-009,-4.84562516e-001
,,,-6.02000000e-009,-4.74875003e-001
,,,-6.01600000e-009,-4.77312505e-001
,,,-6.01200000e-009,-4.72187519e-001
,,,-6.00800000e-009,-4.76875007e-001
,,,-6.00400000e-009,-4.78249997e-001
,,,-6.00000000e-009,-4.76437509e-001
,,,-5.99600000e-009,-4.78125006e-001
,,,-5.99200000e-009,-4.77156252e-001
,,,-5.98800000e-009,-4.83999997e-001
,,,-5.98400000e-009,-4.88843769e-001
,,,-5.98000000e-009,-4.85312521e-001
,,,-5.97600000e-009,-4.80531245e-001
,,,-5.97200000e-009,-4.78718758e-001
,,,-5.96800000e-009,-4.76000011e-001
,,,-5.96400000e-009,-4.77281243e-001
,,,-5.96000000e-009,-4.81843770e-001
,,,-5.95600000e-009,-4.84781265e-001
,,,-5.95200000e-009,-4.86218750e-001
,,,-5.94800000e-009,-4.83999997e-001
,,,-5.94400000e-009,-4.77281243e-001
,,,-5.94000000e-009,-4.83999997e-001
,,,-5.93600000e-009,-4.84625012e-001
,,,-5.93200000e-009,-4.87656265e-001
,,,-5.92800000e-009,-4.92000014e-001
,,,-5.92400000e-009,-4.83968765e-001
,,,-5.92000000e-009,-4.77093756e-001
,,,-5.91600000e-009,-4.76562500e-001
,,,-5.91200000e-009,-4.87500012e-001
,,,-5.90800000e-009,-4.90187496e-001
,,,-5.90400000e-009,-4.88843769e-001
,,,-5.90000000e-009,-4.85843748e-001
,,,-5.89600000e-009,-4.90000010e-001
,,,-5.89200000e-009,-4.83781248e-001
,,,-5.88800000e-009,-4.82781261e-001
,,,-5.88400000e-009,-4.83999997e-001
,,,-5.88000000e-009,-4.87250000e-001
,,,-5.87600000e-009,-4.86000001e-001
,,,-5.87200000e-009,-4.85968769e-001
,,,-5.86800000e-009,-4.77812499e-001
,,,-5.86400000e-009,-4.79312509e-001
,,,-5.86000000e-009,-4.76000011e-001
,,,-5.85600000e-009,-4.83000010e-001
,,,-5.85200000e-009,-4.83999997e-001
,,,-5.84800000e-009,-4.79593754e-001
,,,-5.84400000e-009,-4.74906266e-001
,,,-5.84000000e-009,-4.82718766e-001
,,,-5.83600000e-009,-4.87937510e-001
,,,-5.83200000e-009,-4.83999997e-001
,,,-5.82800000e-009,-4.80531245e-001
,,,-5.82400000e-009,-4.84218746e-001
,,,-5.82000000e-009,-4.85843748e-001
,,,-5.81600000e-009,-4.92000014e-001
,,,-5.81200000e-009,-4.89500016e-001
,,,-5.80800000e-009,-4.87093747e-001
,,,-5.80400000e-009,-4.80031252e-001
,,,-5.80000000e-009,-4.85656261e-001
,,,-5.79600000e-009,-4.85437512e-001
,,,-5.79200000e-009,-4.80031252e-001
,,,-5.78800000e-009,-4.75718766e-001
,,,-5.78400000e-009,-4.78312492e-001
,,,-5.78000000e-009,-4.90875006e-001
,,,-5.77600000e-009,-4.99062508e-001
,,,-5.77200000e-009,-4.96749997e-001
,,,-5.76800000e-009,-4.83999997e-001
,,,-5.76400000e-009,-4.83999997e-001
,,,-5.76000000e-009,-4.95875001e-001
,,,-5.75600000e-009,-4.95750010e-001
,,,-5.75200000e-009,-4.88250017e-001
,,,-5.74800000e-009,-4.84718770e-001
,,,-5.74400000e-009,-4.79437500e-001
,,,-5.74000000e-009,-4.81562495e-001
,,,-5.73600000e-009,-4.78062510e-001
,,,-5.73200000e-009,-4.80718762e-001
,,,-5.72800000e-009,-4.79031265e-001
,,,-5.72400000e-009,-4.82687503e-001
,,,-5.72000000e-009,-4.81156260e-001
,,,-5.71600000e-009,-4.80093747e-001
,,,-5.71200000e-009,-4.78500009e-001
,,,-5.70800000e-009,-4.75812495e-001
,,,-5.70400000e-009,-4.76093769e-001
,,,-5.70000000e-009,-4.76812512e-001
,,,-5.69600000e-009,-4.89093751e-001
,,,-5.69200000e-009,-4.96281266e-001
,,,-5.68800000e-009,-4.96343762e-001
,,,-5.68400000e-009,-4.89218771e-001
,,,-5.68000000e-009,-4.82968748e-001
,,,-5.67600000e-009,-4.76656258e-001
,,,-5.67200000e-009,-4.82406259e-001
,,,-5.66800000e-009,-4.92000014e-001
,,,-5.66400000e-009,-4.89562511e-001
,,,-5.66000000e-009,-4.83999997e-001
,,,-5.65600000e-009,-4.87312496e-001
,,,-5.65200000e-009,-4.87437516e-001
,,,-5.64800000e-009,-4.83125001e-001
,,,-5.64400000e-009,-4.76656258e-001
,,,-5.64000000e-009,-4.84281272e-001
,,,-5.63600000e-009,-4.83999997e-001
,,,-5.63200000e-009,-4.72312510e-001
,,,-5.62800000e-009,-4.72812504e-001
,,,-5.62400000e-009,-4.75125015e-001
,,,-5.62000000e-009,-4.83999997e-001
,,,-5.61600000e-009,-4.83343750e-001
,,,-5.61200000e-009,-4.81437504e-001
,,,-5.60800000e-009,-4.86687511e-001
,,,-5.60400000e-009,-4.83937502e-001
,,,-5.60000000e-009,-4.83999997e-001
,,,-5.59600000e-009,-4.83281255e-001
,,,-5.59200000e-009,-4.76999998e-001
,,,-5.58800000e-009,-4.82312500e-001
,,,-5.58400000e-009,-4.79937494e-001
,,,-5.58000000e-009,-4.70906258e-001
,,,-5.57600000e-009,-4.81187493e-001
,,,-5.57200000e-009,-4.81124997e-001
,,,-5.56800000e-009,-4.83999997e-001
,,,-5.56400000e-009,-4.83937502e-001
,,,-5.56000000e-009,-4.83562499e-001
,,,-5.55600000e-009,-4.83999997e-001
,,,-5.55200000e-009,-4.77375001e-001
,,,-5.54800000e-009,-4.72468764e-001
,,,-5.54400000e-009,-4.82906252e-001
,,,-5.54000000e-009,-4.92000014e-001
,,,-5.53600000e-009,-4.91687506e-001
,,,-5.53200000e-009,-4.82500017e-001
,,,-5.52800000e-009,-4.76000011e-001
,,,-5.52400000e-009,-4.76000011e-001
,,,-5.52000000e-009,-4.75281268e-001
,,,-5.51600000e-009,-4.78750020e-001
,,,-5.51200000e-009,-4.77281243e-001
,,,-5.50800000e-009,-4.80375022e-001
,,,-5.50400000e-009,-4.78781253e-001
,,,-5.50000000e-009,-4.80625004e-001
,,,-5.49600000e-009,-4.84125018e-001
,,,-5.49200000e-009,-4.92000014e-001
,,,-5.48800000e-009,-4.92218763e-001
,,,-5.48400000e-009,-4.83999997e-001
,,,-5.48000000e-009,-4.76000011e-001
,,,-5.47600000e-009,-4.77281243e-001
,,,-5.47200000e-009,-4.76000011e-001
,,,-5.46800000e-009,-4.79906261e-001
,,,-5.46400000e-009,-4.83562499e-001
,,,-5.46000000e-009,-4.78937507e-001
,,,-5.45600000e-009,-4.83062506e-001
,,,-5.45200000e-009,-4.85156268e-001
,,,-5.44800000e-009,-4.92000014e-001
,,,-5.44400000e-009,-4.95937496e-001
,,,-5.44000000e-009,-4.90906268e-001
,,,-5.43600000e-009,-4.81031269e-001
,,,-5.43200000e-009,-4.78312492e-001
,,,-5.42800000e-009,-4.76000011e-001
,,,-5.42400000e-009,-4.78312492e-001
,,,-5.42000000e-009,-4.83999997e-001
,,,-5.41600000e-009,-4.82937515e-001
,,,-5.41200000e-009,-4.75812495e-001
,,,-5.40800000e-009,-4.83999997e-001
,,,-5.40400000e-009,-4.83687520e-001
,,,-5.40000000e-009,-4.76062506e-001
,,,-5.39600000e-009,-4.78062510e-001
,,,-5.39200000e-009,-4.92000014e-001
,,,-5.38800000e-009,-4.97093767e-001
,,,-5.38400000e-009,-4.92000014e-001
,,,-5.38000000e-009,-4.91937518e-001
,,,-5.37600000e-009,-4.91687506e-001
,,,-5.37200000e-009,-4.91437495e-001
,,,-5.36800000e-009,-4.92000014e-001
,,,-5.36400000e-009,-4.85031247e-001
,,,-5.36000000e-009,-4.92000014e-001
,,,-5.35600000e-009,-4.86843765e-001
,,,-5.35200000e-009,-4.88000005e-001
,,,-5.34800000e-009,-4.83999997e-001
,,,-5.34400000e-009,-4.82437521e-001
,,,-5.34000000e-009,-4.90843743e-001
,,,-5.33600000e-009,-4.88718748e-001
,,,-5.33200000e-009,-4.83999997e-001
,,,-5.32800000e-009,-4.79406267e-001
,,,-5.32400000e-009,-4.84031260e-001
,,,-5.32000000e-009,-4.81781244e-001
,,,-5.31600000e-009,-4.76031244e-001
,,,-5.31200000e-009,-4.79093760e-001
,,,-5.30800000e-009,-4.83999997e-001
,,,-5.30400000e-009,-4.92281258e-001
,,,-5.30000000e-009,-4.92000014e-001
,,,-5.29600000e-009,-4.88218755e-001
,,,-5.29200000e-009,-4.87843752e-001
,,,-5.28800000e-009,-4.84343767e-001
,,,-5.28400000e-009,-4.97750014e-001
,,,-5.28000000e-009,-5.00000000e-001
,,,-5.27600000e-009,-4.90031242e-001
,,,-5.27200000e-009,-4.83999997e-001
,,,-5.26800000e-009,-4.89374995e-001
,,,-5.26400000e-009,-4.81843770e-001
,,,-5.26000000e-009,-4.73125011e-001
,,,-5.25600000e-009,-4.83999997e-001
,,,-5.25200000e-009,-4.83999997e-001
,,,-5.24800000e-009,-4.83999997e-001
,,,-5.24400000e-009,-4.85125005e-001
,,,-5.24000000e-009,-4.83999997e-001
,,,-5.23600000e-009,-4.81187493e-001
,,,-5.23200000e-009,-4.79499996e-001
,,,-5.22800000e-009,-4.84218746e-001
,,,-5.22400000e-009,-4.80375022e-001
,,,-5.22000000e-009,-4.83999997e-001
,,,-5.21600000e-009,-4.81124997e-001
,,,-5.21200000e-009,-4.83999997e-001
,,,-5.20800000e-009,-4.83999997e-001
,,,-5.20400000e-009,-4.83187497e-001
,,,-5.20000000e-009,-4.84687507e-001
,,,-5.19600000e-009,-4.84812498e-001
,,,-5.19200000e-009,-4.79062498e-001
,,,-5.18800000e-009,-4.77843761e-001
,,,-5.18400000e-009,-4.78718758e-001
,,,-5.18000000e-009,-4.83999997e-001
,,,-5.17600000e-009,-4.79250014e-001
,,,-5.17200000e-009,-4.83999997e-001
,,,-5.16800000e-009,-4.88937497e-001
,,,-5.16400000e-009,-4.86593753e-001
,,,-5.16000000e-009,-4.83999997e-001
,,,-5.15600000e-009,-4.79906261e-001
,,,-5.15200000e-009,-4.83999997e-001
,,,-5.14800000e-009,-4.83843744e-001
,,,-5.14400000e-009,-4.89937514e-001
,,,-5.14000000e-009,-4.91374999e-001
,,,-5.13600000e-009,-4.83999997e-001
,,,-5.13200000e-009,-4.76000011e-001
,,,-5.12800000e-009,-4.75781262e-001
,,,-5.12400000e-009,-4.71125007e-001
,,,-5.12000000e-009,-4.70406264e-001
,,,-5.11600000e-009,-4.68031257e-001
,,,-5.11200000e-009,-4.81156260e-001
,,,-5.10800000e-009,-4.87749994e-001
,,,-5.10400000e-009,-4.83312517e-001
,,,-5.10000000e-009,-4.80218768e-001
,,,-5.09600000e-009,-4.76468772e-001
,,,-5.09200000e-009,-4.76000011e-001
,,,-5.08800000e-009,-4.79281247e-001
,,,-5.08400000e-009,-4.76000011e-001
,,,-5.08000000e-009,-4.80937511e-001
,,,-5.07600000e-009,-4.83999997e-001
,,,-5.07200000e-009,-4.87406254e-001
,,,-5.06800000e-009,-4.79812503e-001
,,,-5.06400000e-009,-4.83999997e-001
,,,-5.06000000e-009,-4.81281251e-001
,,,-5.05600000e-009,-4.78218764e-001
,,,-5.05200000e-009,-4.78687495e-001
,,,-5.04800000e-009,-4.78781253e-001
,,,-5.04400000e-009,-4.92500007e-001
,,,-5.04000000e-009,-5.00000000e-001
,,,-5.03600000e-009,-4.97250021e-001
,,,-5.03200000e-009,-4.92718756e-001
,,,-5.02800000e-009,-4.92000014e-001
,,,-5.02400000e-009,-4.81937498e-001
,,,-5.02000000e-009,-4.83999997e-001
,,,-5.01600000e-009,-4.83093768e-001
,,,-5.01200000e-009,-4.76000011e-001
,,,-5.00800000e-009,-4.82437521e-001
,,,-5.00400000e-009,-4.93156254e-001
,,,-5.00000000e-009,-5.07718742e-001
,,,-4.99600000e-009,-5.08000016e-001
,,,-4.99200000e-009,-4.92843747e-001
,,,-4.98800000e-009,-4.84062493e-001
,,,-4.98400000e-009,-4.87593770e-001
,,,-4.98000000e-009,-4.83999997e-001
,,,-4.97600000e-009,-4.78500009e-001
,,,-4.97200000e-009,-4.80749995e-001
,,,-4.96800000e-009,-4.83718753e-001
,,,-4.96400000e-009,-4.85062510e-001
,,,-4.96000000e-009,-4.83999997e-001
,,,-4.95600000e-009,-4.78531271e-001
,,,-4.95200000e-009,-4.76000011e-001
,,,-4.94800000e-009,-4.82937515e-001
,,,-4.94400000e-009,-4.81750011e-001
,,,-4.94000000e-009,-4.79874998e-001
,,,-4.93600000e-009,-4.76000011e-001
,,,-4.93200000e-009,-4.76000011e-001
,,,-4.92800000e-009,-4.82531250e-001
,,,-4.92400000e-009,-4.83218759e-001
,,,-4.92000000e-009,-4.80749995e-001
,,,-4.91600000e-009,-4.81750011e-001
,,,-4.91200000e-009,-4.87093747e-001
,,,-4.90800000e-009,-4.86468762e-001
,,,-4.90400000e-009,-4.83531266e-001
,,,-4.90000000e-009,-4.86656249e-001
,,,-4.89600000e-009,-4.84906256e-001
,,,-4.89200000e-009,-4.77843761e-001
,,,-4.88800000e-009,-4.83999997e-001
,,,-4.88400000e-009,-4.85500008e-001
,,,-4.88000000e-009,-4.83999997e-001
,,,-4.87600000e-009,-4.92000014e-001
,,,-4.87200000e-009,-4.93031263e-001
,,,-4.86800000e-009,-4.82312500e-001
,,,-4.86400000e-009,-4.84062493e-001
,,,-4.86000000e-009,-4.83999997e-001
,,,-4.85600000e-009,-4.83999997e-001
,,,-4.85200000e-009,-4.89562511e-001
,,,-4.84800000e-009,-4.84500021e-001
,,,-4.84400000e-009,-4.80531245e-001
,,,-4.84000000e-009,-4.80062515e-001
,,,-4.83600000e-009,-4.92312521e-001
,,,-4.83200000e-009,-4.92000014e-001
,,,-4.82800000e-009,-4.78156269e-001
,,,-4.82400000e-009,-4.73250002e-001
,,,-4.82000000e-009,-4.77125019e-001
,,,-4.81600000e-009,-4.92000014e-001
,,,-4.81200000e-009,-4.96531248e-001
,,,-4.80800000e-009,-4.89593744e-001
,,,-4.80400000e-009,-4.83000010e-001
,,,-4.80000000e-009,-4.83281255e-001
,,,-4.79600000e-009,-4.82156247e-001
,,,-4.79200000e-009,-4.92312521e-001
,,,-4.78800000e-009,-4.93156254e-001
,,,-4.78400000e-009,-4.83999997e-001
,,,-4.78000000e-009,-4.78281260e-001
,,,-4.77600000e-009,-4.77250010e-001
,,,-4.77200000e-009,-4.76000011e-001
,,,-4.76800000e-009,-4.85968769e-001
,,,-4.76400000e-009,-4.87593770e-001
,,,-4.76000000e-009,-4.90406245e-001
,,,-4.75600000e-009,-4.92000014e-001
,,,-4.75200000e-009,-4.84718770e-001
,,,-4.74800000e-009,-4.77093756e-001
,,,-4.74400000e-009,-4.79937494e-001
,,,-4.74000000e-009,-4.83999997e-001
,,,-4.73600000e-009,-4.80906248e-001
,,,-4.73200000e-009,-4.83999997e-001
,,,-4.72800000e-009,-4.77750003e-001
,,,-4.72400000e-009,-4.77718771e-001
,,,-4.72000000e-009,-4.74312514e-001
,,,-4.71600000e-009,-4.79968756e-001
,,,-4.71200000e-009,-4.83999997e-001
,,,-4.70800000e-009,-4.82718766e-001
,,,-4.70400000e-009,-4.74999994e-001
,,,-4.70000000e-009,-4.76718754e-001
,,,-4.69600000e-009,-4.85906243e-001
,,,-4.69200000e-009,-5.00000000e-001
,,,-4.68800000e-009,-5.01156271e-001
,,,-4.68400000e-009,-4.90000010e-001
,,,-4.68000000e-009,-4.78718758e-001
,,,-4.67600000e-009,-4.70437497e-001
,,,-4.67200000e-009,-4.71187502e-001
,,,-4.66800000e-009,-4.76999998e-001
,,,-4.66400000e-009,-4.85343754e-001
,,,-4.66000000e-009,-4.83999997e-001
,,,-4.65600000e-009,-4.83999997e-001
,,,-4.65200000e-009,-4.75656271e-001
,,,-4.64800000e-009,-4.77562517e-001
,,,-4.64400000e-009,-4.81312513e-001
,,,-4.64000000e-009,-4.76000011e-001
,,,-4.63600000e-009,-4.74062502e-001
,,,-4.63200000e-009,-4.79843765e-001
,,,-4.62800000e-009,-4.84406263e-001
,,,-4.62400000e-009,-4.92718756e-001
,,,-4.62000000e-009,-5.00000000e-001
,,,-4.61600000e-009,-4.93093759e-001
,,,-4.61200000e-009,-4.93312508e-001
,,,-4.60800000e-009,-4.90718752e-001
,,,-4.60400000e-009,-4.84375000e-001
,,,-4.60000000e-009,-4.87375021e-001
,,,-4.59600000e-009,-4.84375000e-001
,,,-4.59200000e-009,-4.81250018e-001
,,,-4.58800000e-009,-4.76000011e-001
,,,-4.58400000e-009,-4.77468759e-001
,,,-4.58000000e-009,-4.77218747e-001
,,,-4.57600000e-009,-4.83999997e-001
,,,-4.57200000e-009,-4.83999997e-001
,,,-4.56800000e-009,-4.81031269e-001
,,,-4.56400000e-009,-4.81906265e-001
,,,-4.56000000e-009,-4.92000014e-001
,,,-4.55600000e-009,-4.93781269e-001
,,,-4.55200000e-009,-4.87343758e-001
,,,-4.54800000e-009,-4.78562504e-001
,,,-4.54400000e-009,-4.85624999e-001
,,,-4.54000000e-009,-4.83999997e-001
,,,-4.53600000e-009,-4.74156260e-001
,,,-4.53200000e-009,-4.74593759e-001
,,,-4.52800000e-009,-4.78031248e-001
,,,-4.52400000e-009,-4.76125002e-001
,,,-4.52000000e-009,-4.82406259e-001
,,,-4.51600000e-009,-4.83999997e-001
,,,-4.51200000e-009,-4.77968752e-001
,,,-4.50800000e-009,-4.77468759e-001
,,,-4.50400000e-009,-4.77593750e-001
,,,-4.50000000e-009,-4.82125014e-001
,,,-4.49600000e-009,-4.83999997e-001
,,,-4.49200000e-009,-4.83125001e-001
,,,-4.48800000e-009,-4.84593749e-001
,,,-4.48400000e-009,-4.92000014e-001
,,,-4.48000000e-009,-4.88593757e-001
,,,-4.47600000e-009,-4.81500000e-001
,,,-4.47200000e-009,-4.76000011e-001
,,,-4.46800000e-009,-4.72499996e-001
,,,-4.46400000e-009,-4.73031253e-001
,,,-4.46000000e-009,-4.77062494e-001
,,,-4.45600000e-009,-4.77625012e-001
,,,-4.45200000e-009,-4.82031256e-001
,,,-4.44800000e-009,-4.80531245e-001
,,,-4.44400000e-009,-4.78843749e-001
,,,-4.44000000e-009,-4.83999997e-001
,,,-4.43600000e-009,-4.84093755e-001
,,,-4.43200000e-009,-4.75531250e-001
,,,-4.42800000e-009,-4.76000011e-001
,,,-4.42400000e-009,-4.87562507e-001
,,,-4.42000000e-009,-4.92000014e-001
,,,-4.41600000e-009,-4.84125018e-001
,,,-4.41200000e-009,-5.00000000e-001
,,,-4.40800000e-009,-5.04625022e-001
,,,-4.40400000e-009,-4.98750001e-001
,,,-4.40000000e-009,-4.85156268e-001
,,,-4.39600000e-009,-4.75625008e-001
,,,-4.39200000e-009,-4.83999997e-001
,,,-4.38800000e-009,-4.86468762e-001
,,,-4.38400000e-009,-4.78937507e-001
,,,-4.38000000e-009,-4.76000011e-001
,,,-4.37600000e-009,-4.86218750e-001
,,,-4.37200000e-009,-4.94875014e-001
,,,-4.36800000e-009,-4.92593765e-001
,,,-4.36400000e-009,-4.80125010e-001
,,,-4.36000000e-009,-4.83999997e-001
,,,-4.35600000e-009,-4.82468754e-001
,,,-4.35200000e-009,-4.78249997e-001
,,,-4.34800000e-009,-4.83999997e-001
,,,-4.34400000e-009,-4.82218742e-001
,,,-4.34000000e-009,-4.79625016e-001
,,,-4.33600000e-009,-4.81906265e-001
,,,-4.33200000e-009,-4.76937503e-001
,,,-4.32800000e-009,-4.73500013e-001
,,,-4.32400000e-009,-4.74781245e-001
,,,-4.32000000e-009,-4.76000011e-001
,,,-4.31600000e-009,-4.83999997e-001
,,,-4.31200000e-009,-4.90718752e-001
,,,-4.30800000e-009,-4.86093760e-001
,,,-4.30400000e-009,-4.79281247e-001
,,,-4.30000000e-009,-4.82406259e-001
,,,-4.29600000e-009,-4.77593750e-001
,,,-4.29200000e-009,-4.76000011e-001
,,,-4.28800000e-009,-4.73500013e-001
,,,-4.28400000e-009,-4.83468771e-001
,,,-4.28000000e-009,-4.89156246e-001
,,,-4.27600000e-009,-4.89687502e-001
,,,-4.27200000e-009,-4.94187504e-001
,,,-4.26800000e-009,-4.97375011e-001
,,,-4.26400000e-009,-4.91062522e-001
,,,-4.26000000e-009,-4.95968759e-001
,,,-4.25600000e-009,-4.92000014e-001
,,,-4.25200000e-009,-4.78843749e-001
,,,-4.24800000e-009,-4.76000011e-001
,,,-4.24400000e-009,-4.73406255e-001
,,,-4.24000000e-009,-4.76000011e-001
,,,-4.23600000e-009,-4.85187501e-001
,,,-4.23200000e-009,-4.88187522e-001
,,,-4.22800000e-009,-4.84468758e-001
,,,-4.22400000e-009,-4.86343771e-001
,,,-4.22000000e-009,-4.83999997e-001
,,,-4.21600000e-009,-4.80125010e-001
,,,-4.21200000e-009,-4.78468746e-001
,,,-4.20800000e-009,-4.83999997e-001
,,,-4.20400000e-009,-4.80625004e-001
,,,-4.20000000e-009,-4.78406250e-001
,,,-4.19600000e-009,-4.83999997e-001
,,,-4.19200000e-009,-4.81531262e-001
,,,-4.18800000e-009,-4.79562521e-001
,,,-4.18400000e-009,-4.76437509e-001
,,,-4.18000000e-009,-4.76062506e-001
,,,-4.17600000e-009,-4.83031243e-001
,,,-4.17200000e-009,-4.89843756e-001
,,,-4.16800000e-009,-4.87468749e-001
,,,-4.16400000e-009,-4.76718754e-001
,,,-4.16000000e-009,-4.83999997e-001
,,,-4.15600000e-009,-4.86750007e-001
,,,-4.15200000e-009,-4.82593745e-001
,,,-4.14800000e-009,-4.80781257e-001
,,,-4.14400000e-009,-4.77937520e-001
,,,-4.14000000e-009,-4.77718771e-001
,,,-4.13600000e-009,-4.79906261e-001
,,,-4.13200000e-009,-4.87031251e-001
,,,-4.12800000e-009,-4.86812502e-001
,,,-4.12400000e-009,-4.83687520e-001
,,,-4.12000000e-009,-4.83999997e-001
,,,-4.11600000e-009,-4.76031244e-001
,,,-4.11200000e-009,-4.84874994e-001
,,,-4.10800000e-009,-4.83999997e-001
,,,-4.10400000e-009,-4.77750003e-001
,,,-4.10000000e-009,-4.76000011e-001
,,,-4.09600000e-009,-4.78437513e-001
,,,-4.09200000e-009,-4.86687511e-001
,,,-4.08800000e-009,-4.92000014e-001
,,,-4.08400000e-009,-4.87093747e-001
,,,-4.08000000e-009,-4.94000018e-001
,,,-4.07600000e-009,-4.98687506e-001
,,,-4.07200000e-009,-4.92000014e-001
,,,-4.06800000e-009,-4.83999997e-001
,,,-4.06400000e-009,-4.73000020e-001
,,,-4.06000000e-009,-4.79593754e-001
,,,-4.05600000e-009,-4.82031256e-001
,,,-4.05200000e-009,-4.83562499e-001
,,,-4.04800000e-009,-4.83343750e-001
,,,-4.04400000e-009,-4.92843747e-001
,,,-4.04000000e-009,-4.94812518e-001
,,,-4.03600000e-009,-4.88843769e-001
,,,-4.03200000e-009,-4.85624999e-001
,,,-4.02800000e-009,-4.76000011e-001
,,,-4.02400000e-009,-4.85781252e-001
,,,-4.02000000e-009,-4.92000014e-001
,,,-4.01600000e-009,-4.83750015e-001
,,,-4.01200000e-009,-4.92843747e-001
,,,-4.00800000e-009,-4.92000014e-001
,,,-4.00400000e-009,-4.80937511e-001
,,,-4.00000000e-009,-4.79124993e-001
,,,-3.99600000e-009,-4.83999997e-001
,,,-3.99200000e-009,-4.81375009e-001
,,,-3.98800000e-009,-4.83999997e-001
,,,-3.98400000e-009,-4.79843765e-001
,,,-3.98000000e-009,-4.83999997e-001
,,,-3.97600000e-009,-4.79593754e-001
,,,-3.97200000e-009,-4.91468757e-001
,,,-3.96800000e-009,-4.97000009e-001
,,,-3.96400000e-009,-4.88593757e-001
,,,-3.96000000e-009,-4.81562495e-001
,,,-3.95600000e-009,-4.76000011e-001
,,,-3.95200000e-009,-4.78125006e-001
,,,-3.94800000e-009,-4.79406267e-001
,,,-3.94400000e-009,-4.74781245e-001
,,,-3.94000000e-009,-4.84062493e-001
,,,-3.93600000e-009,-4.86187518e-001
,,,-3.93200000e-009,-4.84468758e-001
,,,-3.92800000e-009,-4.96875018e-001
,,,-3.92400000e-009,-4.99406248e-001
,,,-3.92000000e-009,-4.92312521e-001
,,,-3.91600000e-009,-4.78000015e-001
,,,-3.91200000e-009,-4.76000011e-001
,,,-3.90800000e-009,-4.81812507e-001
,,,-3.90400000e-009,-4.81843770e-001
,,,-3.90000000e-009,-4.76000011e-001
,,,-3.89600000e-009,-4.83812511e-001
,,,-3.89200000e-009,-4.83999997e-001
,,,-3.88800000e-009,-4.83999997e-001
,,,-3.88400000e-009,-4.91750002e-001
,,,-3.88000000e-009,-4.86187518e-001
,,,-3.87600000e-009,-4.79000002e-001
,,,-3.87200000e-009,-4.80687499e-001
,,,-3.86800000e-009,-4.80937511e-001
,,,-3.86400000e-009,-4.79937494e-001
,,,-3.86000000e-009,-4.86124992e-001
,,,-3.85600000e-009,-4.88218755e-001
,,,-3.85200000e-009,-4.83000010e-001
,,,-3.84800000e-009,-4.83999997e-001
,,,-3.84400000e-009,-4.81562495e-001
,,,-3.84000000e-009,-4.83999997e-001
,,,-3.83600000e-009,-4.85500008e-001
,,,-3.83200000e-009,-4.90750015e-001
,,,-3.82800000e-009,-4.83999997e-001
,,,-3.82400000e-009,-4.79656249e-001
,,,-3.82000000e-009,-4.83999997e-001
,,,-3.81600000e-009,-4.79281247e-001
,,,-3.81200000e-009,-4.92000014e-001
,,,-3.80800000e-009,-4.92875010e-001
,,,-3.80400000e-009,-4.86718744e-001
,,,-3.80000000e-009,-4.81093764e-001
,,,-3.79600000e-009,-4.76000011e-001
,,,-3.79200000e-009,-4.72656250e-001
,,,-3.78800000e-009,-4.76000011e-001
,,,-3.78400000e-009,-4.77031261e-001
,,,-3.78000000e-009,-4.83999997e-001
,,,-3.77600000e-009,-4.83999997e-001
,,,-3.77200000e-009,-4.89656270e-001
,,,-3.76800000e-009,-4.91718769e-001
,,,-3.76400000e-009,-4.96250004e-001
,,,-3.76000000e-009,-4.96374995e-001
,,,-3.75600000e-009,-4.85406250e-001
,,,-3.75200000e-009,-4.79281247e-001
,,,-3.74800000e-009,-4.75625008e-001
,,,-3.74400000e-009,-4.76718754e-001
,,,-3.74000000e-009,-4.83468771e-001
,,,-3.73600000e-009,-4.86093760e-001
,,,-3.73200000e-009,-4.82968748e-001
,,,-3.72800000e-009,-4.82968748e-001
,,,-3.72400000e-009,-4.83312517e-001
,,,-3.72000000e-009,-4.83999997e-001
,,,-3.71600000e-009,-4.79718745e-001
,,,-3.71200000e-009,-4.76249993e-001
,,,-3.70800000e-009,-4.78156269e-001
,,,-3.70400000e-009,-4.79250014e-001
,,,-3.70000000e-009,-4.84218746e-001
,,,-3.69600000e-009,-4.83999997e-001
,,,-3.69200000e-009,-4.77781266e-001
,,,-3.68800000e-009,-4.75062519e-001
,,,-3.68400000e-009,-4.83999997e-001
,,,-3.68000000e-009,-4.88875002e-001
,,,-3.67600000e-009,-4.90031242e-001
,,,-3.67200000e-009,-4.86031264e-001
,,,-3.66800000e-009,-4.84031260e-001
,,,-3.66400000e-009,-4.78875011e-001
,,,-3.66000000e-009,-4.83999997e-001
,,,-3.65600000e-009,-4.78375018e-001
,,,-3.65200000e-009,-4.82562512e-001
,,,-3.64800000e-009,-4.88625020e-001
,,,-3.64400000e-009,-4.85000014e-001
,,,-3.64000000e-009,-4.83999997e-001
,,,-3.63600000e-009,-4.83999997e-001
,,,-3.63200000e-009,-4.86656249e-001
,,,-3.62800000e-009,-4.79187518e-001
,,,-3.62400000e-009,-4.91093755e-001
,,,-3.62000000e-009,-4.92000014e-001
,,,-3.61600000e-009,-4.89687502e-001
,,,-3.61200000e-009,-4.93968755e-001
,,,-3.60800000e-009,-4.88999993e-001
,,,-3.60400000e-009,-4.80062515e-001
,,,-3.60000000e-009,-4.76843745e-001
,,,-3.59600000e-009,-4.77718771e-001
,,,-3.59200000e-009,-4.85406250e-001
,,,-3.58800000e-009,-4.96093750e-001
,,,-3.58400000e-009,-4.98062521e-001
,,,-3.58000000e-009,-4.90937501e-001
,,,-3.57600000e-009,-4.83999997e-001
,,,-3.57200000e-009,-4.78000015e-001
,,,-3.56800000e-009,-4.90468770e-001
,,,-3.56400000e-009,-5.00000000e-001
,,,-3.56000000e-009,-4.96749997e-001
,,,-3.55600000e-009,-4.82437521e-001
,,,-3.55200000e-009,-4.79250014e-001
,,,-3.54800000e-009,-4.75687504e-001
,,,-3.54400000e-009,-4.78875011e-001
,,,-3.54000000e-009,-4.82718766e-001
,,,-3.53600000e-009,-4.85968769e-001
,,,-3.53200000e-009,-4.84031260e-001
,,,-3.52800000e-009,-4.81031269e-001
,,,-3.52400000e-009,-4.85875010e-001
,,,-3.52000000e-009,-4.83999997e-001
,,,-3.51600000e-009,-4.84625012e-001
,,,-3.51200000e-009,-4.79250014e-001
,,,-3.50800000e-009,-4.92000014e-001
,,,-3.50400000e-009,-4.95187521e-001
,,,-3.50000000e-009,-4.85343754e-001
,,,-3.49600000e-009,-4.81187493e-001
,,,-3.49200000e-009,-4.87343758e-001
,,,-3.48800000e-009,-4.88187522e-001
,,,-3.48400000e-009,-4.79281247e-001
,,,-3.48000000e-009,-4.85031247e-001
,,,-3.47600000e-009,-4.90531266e-001
,,,-3.47200000e-009,-5.00000000e-001
,,,-3.46800000e-009,-4.95750010e-001
,,,-3.46400000e-009,-4.79843765e-001
,,,-3.46000000e-009,-4.76218760e-001
,,,-3.45600000e-009,-4.80062515e-001
,,,-3.45200000e-009,-4.76000011e-001
,,,-3.44800000e-009,-4.83812511e-001
,,,-3.44400000e-009,-4.81062502e-001
,,,-3.44000000e-009,-4.72718745e-001
,,,-3.43600000e-009,-4.81812507e-001
,,,-3.43200000e-009,-4.83999997e-001
,,,-3.42800000e-009,-4.78437513e-001
,,,-3.42400000e-009,-4.83999997e-001
,,,-3.42000000e-009,-4.83999997e-001
,,,-3.41600000e-009,-4.88999993e-001
,,,-3.41200000e-009,-4.82687503e-001
,,,-3.40800000e-009,-4.76000011e-001
,,,-3.40400000e-009,-4.78687495e-001
,,,-3.40000000e-009,-4.86250013e-001
,,,-3.39600000e-009,-4.92000014e-001
,,,-3.39200000e-009,-4.86812502e-001
,,,-3.38800000e-009,-4.84156251e-001
,,,-3.38400000e-009,-4.75718766e-001
,,,-3.38000000e-009,-4.77156252e-001
,,,-3.37600000e-009,-4.83999997e-001
,,,-3.37200000e-009,-4.83062506e-001
,,,-3.36800000e-009,-4.83999997e-001
,,,-3.36400000e-009,-4.83125001e-001
,,,-3.36000000e-009,-4.79375005e-001
,,,-3.35600000e-009,-4.84718770e-001
,,,-3.35200000e-009,-4.82968748e-001
,,,-3.34800000e-009,-4.83999997e-001
,,,-3.34400000e-009,-4.92000014e-001
,,,-3.34000000e-009,-4.91218746e-001
,,,-3.33600000e-009,-4.83999997e-001
,,,-3.33200000e-009,-4.81468767e-001
,,,-3.32800000e-009,-4.83999997e-001
,,,-3.32400000e-009,-4.81124997e-001
,,,-3.32000000e-009,-4.79062498e-001
,,,-3.31600000e-009,-4.84531254e-001
,,,-3.31200000e-009,-4.83999997e-001
,,,-3.30800000e-009,-4.80875015e-001
,,,-3.30400000e-009,-4.92000014e-001
,,,-3.30000000e-009,-4.92687494e-001
,,,-3.29600000e-009,-4.85593766e-001
,,,-3.29200000e-009,-4.76812512e-001
,,,-3.28800000e-009,-4.77625012e-001
,,,-3.28400000e-009,-4.74468768e-001
,,,-3.28000000e-009,-4.76000011e-001
,,,-3.27600000e-009,-4.86312509e-001
,,,-3.27200000e-009,-4.83593762e-001
,,,-3.26800000e-009,-4.75500017e-001
,,,-3.26400000e-009,-4.76750016e-001
,,,-3.26000000e-009,-4.86656249e-001
,,,-3.25600000e-009,-4.89312500e-001
,,,-3.25200000e-009,-4.83999997e-001
,,,-3.24800000e-009,-4.73406255e-001
,,,-3.24400000e-009,-4.77625012e-001
,,,-3.24000000e-009,-4.83750015e-001
,,,-3.23600000e-009,-4.93968755e-001
,,,-3.23200000e-009,-4.92000014e-001
,,,-3.22800000e-009,-4.83062506e-001
,,,-3.22400000e-009,-4.75406259e-001
,,,-3.22000000e-009,-4.76062506e-001
,,,-3.21600000e-009,-4.83999997e-001
,,,-3.21200000e-009,-4.83281255e-001
,,,-3.20800000e-009,-4.78249997e-001
,,,-3.20400000e-009,-4.84312505e-001
,,,-3.20000000e-009,-4.83999997e-001
,,,-3.19600000e-009,-4.83999997e-001
,,,-3.19200000e-009,-4.89843756e-001
,,,-3.18800000e-009,-4.85187501e-001
,,,-3.18400000e-009,-4.81999993e-001
,,,-3.18000000e-009,-4.83999997e-001
,,,-3.17600000e-009,-4.84468758e-001
,,,-3.17200000e-009,-4.83781248e-001
,,,-3.16800000e-009,-4.74968761e-001
,,,-3.16400000e-009,-4.76812512e-001
,,,-3.16000000e-009,-4.86562520e-001
,,,-3.15600000e-009,-4.83999997e-001
,,,-3.15200000e-009,-4.88124996e-001
,,,-3.14800000e-009,-4.84531254e-001
,,,-3.14400000e-009,-4.83999997e-001
,,,-3.14000000e-009,-4.83156264e-001
,,,-3.13600000e-009,-4.80218768e-001
,,,-3.13200000e-009,-4.83999997e-001
,,,-3.12800000e-009,-4.86593753e-001
,,,-3.12400000e-009,-4.77781266e-001
,,,-3.12000000e-009,-4.76000011e-001
,,,-3.11600000e-009,-4.77218747e-001
,,,-3.11200000e-009,-4.90000010e-001
,,,-3.10800000e-009,-5.00000000e-001
,,,-3.10400000e-009,-4.96781260e-001
,,,-3.10000000e-009,-4.82218742e-001
,,,-3.09600000e-009,-4.76000011e-001
,,,-3.09200000e-009,-4.76000011e-001
,,,-3.08800000e-009,-4.79468763e-001
,,,-3.08400000e-009,-4.84874994e-001
,,,-3.08000000e-009,-4.83999997e-001
,,,-3.07600000e-009,-4.83156264e-001
,,,-3.07200000e-009,-4.76000011e-001
,,,-3.06800000e-009,-4.74937499e-001
,,,-3.06400000e-009,-4.83312517e-001
,,,-3.06000000e-009,-4.85562503e-001
,,,-3.05600000e-009,-4.85937506e-001
,,,-3.05200000e-009,-4.84156251e-001
,,,-3.04800000e-009,-4.83687520e-001
,,,-3.04400000e-009,-4.82968748e-001
,,,-3.04000000e-009,-4.86218750e-001
,,,-3.03600000e-009,-4.81250018e-001
,,,-3.03200000e-009,-4.76500005e-001
,,,-3.02800000e-009,-4.74531263e-001
,,,-3.02400000e-009,-4.78468746e-001
,,,-3.02000000e-009,-4.82374996e-001
,,,-3.01600000e-009,-4.90812510e-001
,,,-3.01200000e-009,-4.91406262e-001
,,,-3.00800000e-009,-4.83531266e-001
,,,-3.00400000e-009,-4.83999997e-001
,,,-3.00000000e-009,-4.82406259e-001
,,,-2.99600000e-009,-4.76000011e-001
,,,-2.99200000e-009,-4.77593750e-001
,,,-2.98800000e-009,-4.78000015e-001
,,,-2.98400000e-009,-4.84156251e-001
,,,-2.98000000e-009,-4.83000010e-001
,,,-2.97600000e-009,-4.83999997e-001
,,,-2.97200000e-009,-4.88062501e-001
,,,-2.96800000e-009,-4.83999997e-001
,,,-2.96400000e-009,-4.83156264e-001
,,,-2.96000000e-009,-4.76000011e-001
,,,-2.95600000e-009,-4.81906265e-001
,,,-2.95200000e-009,-4.88625020e-001
,,,-2.94800000e-009,-4.88093764e-001
,,,-2.94400000e-009,-4.80749995e-001
,,,-2.94000000e-009,-4.89875019e-001
,,,-2.93600000e-009,-5.01468778e-001
,,,-2.93200000e-009,-5.00000000e-001
,,,-2.92800000e-009,-4.87187505e-001
,,,-2.92400000e-009,-4.91812497e-001
,,,-2.92000000e-009,-4.92000014e-001
,,,-2.91600000e-009,-4.87875015e-001
,,,-2.91200000e-009,-4.92000014e-001
,,,-2.90800000e-009,-4.88187522e-001
,,,-2.90400000e-009,-5.00000000e-001
,,,-2.90000000e-009,-5.14031231e-001
,,,-2.89600000e-009,-5.14968753e-001
,,,-2.89200000e-009,-5.03812492e-001
,,,-2.88800000e-009,-4.83999997e-001
,,,-2.88400000e-009,-4.86562520e-001
,,,-2.88000000e-009,-4.91218746e-001
,,,-2.87600000e-009,-4.87156272e-001
,,,-2.87200000e-009,-4.82781261e-001
,,,-2.86800000e-009,-4.87562507e-001
,,,-2.86400000e-009,-4.90718752e-001
,,,-2.86000000e-009,-4.86437500e-001
,,,-2.85600000e-009,-4.87593770e-001
,,,-2.85200000e-009,-4.85406250e-001
,,,-2.84800000e-009,-4.97281253e-001
,,,-2.84400000e-009,-5.00000000e-001
,,,-2.84000000e-009,-4.92249995e-001
,,,-2.83600000e-009,-4.77687508e-001
,,,-2.83200000e-009,-4.76000011e-001
,,,-2.82800000e-009,-4.82468754e-001
,,,-2.82400000e-009,-4.86656249e-001
,,,-2.82000000e-009,-4.85750020e-001
,,,-2.81600000e-009,-4.83843744e-001
,,,-2.81200000e-009,-4.83999997e-001
,,,-2.80800000e-009,-4.81937498e-001
,,,-2.80400000e-009,-4.80437517e-001
,,,-2.80000000e-009,-4.84375000e-001
,,,-2.79600000e-009,-4.88937497e-001
,,,-2.79200000e-009,-4.83999997e-001
,,,-2.78800000e-009,-4.87593770e-001
,,,-2.78400000e-009,-4.83999997e-001
,,,-2.78000000e-009,-4.80375022e-001
,,,-2.77600000e-009,-4.82062519e-001
,,,-2.77200000e-009,-4.79437500e-001
,,,-2.76800000e-009,-4.83999997e-001
,,,-2.76400000e-009,-4.83999997e-001
,,,-2.76000000e-009,-4.84031260e-001
,,,-2.75600000e-009,-4.83562499e-001
,,,-2.75200000e-009,-4.77500021e-001
,,,-2.74800000e-009,-4.90343750e-001
,,,-2.74400000e-009,-4.96531248e-001
,,,-2.74000000e-009,-4.94406253e-001
,,,-2.73600000e-009,-4.83999997e-001
,,,-2.73200000e-009,-4.83999997e-001
,,,-2.72800000e-009,-4.79906261e-001
,,,-2.72400000e-009,-4.83999997e-001
,,,-2.72000000e-009,-4.81718749e-001
,,,-2.71600000e-009,-4.81250018e-001
,,,-2.71200000e-009,-4.85812515e-001
,,,-2.70800000e-009,-4.81375009e-001
,,,-2.70400000e-009,-4.74281251e-001
,,,-2.70000000e-009,-4.84874994e-001
,,,-2.69600000e-009,-4.98968750e-001
,,,-2.69200000e-009,-5.04468739e-001
,,,-2.68800000e-009,-5.00000000e-001
,,,-2.68400000e-009,-4.85750020e-001
,,,-2.68000000e-009,-4.77531254e-001
,,,-2.67600000e-009,-4.76000011e-001
,,,-2.67200000e-009,-4.76750016e-001
,,,-2.66800000e-009,-4.71000016e-001
,,,-2.66400000e-009,-4.73406255e-001
,,,-2.66000000e-009,-4.77156252e-001
,,,-2.65600000e-009,-4.77031261e-001
,,,-2.65200000e-009,-4.78593767e-001
,,,-2.64800000e-009,-4.76000011e-001
,,,-2.64400000e-009,-4.74000007e-001
,,,-2.64000000e-009,-4.83999997e-001
,,,-2.63600000e-009,-4.99093771e-001
,,,-2.63200000e-009,-5.01343787e-001
,,,-2.62800000e-009,-4.90906268e-001
,,,-2.62400000e-009,-4.80125010e-001
,,,-2.62000000e-009,-4.81250018e-001
,,,-2.61600000e-009,-4.80031252e-001
,,,-2.61200000e-009,-4.78156269e-001
,,,-2.60800000e-009,-4.76000011e-001
,,,-2.60400000e-009,-4.76187497e-001
,,,-2.60000000e-009,-4.85218763e-001
,,,-2.59600000e-009,-4.83999997e-001
,,,-2.59200000e-009,-4.76875007e-001
,,,-2.58800000e-009,-4.79281247e-001
,,,-2.58400000e-009,-4.90125000e-001
,,,-2.58000000e-009,-4.92000014e-001
,,,-2.57600000e-009,-4.83343750e-001
,,,-2.57200000e-009,-4.78562504e-001
,,,-2.56800000e-009,-4.83999997e-001
,,,-2.56400000e-009,-4.77031261e-001
,,,-2.56000000e-009,-4.88187522e-001
,,,-2.55600000e-009,-4.91781265e-001
,,,-2.55200000e-009,-4.84593749e-001
,,,-2.54800000e-009,-4.86031264e-001
,,,-2.54400000e-009,-4.86531258e-001
,,,-2.54000000e-009,-4.92000014e-001
,,,-2.53600000e-009,-4.83999997e-001
,,,-2.53200000e-009,-4.82281268e-001
,,,-2.52800000e-009,-4.92593765e-001
,,,-2.52400000e-009,-4.92000014e-001
,,,-2.52000000e-009,-4.92000014e-001
,,,-2.51600000e-009,-4.94812518e-001
,,,-2.51200000e-009,-4.88124996e-001
,,,-2.50800000e-009,-4.75749999e-001
,,,-2.50400000e-009,-4.76000011e-001
,,,-2.50000000e-009,-4.70437497e-001
,,,-2.49600000e-009,-4.68562514e-001
,,,-2.49200000e-009,-4.79906261e-001
,,,-2.48800000e-009,-4.84218746e-001
,,,-2.48400000e-009,-4.83375013e-001
,,,-2.48000000e-009,-4.92000014e-001
,,,-2.47600000e-009,-5.01781285e-001
,,,-2.47200000e-009,-4.99437511e-001
,,,-2.46800000e-009,-4.83999997e-001
,,,-2.46400000e-009,-4.75062519e-001
,,,-2.46000000e-009,-4.76000011e-001
,,,-2.45600000e-009,-4.77218747e-001
,,,-2.45200000e-009,-4.83812511e-001
,,,-2.44800000e-009,-4.83718753e-001
,,,-2.44400000e-009,-4.76000011e-001
,,,-2.44000000e-009,-4.79343772e-001
,,,-2.43600000e-009,-4.84062493e-001
,,,-2.43200000e-009,-4.88218755e-001
,,,-2.42800000e-009,-4.86968756e-001
,,,-2.42400000e-009,-4.90218759e-001
,,,-2.42000000e-009,-4.85812515e-001
,,,-2.41600000e-009,-4.79687512e-001
,,,-2.41200000e-009,-4.79093760e-001
,,,-2.40800000e-009,-4.76000011e-001
,,,-2.40400000e-009,-4.78781253e-001
,,,-2.40000000e-009,-4.80312496e-001
,,,-2.39600000e-009,-4.82718766e-001
,,,-2.39200000e-009,-4.78468746e-001
,,,-2.38800000e-009,-4.73281264e-001
,,,-2.38400000e-009,-4.72562522e-001
,,,-2.38000000e-009,-4.78343755e-001
,,,-2.37600000e-009,-4.91062522e-001
,,,-2.37200000e-009,-4.93375003e-001
,,,-2.36800000e-009,-4.83999997e-001
,,,-2.36400000e-009,-4.76000011e-001
,,,-2.36000000e-009,-4.82843757e-001
,,,-2.35600000e-009,-4.81062502e-001
,,,-2.35200000e-009,-4.83999997e-001
,,,-2.34800000e-009,-4.87749994e-001
,,,-2.34400000e-009,-4.81500000e-001
,,,-2.34000000e-009,-4.84031260e-001
,,,-2.33600000e-009,-4.90218759e-001
,,,-2.33200000e-009,-4.83999997e-001
,,,-2.32800000e-009,-4.83999997e-001
,,,-2.32400000e-009,-4.80812520e-001
,,,-2.32000000e-009,-4.77406263e-001
,,,-2.31600000e-009,-4.79312509e-001
,,,-2.31200000e-009,-4.82062519e-001
,,,-2.30800000e-009,-4.92000014e-001
,,,-2.30400000e-009,-4.93843764e-001
,,,-2.30000000e-009,-4.85624999e-001
,,,-2.29600000e-009,-4.87625003e-001
,,,-2.29200000e-009,-4.83999997e-001
,,,-2.28800000e-009,-4.81593758e-001
,,,-2.28400000e-009,-4.81437504e-001
,,,-2.28000000e-009,-4.81250018e-001
,,,-2.27600000e-009,-4.79781270e-001
,,,-2.27200000e-009,-4.92000014e-001
,,,-2.26800000e-009,-4.94312495e-001
,,,-2.26400000e-009,-4.86781269e-001
,,,-2.26000000e-009,-4.83999997e-001
,,,-2.25600000e-009,-4.79781270e-001
,,,-2.25200000e-009,-4.81437504e-001
,,,-2.24800000e-009,-4.76000011e-001
,,,-2.24400000e-009,-4.74812508e-001
,,,-2.24000000e-009,-4.76000011e-001
,,,-2.23600000e-009,-4.76000011e-001
,,,-2.23200000e-009,-4.84281272e-001
,,,-2.22800000e-009,-4.86718744e-001
,,,-2.22400000e-009,-4.82968748e-001
,,,-2.22000000e-009,-4.86343771e-001
,,,-2.21600000e-009,-4.83999997e-001
,,,-2.21200000e-009,-4.89749998e-001
,,,-2.20800000e-009,-5.00000000e-001
,,,-2.20400000e-009,-4.98531252e-001
,,,-2.20000000e-009,-4.92000014e-001
,,,-2.19600000e-009,-4.89062518e-001
,,,-2.19200000e-009,-4.92000014e-001
,,,-2.18800000e-009,-4.97156262e-001
,,,-2.18400000e-009,-4.90343750e-001
,,,-2.18000000e-009,-4.76437509e-001
,,,-2.17600000e-009,-4.80968744e-001
,,,-2.17200000e-009,-4.83999997e-001
,,,-2.16800000e-009,-4.76906270e-001
,,,-2.16400000e-009,-4.81343746e-001
,,,-2.16000000e-009,-4.83999997e-001
,,,-2.15600000e-009,-4.74000007e-001
,,,-2.15200000e-009,-4.79156256e-001
,,,-2.14800000e-009,-4.76468772e-001
,,,-2.14400000e-009,-4.79312509e-001
,,,-2.14000000e-009,-4.76000011e-001
,,,-2.13600000e-009,-4.79250014e-001
,,,-2.13200000e-009,-4.85937506e-001
,,,-2.12800000e-009,-4.83999997e-001
,,,-2.12400000e-009,-4.88124996e-001
,,,-2.12000000e-009,-4.91968751e-001
,,,-2.11600000e-009,-4.93250012e-001
,,,-2.11200000e-009,-4.92000014e-001
,,,-2.10800000e-009,-4.83999997e-001
,,,-2.10400000e-009,-4.81124997e-001
,,,-2.10000000e-009,-4.78906244e-001
,,,-2.09600000e-009,-4.79437500e-001
,,,-2.09200000e-009,-4.86000001e-001
,,,-2.08800000e-009,-4.86375004e-001
,,,-2.08400000e-009,-4.80125010e-001
,,,-2.08000000e-009,-4.76000011e-001
,,,-2.07600000e-009,-4.82781261e-001
,,,-2.07200000e-009,-4.92468745e-001
,,,-2.06800000e-009,-4.94968772e-001
,,,-2.06400000e-009,-4.89312500e-001
,,,-2.06000000e-009,-4.83999997e-001
,,,-2.05600000e-009,-4.81218755e-001
,,,-2.05200000e-009,-4.83999997e-001
,,,-2.04800000e-009,-4.83812511e-001
,,,-2.04400000e-009,-4.74187493e-001
,,,-2.04000000e-009,-4.76000011e-001
,,,-2.03600000e-009,-4.82500017e-001
,,,-2.03200000e-009,-4.93187517e-001
,,,-2.02800000e-009,-4.92000014e-001
,,,-2.02400000e-009,-4.89812493e-001
,,,-2.02000000e-009,-4.92000014e-001
,,,-2.01600000e-009,-4.83093768e-001
,,,-2.01200000e-009,-4.83999997e-001
,,,-2.00800000e-009,-4.76031244e-001
,,,-2.00400000e-009,-4.76000011e-001
,,,-2.00000000e-009,-4.75218743e-001
,,,-1.99600000e-009,-4.76343751e-001
,,,-1.99200000e-009,-4.76000011e-001
,,,-1.98800000e-009,-4.80281264e-001
,,,-1.98400000e-009,-4.84500021e-001
,,,-1.98000000e-009,-4.81312513e-001
,,,-1.97600000e-009,-4.78468746e-001
,,,-1.97200000e-009,-4.83999997e-001
,,,-1.96800000e-009,-4.90687519e-001
,,,-1.96400000e-009,-4.90875006e-001
,,,-1.96000000e-009,-4.84843761e-001
,,,-1.95600000e-009,-4.73843753e-001
,,,-1.95200000e-009,-4.73031253e-001
,,,-1.94800000e-009,-4.76000011e-001
,,,-1.94400000e-009,-4.75687504e-001
,,,-1.94000000e-009,-4.77687508e-001
,,,-1.93600000e-009,-4.83999997e-001
,,,-1.93200000e-009,-4.87156272e-001
,,,-1.92800000e-009,-4.89406258e-001
,,,-1.92400000e-009,-4.91218746e-001
,,,-1.92000000e-009,-4.83999997e-001
,,,-1.91600000e-009,-4.83999997e-001
,,,-1.91200000e-009,-4.80062515e-001
,,,-1.90800000e-009,-4.76000011e-001
,,,-1.90400000e-009,-4.75343764e-001
,,,-1.90000000e-009,-4.83593762e-001
,,,-1.89600000e-009,-4.83999997e-001
,,,-1.89200000e-009,-4.83999997e-001
,,,-1.88800000e-009,-4.78093743e-001
,,,-1.88400000e-009,-4.81437504e-001
,,,-1.88000000e-009,-4.89406258e-001
,,,-1.87600000e-009,-4.99843746e-001
,,,-1.87200000e-009,-5.07906258e-001
,,,-1.86800000e-009,-5.06437480e-001
,,,-1.86400000e-009,-4.95250016e-001
,,,-1.86000000e-009,-4.79343772e-001
,,,-1.85600000e-009,-4.78687495e-001
,,,-1.85200000e-009,-4.78937507e-001
,,,-1.84800000e-009,-4.83999997e-001
,,,-1.84400000e-009,-4.83999997e-001
,,,-1.84000000e-009,-4.80031252e-001
,,,-1.83600000e-009,-4.82843757e-001
,,,-1.83200000e-009,-4.92000014e-001
,,,-1.82800000e-009,-4.89937514e-001
,,,-1.82400000e-009,-4.80281264e-001
,,,-1.82000000e-009,-4.81218755e-001
,,,-1.81600000e-009,-4.89093751e-001
,,,-1.81200000e-009,-5.00000000e-001
,,,-1.80800000e-009,-4.95750010e-001
,,,-1.80400000e-009,-4.81406271e-001
,,,-1.80000000e-009,-4.85062510e-001
,,,-1.79600000e-009,-4.89374995e-001
,,,-1.79200000e-009,-4.83999997e-001
,,,-1.78800000e-009,-4.74906266e-001
,,,-1.78400000e-009,-4.73500013e-001
,,,-1.78000000e-009,-4.83999997e-001
,,,-1.77600000e-009,-4.87031251e-001
,,,-1.77200000e-009,-4.83999997e-001
,,,-1.76800000e-009,-4.81468767e-001
,,,-1.76400000e-009,-4.89125013e-001
,,,-1.76000000e-009,-4.90187496e-001
,,,-1.75600000e-009,-4.83999997e-001
,,,-1.75200000e-009,-4.88812506e-001
,,,-1.74800000e-009,-4.89281267e-001
,,,-1.74400000e-009,-4.92000014e-001
,,,-1.74000000e-009,-4.81875002e-001
,,,-1.73600000e-009,-4.76156265e-001
,,,-1.73200000e-009,-4.82781261e-001
,,,-1.72800000e-009,-4.79312509e-001
,,,-1.72400000e-009,-4.76718754e-001
,,,-1.72000000e-009,-4.83999997e-001
,,,-1.71600000e-009,-4.82687503e-001
,,,-1.71200000e-009,-4.89406258e-001
,,,-1.70800000e-009,-4.92000014e-001
,,,-1.70400000e-009,-4.82906252e-001
,,,-1.70000000e-009,-4.80718762e-001
,,,-1.69600000e-009,-4.88531262e-001
,,,-1.69200000e-009,-4.96374995e-001
,,,-1.68800000e-009,-4.92000014e-001
,,,-1.68400000e-009,-4.79343772e-001
,,,-1.68000000e-009,-4.76000011e-001
,,,-1.67600000e-009,-4.77687508e-001
,,,-1.67200000e-009,-4.76000011e-001
,,,-1.66800000e-009,-4.78375018e-001
,,,-1.66400000e-009,-4.79437500e-001
,,,-1.66000000e-009,-4.83999997e-001
,,,-1.65600000e-009,-4.80125010e-001
,,,-1.65200000e-009,-4.81343746e-001
,,,-1.64800000e-009,-4.83999997e-001
,,,-1.64400000e-009,-4.79312509e-001
,,,-1.64000000e-009,-4.76000011e-001
,,,-1.63600000e-009,-4.72406268e-001
,,,-1.63200000e-009,-4.76000011e-001
,,,-1.62800000e-009,-4.79343772e-001
,,,-1.62400000e-009,-4.83624995e-001
,,,-1.62000000e-009,-4.83999997e-001
,,,-1.61600000e-009,-4.76000011e-001
,,,-1.61200000e-009,-4.78687495e-001
,,,-1.60800000e-009,-4.83999997e-001
,,,-1.60400000e-009,-4.79218751e-001
,,,-1.60000000e-009,-4.76000011e-001
,,,-1.59600000e-009,-4.80218768e-001
,,,-1.59200000e-009,-4.84593749e-001
,,,-1.58800000e-009,-4.82562512e-001
,,,-1.58400000e-009,-4.79625016e-001
,,,-1.58000000e-009,-4.83999997e-001
,,,-1.57600000e-009,-4.80500013e-001
,,,-1.57200000e-009,-4.91468757e-001
,,,-1.56800000e-009,-5.00000000e-001
,,,-1.56400000e-009,-4.96187508e-001
,,,-1.56000000e-009,-4.83343750e-001
,,,-1.55600000e-009,-4.81468767e-001
,,,-1.55200000e-009,-4.79312509e-001
,,,-1.54800000e-009,-4.77281243e-001
,,,-1.54400000e-009,-4.76000011e-001
,,,-1.54000000e-009,-4.77906257e-001
,,,-1.53600000e-009,-4.83999997e-001
,,,-1.53200000e-009,-4.83062506e-001
,,,-1.52800000e-009,-4.77375001e-001
,,,-1.52400000e-009,-4.72250015e-001
,,,-1.52000000e-009,-4.83999997e-001
,,,-1.51600000e-009,-4.84218746e-001
,,,-1.51200000e-009,-4.92000014e-001
,,,-1.50800000e-009,-4.94906247e-001
,,,-1.50400000e-009,-4.90718752e-001
,,,-1.50000000e-009,-4.83999997e-001
,,,-1.49600000e-009,-4.76000011e-001
,,,-1.49200000e-009,-4.76000011e-001
,,,-1.48800000e-009,-4.86499995e-001
,,,-1.48400000e-009,-4.89125013e-001
,,,-1.48000000e-009,-4.84312505e-001
,,,-1.47600000e-009,-4.76375014e-001
,,,-1.47200000e-009,-4.79718745e-001
,,,-1.46800000e-009,-4.87031251e-001
,,,-1.46400000e-009,-4.93312508e-001
,,,-1.46000000e-009,-4.92000014e-001
,,,-1.45600000e-009,-4.92000014e-001
,,,-1.45200000e-009,-4.91343766e-001
,,,-1.44800000e-009,-4.88156259e-001
,,,-1.44400000e-009,-4.88031268e-001
,,,-1.44000000e-009,-4.81187493e-001
,,,-1.43600000e-009,-4.81718749e-001
,,,-1.43200000e-009,-4.73156244e-001
,,,-1.42800000e-009,-4.76000011e-001
,,,-1.42400000e-009,-4.75562513e-001
,,,-1.42000000e-009,-4.77250010e-001
,,,-1.41600000e-009,-4.85781252e-001
,,,-1.41200000e-009,-4.84031260e-001
,,,-1.40800000e-009,-4.86968756e-001
,,,-1.40400000e-009,-4.85249996e-001
,,,-1.40000000e-009,-4.83999997e-001
,,,-1.39600000e-009,-4.76875007e-001
,,,-1.39200000e-009,-4.77843761e-001
,,,-1.38800000e-009,-4.92000014e-001
,,,-1.38400000e-009,-4.92875010e-001
,,,-1.38000000e-009,-4.81500000e-001
,,,-1.37600000e-009,-4.74062502e-001
,,,-1.37200000e-009,-4.83999997e-001
,,,-1.36800000e-009,-4.83062506e-001
,,,-1.36400000e-009,-4.83999997e-001
,,,-1.36000000e-009,-4.82406259e-001
,,,-1.35600000e-009,-4.74687517e-001
,,,-1.35200000e-009,-4.75843757e-001
,,,-1.34800000e-009,-4.81437504e-001
,,,-1.34400000e-009,-4.78718758e-001
,,,-1.34000000e-009,-4.76000011e-001
,,,-1.33600000e-009,-4.79781270e-001
,,,-1.33200000e-009,-4.88187522e-001
,,,-1.32800000e-009,-4.83999997e-001
,,,-1.32400000e-009,-4.89562511e-001
,,,-1.32000000e-009,-4.88437504e-001
,,,-1.31600000e-009,-4.80843753e-001
,,,-1.31200000e-009,-4.89374995e-001
,,,-1.30800000e-009,-4.88562495e-001
,,,-1.30400000e-009,-4.90656257e-001
,,,-1.30000000e-009,-4.92000014e-001
,,,-1.29600000e-009,-4.87218767e-001
,,,-1.29200000e-009,-4.92000014e-001
,,,-1.28800000e-009,-4.92000014e-001
,,,-1.28400000e-009,-4.83031243e-001
,,,-1.28000000e-009,-4.86625016e-001
,,,-1.27600000e-009,-4.83562499e-001
,,,-1.27200000e-009,-4.76000011e-001
,,,-1.26800000e-009,-4.76000011e-001
,,,-1.26400000e-009,-4.82593745e-001
,,,-1.26000000e-009,-4.83999997e-001
,,,-1.25600000e-009,-4.92000014e-001
,,,-1.25200000e-009,-4.94812518e-001
,,,-1.24800000e-009,-4.85593766e-001
,,,-1.24400000e-009,-4.80875015e-001
,,,-1.24000000e-009,-4.84937519e-001
,,,-1.23600000e-009,-4.80093747e-001
,,,-1.23200000e-009,-4.77812499e-001
,,,-1.22800000e-009,-4.88562495e-001
,,,-1.22400000e-009,-4.92468745e-001
,,,-1.22000000e-009,-4.88999993e-001
,,,-1.21600000e-009,-4.83937502e-001
,,,-1.21200000e-009,-4.76000011e-001
,,,-1.20800000e-009,-4.79031265e-001
,,,-1.20400000e-009,-4.77250010e-001
,,,-1.20000000e-009,-4.79593754e-001
,,,-1.19600000e-009,-4.82468754e-001
,,,-1.19200000e-009,-4.92000014e-001
,,,-1.18800000e-009,-4.92281258e-001
,,,-1.18400000e-009,-4.82937515e-001
,,,-1.18000000e-009,-4.77906257e-001
,,,-1.17600000e-009,-4.76437509e-001
,,,-1.17200000e-009,-4.80781257e-001
,,,-1.16800000e-009,-4.92000014e-001
,,,-1.16400000e-009,-4.90875006e-001
,,,-1.16000000e-009,-4.83999997e-001
,,,-1.15600000e-009,-4.82812494e-001
,,,-1.15200000e-009,-4.76187497e-001
,,,-1.14800000e-009,-4.78437513e-001
,,,-1.14400000e-009,-4.80281264e-001
,,,-1.14000000e-009,-4.90687519e-001
,,,-1.13600000e-009,-4.92218763e-001
,,,-1.13200000e-009,-4.83999997e-001
,,,-1.12800000e-009,-4.81156260e-001
,,,-1.12400000e-009,-4.75437492e-001
,,,-1.12000000e-009,-4.82468754e-001
,,,-1.11600000e-009,-4.83999997e-001
,,,-1.11200000e-009,-4.81343746e-001
,,,-1.10800000e-009,-4.85593766e-001
,,,-1.10400000e-009,-4.94718760e-001
,,,-1.10000000e-009,-4.92000014e-001
,,,-1.09600000e-009,-4.85687494e-001
,,,-1.09200000e-009,-4.86187518e-001
,,,-1.08800000e-009,-4.83187497e-001
,,,-1.08400000e-009,-4.81062502e-001
,,,-1.08000000e-009,-4.72906262e-001
,,,-1.07600000e-009,-4.80875015e-001
,,,-1.07200000e-009,-4.92000014e-001
,,,-1.06800000e-009,-4.89593744e-001
,,,-1.06400000e-009,-4.82250005e-001
,,,-1.06000000e-009,-4.88250017e-001
,,,-1.05600000e-009,-4.92000014e-001
,,,-1.05200000e-009,-4.88750011e-001
,,,-1.04800000e-009,-4.78437513e-001
,,,-1.04400000e-009,-4.83812511e-001
,,,-1.04000000e-009,-4.85531271e-001
,,,-1.03600000e-009,-4.83999997e-001
,,,-1.03200000e-009,-4.84812498e-001
,,,-1.02800000e-009,-4.93687510e-001
,,,-1.02400000e-009,-5.00000000e-001
,,,-1.02000000e-009,-4.95000005e-001
,,,-1.01600000e-009,-4.87562507e-001
,,,-1.01200000e-009,-4.88187522e-001
,,,-1.00800000e-009,-5.00000000e-001
,,,-1.00400000e-009,-4.96437520e-001
,,,-1.00000000e-009,-4.80687499e-001
,,,-9.96000000e-010,-4.78625000e-001
,,,-9.92000000e-010,-4.76000011e-001
,,,-9.88000000e-010,-4.77750003e-001
,,,-9.84000000e-010,-4.83281255e-001
,,,-9.80000000e-010,-4.83999997e-001
,,,-9.76000000e-010,-4.87749994e-001
,,,-9.72000000e-010,-4.87250000e-001
,,,-9.68000000e-010,-4.90031242e-001
,,,-9.64000000e-010,-4.92000014e-001
,,,-9.60000000e-010,-4.85406250e-001
,,,-9.56000000e-010,-4.92000014e-001
,,,-9.52000000e-010,-4.88031268e-001
,,,-9.48000000e-010,-4.82718766e-001
,,,-9.44000000e-010,-4.76718754e-001
,,,-9.40000000e-010,-4.76375014e-001
,,,-9.36000000e-010,-4.77593750e-001
,,,-9.32000000e-010,-4.77593750e-001
,,,-9.28000000e-010,-4.81999993e-001
,,,-9.24000000e-010,-4.88843769e-001
,,,-9.20000000e-010,-4.83999997e-001
,,,-9.16000000e-010,-4.84531254e-001
,,,-9.12000000e-010,-4.89875019e-001
,,,-9.08000000e-010,-4.92000014e-001
,,,-9.04000000e-010,-4.81562495e-001
,,,-9.00000000e-010,-4.76000011e-001
,,,-8.96000000e-010,-4.83406246e-001
,,,-8.92000000e-010,-4.81999993e-001
,,,-8.88000000e-010,-4.76000011e-001
,,,-8.84000000e-010,-4.83999997e-001
,,,-8.80000000e-010,-4.87562507e-001
,,,-8.76000000e-010,-4.80281264e-001
,,,-8.72000000e-010,-4.83999997e-001
,,,-8.68000000e-010,-4.83500004e-001
,,,-8.64000000e-010,-4.76000011e-001
,,,-8.60000000e-010,-4.76000011e-001
,,,-8.56000000e-010,-4.80937511e-001
,,,-8.52000000e-010,-4.76375014e-001
,,,-8.48000000e-010,-4.84250009e-001
,,,-8.44000000e-010,-4.93437499e-001
,,,-8.40000000e-010,-4.92000014e-001
,,,-8.36000000e-010,-4.79343772e-001
,,,-8.32000000e-010,-4.88843769e-001
,,,-8.28000000e-010,-4.92000014e-001
,,,-8.24000000e-010,-4.92249995e-001
,,,-8.20000000e-010,-4.89218771e-001
,,,-8.16000000e-010,-4.82781261e-001
,,,-8.12000000e-010,-4.79937494e-001
,,,-8.08000000e-010,-4.83999997e-001
,,,-8.04000000e-010,-4.81843770e-001
,,,-8.00000000e-010,-4.84531254e-001
,,,-7.96000000e-010,-4.79874998e-001
,,,-7.92000000e-010,-4.83999997e-001
,,,-7.88000000e-010,-4.84187514e-001
,,,-7.84000000e-010,-4.92000014e-001
,,,-7.80000000e-010,-4.94906247e-001
,,,-7.76000000e-010,-4.90968764e-001
,,,-7.72000000e-010,-4.85843748e-001
,,,-7.68000000e-010,-4.76312518e-001
,,,-7.64000000e-010,-4.74968761e-001
,,,-7.60000000e-010,-4.85500008e-001
,,,-7.56000000e-010,-4.92000014e-001
,,,-7.52000000e-010,-4.88093764e-001
,,,-7.48000000e-010,-4.76000011e-001
,,,-7.44000000e-010,-4.78781253e-001
,,,-7.40000000e-010,-4.90468770e-001
,,,-7.36000000e-010,-4.92781252e-001
,,,-7.32000000e-010,-4.83999997e-001
,,,-7.28000000e-010,-4.79656249e-001
,,,-7.24000000e-010,-4.83437508e-001
,,,-7.20000000e-010,-4.80031252e-001
,,,-7.16000000e-010,-4.78312492e-001
,,,-7.12000000e-010,-4.80031252e-001
,,,-7.08000000e-010,-4.76000011e-001
,,,-7.04000000e-010,-4.83468771e-001
,,,-7.00000000e-010,-4.90875006e-001
,,,-6.96000000e-010,-4.92000014e-001
,,,-6.92000000e-010,-4.86124992e-001
,,,-6.88000000e-010,-4.85500008e-001
,,,-6.84000000e-010,-4.86468762e-001
,,,-6.80000000e-010,-4.83999997e-001
,,,-6.76000000e-010,-4.76000011e-001
,,,-6.72000000e-010,-4.83999997e-001
,,,-6.68000000e-010,-4.83999997e-001
,,,-6.64000000e-010,-4.83843744e-001
,,,-6.60000000e-010,-4.78062510e-001
,,,-6.56000000e-010,-4.78406250e-001
,,,-6.52000000e-010,-4.77812499e-001
,,,-6.48000000e-010,-4.78812516e-001
,,,-6.44000000e-010,-4.83999997e-001
,,,-6.40000000e-010,-4.79562521e-001
,,,-6.36000000e-010,-4.76000011e-001
,,,-6.32000000e-010,-4.76156265e-001
,,,-6.28000000e-010,-4.80562508e-001
,,,-6.24000000e-010,-4.80531245e-001
,,,-6.20000000e-010,-4.78343755e-001
,,,-6.16000000e-010,-4.83999997e-001
,,,-6.12000000e-010,-4.83468771e-001
,,,-6.08000000e-010,-4.78281260e-001
,,,-6.04000000e-010,-4.79750007e-001
,,,-6.00000000e-010,-4.76906270e-001
,,,-5.96000000e-010,-4.81062502e-001
,,,-5.92000000e-010,-4.87031251e-001
,,,-5.88000000e-010,-4.89687502e-001
,,,-5.84000000e-010,-4.83999997e-001
,,,-5.80000000e-010,-4.83999997e-001
,,,-5.76000000e-010,-4.92000014e-001
,,,-5.72000000e-010,-4.89718765e-001
,,,-5.68000000e-010,-4.78625000e-001
,,,-5.64000000e-010,-4.86375004e-001
,,,-5.60000000e-010,-4.92000014e-001
,,,-5.56000000e-010,-4.92000014e-001
,,,-5.52000000e-010,-4.88437504e-001
,,,-5.48000000e-010,-4.78468746e-001
,,,-5.44000000e-010,-4.73312497e-001
,,,-5.40000000e-010,-4.81687516e-001
,,,-5.36000000e-010,-4.88000005e-001
,,,-5.32000000e-010,-4.92000014e-001
,,,-5.28000000e-010,-4.88843769e-001
,,,-5.24000000e-010,-4.81093764e-001
,,,-5.20000000e-010,-4.76000011e-001
,,,-5.16000000e-010,-4.77781266e-001
,,,-5.12000000e-010,-4.81656253e-001
,,,-5.08000000e-010,-4.92000014e-001
,,,-5.04000000e-010,-4.99031246e-001
,,,-5.00000000e-010,-4.96218771e-001
,,,-4.96000000e-010,-4.90437508e-001
,,,-4.92000000e-010,-4.84531254e-001
,,,-4.88000000e-010,-4.76000011e-001
,,,-4.84000000e-010,-4.69937503e-001
,,,-4.80000000e-010,-4.71406251e-001
,,,-4.76000000e-010,-4.70375001e-001
,,,-4.72000000e-010,-4.77531254e-001
,,,-4.68000000e-010,-4.85062510e-001
,,,-4.64000000e-010,-4.92000014e-001
,,,-4.60000000e-010,-4.90562499e-001
,,,-4.56000000e-010,-4.81343746e-001
,,,-4.52000000e-010,-4.79187518e-001
,,,-4.48000000e-010,-4.83999997e-001
,,,-4.44000000e-010,-4.79406267e-001
,,,-4.40000000e-010,-4.81343746e-001
,,,-4.36000000e-010,-4.87156272e-001
,,,-4.32000000e-010,-4.83999997e-001
,,,-4.28000000e-010,-4.84843761e-001
,,,-4.24000000e-010,-4.82749999e-001
,,,-4.20000000e-010,-4.83187497e-001
,,,-4.16000000e-010,-4.80843753e-001
,,,-4.12000000e-010,-4.80218768e-001
,,,-4.08000000e-010,-4.80187505e-001
,,,-4.04000000e-010,-4.80125010e-001
,,,-4.00000000e-010,-4.82781261e-001
,,,-3.96000000e-010,-4.91125017e-001
,,,-3.92000000e-010,-5.00406265e-001
,,,-3.88000000e-010,-5.00000000e-001
,,,-3.84000000e-010,-4.88843769e-001
,,,-3.80000000e-010,-4.76000011e-001
,,,-3.76000000e-010,-4.75875020e-001
,,,-3.72000000e-010,-4.76218760e-001
,,,-3.68000000e-010,-4.86093760e-001
,,,-3.64000000e-010,-4.95499998e-001
,,,-3.60000000e-010,-4.92000014e-001
,,,-3.56000000e-010,-4.89250004e-001
,,,-3.52000000e-010,-4.83999997e-001
,,,-3.48000000e-010,-4.82500017e-001
,,,-3.44000000e-010,-4.79812503e-001
,,,-3.40000000e-010,-4.90718752e-001
,,,-3.36000000e-010,-4.92000014e-001
,,,-3.32000000e-010,-4.84312505e-001
,,,-3.28000000e-010,-4.83999997e-001
,,,-3.24000000e-010,-4.86781269e-001
,,,-3.20000000e-010,-4.83999997e-001
,,,-3.16000000e-010,-4.81593758e-001
,,,-3.12000000e-010,-4.78718758e-001
,,,-3.08000000e-010,-4.90406245e-001
,,,-3.04000000e-010,-4.92000014e-001
,,,-3.00000000e-010,-4.84468758e-001
,,,-2.96000000e-010,-4.84500021e-001
,,,-2.92000000e-010,-4.83999997e-001
,,,-2.88000000e-010,-4.84156251e-001
,,,-2.84000000e-010,-4.76906270e-001
,,,-2.80000000e-010,-4.76000011e-001
,,,-2.76000000e-010,-4.78843749e-001
,,,-2.72000000e-010,-4.84281272e-001
,,,-2.68000000e-010,-4.83999997e-001
,,,-2.64000000e-010,-4.88562495e-001
,,,-2.60000000e-010,-4.91406262e-001
,,,-2.56000000e-010,-4.83999997e-001
,,,-2.52000000e-010,-4.80000019e-001
,,,-2.48000000e-010,-4.76000011e-001
,,,-2.44000000e-010,-4.77125019e-001
,,,-2.40000000e-010,-4.77968752e-001
,,,-2.36000000e-010,-4.76000011e-001
,,,-2.32000000e-010,-4.78249997e-001
,,,-2.28000000e-010,-4.83999997e-001
,,,-2.24000000e-010,-4.90125000e-001
,,,-2.20000000e-010,-4.84250009e-001
,,,-2.16000000e-010,-4.83999997e-001
,,,-2.12000000e-010,-4.86281246e-001
,,,-2.08000000e-010,-4.81625021e-001
,,,-2.04000000e-010,-4.81718749e-001
,,,-2.00000000e-010,-4.77562517e-001
,,,-1.96000000e-010,-4.76000011e-001
,,,-1.92000000e-010,-4.74156260e-001
,,,-1.88000000e-010,-4.76312518e-001
,,,-1.84000000e-010,-4.79437500e-001
,,,-1.80000000e-010,-4.86250013e-001
,,,-1.76000000e-010,-4.85062510e-001
,,,-1.72000000e-010,-4.76000011e-001
,,,-1.68000000e-010,-4.82281268e-001
,,,-1.64000000e-010,-4.84218746e-001
,,,-1.60000000e-010,-4.83999997e-001
,,,-1.56000000e-010,-4.90843743e-001
,,,-1.52000000e-010,-4.92000014e-001
,,,-1.48000000e-010,-4.90562499e-001
,,,-1.44000000e-010,-4.85812515e-001
,,,-1.40000000e-010,-4.81906265e-001
,,,-1.36000000e-010,-4.83999997e-001
,,,-1.32000000e-010,-4.82593745e-001
,,,-1.28000000e-010,-4.87343758e-001
,,,-1.24000000e-010,-4.83999997e-001
,,,-1.20000000e-010,-4.82312500e-001
,,,-1.16000000e-010,-4.83999997e-001
,,,-1.12000000e-010,-4.80125010e-001
,,,-1.08000000e-010,-4.77687508e-001
,,,-1.04000000e-010,-4.75749999e-001
,,,-1.00000000e-010,-4.79687512e-001
,,,-9.60000000e-011,-4.77093756e-001
,,,-9.20000000e-011,-4.76718754e-001
,,,-8.80000000e-011,-4.81875002e-001
,,,-8.40000000e-011,-4.89781260e-001
,,,-8.00000000e-011,-4.91437495e-001
,,,-7.60000000e-011,-4.83999997e-001
,,,-7.20000000e-011,-4.80749995e-001
,,,-6.80000000e-011,-4.76000011e-001
,,,-6.40000000e-011,-4.76375014e-001
,,,-6.00000000e-011,-4.76000011e-001
,,,-5.60000000e-011,-4.76812512e-001
,,,-5.20000000e-011,-4.89187509e-001
,,,-4.80000000e-011,-4.94062513e-001
,,,-4.40000000e-011,-4.91593748e-001
,,,-4.00000000e-011,-4.83999997e-001
,,,-3.60000000e-011,-4.84531254e-001
,,,-3.20000000e-011,-4.84718770e-001
,,,-2.80000000e-011,-4.81781244e-001
,,,-2.40000000e-011,-4.82562512e-001
,,,-2.00000000e-011,-4.87500012e-001
,,,-1.60000000e-011,-4.92000014e-001
,,,-1.20000000e-011,-4.94093746e-001
,,,-8.00000000e-012,-4.85249996e-001
,,,-4.00000000e-012,-4.73562509e-001
,,,0.00000000e+000,-4.78406250e-001
,,,4.00000000e-012,-4.89468753e-001
,,,8.00000000e-012,-4.90437508e-001
,,,1.20000000e-011,-4.80250001e-001
,,,1.60000000e-011,-4.80875015e-001
,,,2.00000000e-011,-4.81281251e-001
,,,2.40000000e-011,-4.80812520e-001
,,,2.80000000e-011,-4.80000019e-001
,,,3.20000000e-011,-4.78156269e-001
,,,3.60000000e-011,-4.75906253e-001
,,,4.00000000e-011,-4.77874994e-001
,,,4.40000000e-011,-4.81937498e-001
,,,4.80000000e-011,-4.81031269e-001
,,,5.20000000e-011,-4.85906243e-001
,,,5.60000000e-011,-4.84906256e-001
,,,6.00000000e-011,-4.81781244e-001
,,,6.40000000e-011,-4.86062497e-001
,,,6.80000000e-011,-4.83999997e-001
,,,7.20000000e-011,-4.82093751e-001
,,,7.60000000e-011,-4.76843745e-001
,,,8.00000000e-011,-4.80343759e-001
,,,8.40000000e-011,-4.79406267e-001
,,,8.80000000e-011,-4.76468772e-001
,,,9.20000000e-011,-4.73843753e-001
,,,9.60000000e-011,-4.74000007e-001
,,,1.00000000e-010,-4.83999997e-001
,,,1.04000000e-010,-4.83999997e-001
,,,1.08000000e-010,-4.82906252e-001
,,,1.12000000e-010,-4.83500004e-001
,,,1.16000000e-010,-4.81812507e-001
,,,1.20000000e-010,-4.87437516e-001
,,,1.24000000e-010,-4.83999997e-001
,,,1.28000000e-010,-4.76000011e-001
,,,1.32000000e-010,-4.76000011e-001
,,,1.36000000e-010,-4.76000011e-001
,,,1.40000000e-010,-4.76999998e-001
,,,1.44000000e-010,-4.78375018e-001
,,,1.48000000e-010,-4.84406263e-001
,,,1.52000000e-010,-4.83875006e-001
,,,1.56000000e-010,-4.83999997e-001
,,,1.60000000e-010,-4.88281250e-001
,,,1.64000000e-010,-4.81906265e-001
,,,1.68000000e-010,-4.83999997e-001
,,,1.72000000e-010,-4.81343746e-001
,,,1.76000000e-010,-4.86499995e-001
,,,1.80000000e-010,-4.83999997e-001
,,,1.84000000e-010,-4.87000018e-001
,,,1.88000000e-010,-4.82093751e-001
,,,1.92000000e-010,-4.85031247e-001
,,,1.96000000e-010,-4.92781252e-001
,,,2.00000000e-010,-4.92000014e-001
,,,2.04000000e-010,-4.83999997e-001
,,,2.08000000e-010,-4.81000006e-001
,,,2.12000000e-010,-4.76000011e-001
,,,2.16000000e-010,-4.75656271e-001
,,,2.20000000e-010,-4.83687520e-001
,,,2.24000000e-010,-4.88218755e-001
,,,2.28000000e-010,-4.83999997e-001
,,,2.32000000e-010,-4.83999997e-001
,,,2.36000000e-010,-4.80968744e-001
,,,2.40000000e-010,-4.85562503e-001
,,,2.44000000e-010,-4.87218767e-001
,,,2.48000000e-010,-4.80875015e-001
,,,2.52000000e-010,-4.82312500e-001
,,,2.56000000e-010,-4.88437504e-001
,,,2.60000000e-010,-4.86281246e-001
,,,2.64000000e-010,-4.83999997e-001
,,,2.68000000e-010,-4.76000011e-001
,,,2.72000000e-010,-4.77468759e-001
,,,2.76000000e-010,-4.80531245e-001
,,,2.80000000e-010,-4.85531271e-001
,,,2.84000000e-010,-4.87937510e-001
,,,2.88000000e-010,-4.87000018e-001
,,,2.92000000e-010,-4.79250014e-001
,,,2.96000000e-010,-4.86937493e-001
,,,3.00000000e-010,-4.93625015e-001
,,,3.04000000e-010,-4.92000014e-001
,,,3.08000000e-010,-4.87875015e-001
,,,3.12000000e-010,-4.77343768e-001
,,,3.16000000e-010,-4.74562496e-001
,,,3.20000000e-010,-4.82374996e-001
,,,3.24000000e-010,-4.84187514e-001
,,,3.28000000e-010,-4.83999997e-001
,,,3.32000000e-010,-4.78375018e-001
,,,3.36000000e-010,-4.83468771e-001
,,,3.40000000e-010,-4.92000014e-001
,,,3.44000000e-010,-4.92000014e-001
,,,3.48000000e-010,-4.87406254e-001
,,,3.52000000e-010,-4.79562521e-001
,,,3.56000000e-010,-4.88062501e-001
,,,3.60000000e-010,-4.88906264e-001
,,,3.64000000e-010,-4.83999997e-001
,,,3.68000000e-010,-4.91406262e-001
,,,3.72000000e-010,-4.89593744e-001
,,,3.76000000e-010,-4.93125021e-001
,,,3.80000000e-010,-4.92000014e-001
,,,3.84000000e-010,-4.83687520e-001
,,,3.88000000e-010,-4.79406267e-001
,,,3.92000000e-010,-4.83000010e-001
,,,3.96000000e-010,-4.84093755e-001
,,,4.00000000e-010,-4.83999997e-001
,,,4.04000000e-010,-4.83999997e-001
,,,4.08000000e-010,-4.83999997e-001
,,,4.12000000e-010,-4.81906265e-001
,,,4.16000000e-010,-4.85031247e-001
,,,4.20000000e-010,-4.77843761e-001
,,,4.24000000e-010,-4.74562496e-001
,,,4.28000000e-010,-4.79218751e-001
,,,4.32000000e-010,-4.87156272e-001
,,,4.36000000e-010,-4.89875019e-001
,,,4.40000000e-010,-4.92000014e-001
,,,4.44000000e-010,-4.90843743e-001
,,,4.48000000e-010,-4.85125005e-001
,,,4.52000000e-010,-4.76000011e-001
,,,4.56000000e-010,-4.79343772e-001
,,,4.60000000e-010,-4.78781253e-001
,,,4.64000000e-010,-4.83999997e-001
,,,4.68000000e-010,-4.83531266e-001
,,,4.72000000e-010,-4.87937510e-001
,,,4.76000000e-010,-4.83999997e-001
,,,4.80000000e-010,-4.78468746e-001
,,,4.84000000e-010,-4.82250005e-001
,,,4.88000000e-010,-4.85437512e-001
,,,4.92000000e-010,-4.90812510e-001
,,,4.96000000e-010,-4.98406261e-001
,,,5.00000000e-010,-4.92000014e-001
,,,5.04000000e-010,-4.79218751e-001
,,,5.08000000e-010,-4.83999997e-001
,,,5.12000000e-010,-4.79281247e-001
,,,5.16000000e-010,-4.83999997e-001
,,,5.20000000e-010,-4.83562499e-001
,,,5.24000000e-010,-4.80749995e-001
,,,5.28000000e-010,-4.90968764e-001
,,,5.32000000e-010,-4.92000014e-001
,,,5.36000000e-010,-4.83875006e-001
,,,5.40000000e-010,-4.76000011e-001
,,,5.44000000e-010,-4.81343746e-001
,,,5.48000000e-010,-4.83593762e-001
,,,5.52000000e-010,-4.92000014e-001
,,,5.56000000e-010,-4.89281267e-001
,,,5.60000000e-010,-4.74375010e-001
,,,5.64000000e-010,-4.77937520e-001
,,,5.68000000e-010,-4.93437499e-001
,,,5.72000000e-010,-5.00000000e-001
,,,5.76000000e-010,-4.95093763e-001
,,,5.80000000e-010,-4.83999997e-001
,,,5.84000000e-010,-4.83999997e-001
,,,5.88000000e-010,-4.76000011e-001
,,,5.92000000e-010,-4.72187519e-001
,,,5.96000000e-010,-4.76312518e-001
,,,6.00000000e-010,-4.76000011e-001
,,,6.04000000e-010,-4.80218768e-001
,,,6.08000000e-010,-4.78625000e-001
,,,6.12000000e-010,-4.83999997e-001
,,,6.16000000e-010,-4.82937515e-001
,,,6.20000000e-010,-4.76000011e-001
,,,6.24000000e-010,-4.80781257e-001
,,,6.28000000e-010,-4.91343766e-001
,,,6.32000000e-010,-4.92531270e-001
,,,6.36000000e-010,-4.85031247e-001
,,,6.40000000e-010,-4.76000011e-001
,,,6.44000000e-010,-4.77843761e-001
,,,6.48000000e-010,-4.80156243e-001
,,,6.52000000e-010,-4.78625000e-001
,,,6.56000000e-010,-4.74406242e-001
,,,6.60000000e-010,-4.72406268e-001
,,,6.64000000e-010,-4.83218759e-001
,,,6.68000000e-010,-4.84156251e-001
,,,6.72000000e-010,-4.92000014e-001
,,,6.76000000e-010,-4.92375016e-001
,,,6.80000000e-010,-4.92000014e-001
,,,6.84000000e-010,-4.92000014e-001
,,,6.88000000e-010,-4.92000014e-001
,,,6.92000000e-010,-4.89031255e-001
,,,6.96000000e-010,-4.78718758e-001
,,,7.00000000e-010,-4.90500003e-001
,,,7.04000000e-010,-4.93718743e-001
,,,7.08000000e-010,-4.87562507e-001
,,,7.12000000e-010,-4.94749993e-001
,,,7.16000000e-010,-4.92000014e-001
,,,7.20000000e-010,-4.96250004e-001
,,,7.24000000e-010,-4.92000014e-001
,,,7.28000000e-010,-4.93562520e-001
,,,7.32000000e-010,-5.00968754e-001
,,,7.36000000e-010,-4.96968746e-001
,,,7.40000000e-010,-4.82374996e-001
,,,7.44000000e-010,-4.89406258e-001
,,,7.48000000e-010,-4.91281271e-001
,,,7.52000000e-010,-4.87187505e-001
,,,7.56000000e-010,-4.86062497e-001
,,,7.60000000e-010,-4.87343758e-001
,,,7.64000000e-010,-4.85249996e-001
,,,7.68000000e-010,-4.81281251e-001
,,,7.72000000e-010,-4.83999997e-001
,,,7.76000000e-010,-4.79468763e-001
,,,7.80000000e-010,-4.89156246e-001
,,,7.84000000e-010,-4.92000014e-001
,,,7.88000000e-010,-4.80593771e-001
,,,7.92000000e-010,-4.75562513e-001
,,,7.96000000e-010,-4.83999997e-001
,,,8.00000000e-010,-4.84625012e-001
,,,8.04000000e-010,-4.95124996e-001
,,,8.08000000e-010,-4.92000014e-001
,,,8.12000000e-010,-4.76000011e-001
,,,8.16000000e-010,-4.79000002e-001
,,,8.20000000e-010,-4.76624995e-001
,,,8.24000000e-010,-4.78593767e-001
,,,8.28000000e-010,-4.85968769e-001
,,,8.32000000e-010,-4.92093772e-001
,,,8.36000000e-010,-4.84718770e-001
,,,8.40000000e-010,-4.73875016e-001
,,,8.44000000e-010,-4.76000011e-001
,,,8.48000000e-010,-4.83999997e-001
,,,8.52000000e-010,-4.98843759e-001
,,,8.56000000e-010,-5.01031280e-001
,,,8.60000000e-010,-5.00000000e-001
,,,8.64000000e-010,-4.96812493e-001
,,,8.68000000e-010,-4.86281246e-001
,,,8.72000000e-010,-4.88124996e-001
,,,8.76000000e-010,-4.78968769e-001
,,,8.80000000e-010,-4.83999997e-001
,,,8.84000000e-010,-4.92000014e-001
,,,8.88000000e-010,-4.86031264e-001
,,,8.92000000e-010,-4.76000011e-001
,,,8.96000000e-010,-4.76281255e-001
,,,9.00000000e-010,-4.83999997e-001
,,,9.04000000e-010,-4.91500020e-001
,,,9.08000000e-010,-4.92000014e-001
,,,9.12000000e-010,-4.78531271e-001
,,,9.16000000e-010,-4.74718750e-001
,,,9.20000000e-010,-4.83999997e-001
,,,9.24000000e-010,-4.90593761e-001
,,,9.28000000e-010,-4.84625012e-001
,,,9.32000000e-010,-4.76718754e-001
,,,9.36000000e-010,-4.79437500e-001
,,,9.40000000e-010,-4.75687504e-001
,,,9.44000000e-010,-4.76000011e-001
,,,9.48000000e-010,-4.81718749e-001
,,,9.52000000e-010,-4.83937502e-001
,,,9.56000000e-010,-4.87031251e-001
,,,9.60000000e-010,-4.86750007e-001
,,,9.64000000e-010,-4.85218763e-001
,,,9.68000000e-010,-4.85718757e-001
,,,9.72000000e-010,-4.77750003e-001
,,,9.76000000e-010,-4.85968769e-001
,,,9.80000000e-010,-4.83999997e-001
,,,9.84000000e-010,-4.76000011e-001
,,,9.88000000e-010,-4.86187518e-001
,,,9.92000000e-010,-4.92000014e-001
,,,9.96000000e-010,-4.87843752e-001
,,,1.00000000e-009,-4.79218751e-001
,,,1.00400000e-009,-4.83999997e-001
,,,1.00800000e-009,-4.91687506e-001
,,,1.01200000e-009,-4.92000014e-001
,,,1.01600000e-009,-4.90968764e-001
,,,1.02000000e-009,-4.88531262e-001
,,,1.02400000e-009,-4.95718747e-001
,,,1.02800000e-009,-4.97250021e-001
,,,1.03200000e-009,-4.91625011e-001
,,,1.03600000e-009,-4.81656253e-001
,,,1.04000000e-009,-4.83999997e-001
,,,1.04400000e-009,-4.87125009e-001
,,,1.04800000e-009,-4.92000014e-001
,,,1.05200000e-009,-4.97906268e-001
,,,1.05600000e-009,-4.92000014e-001
,,,1.06000000e-009,-4.85875010e-001
,,,1.06400000e-009,-4.87562507e-001
,,,1.06800000e-009,-4.89093751e-001
,,,1.07200000e-009,-4.85937506e-001
,,,1.07600000e-009,-4.76624995e-001
,,,1.08000000e-009,-4.78562504e-001
,,,1.08400000e-009,-4.76968765e-001
,,,1.08800000e-009,-4.76062506e-001
,,,1.09200000e-009,-4.74562496e-001
,,,1.09600000e-009,-4.77500021e-001
,,,1.10000000e-009,-4.86656249e-001
,,,1.10400000e-009,-4.83999997e-001
,,,1.10800000e-009,-4.84312505e-001
,,,1.11200000e-009,-4.83999997e-001
,,,1.11600000e-009,-4.84468758e-001
,,,1.12000000e-009,-4.83999997e-001
,,,1.12400000e-009,-4.83999997e-001
,,,1.12800000e-009,-4.88499999e-001
,,,1.13200000e-009,-4.83687520e-001
,,,1.13600000e-009,-4.73656267e-001
,,,1.14000000e-009,-4.78593767e-001
,,,1.14400000e-009,-4.77250010e-001
,,,1.14800000e-009,-4.78125006e-001
,,,1.15200000e-009,-4.83999997e-001
,,,1.15600000e-009,-4.83624995e-001
,,,1.16000000e-009,-4.80625004e-001
,,,1.16400000e-009,-4.83999997e-001
,,,1.16800000e-009,-4.79156256e-001
,,,1.17200000e-009,-4.81406271e-001
,,,1.17600000e-009,-4.80500013e-001
,,,1.18000000e-009,-4.90218759e-001
,,,1.18400000e-009,-4.94437516e-001
,,,1.18800000e-009,-4.86593753e-001
,,,1.19200000e-009,-4.74999994e-001
,,,1.19600000e-009,-4.81437504e-001
,,,1.20000000e-009,-4.81968760e-001
,,,1.20400000e-009,-4.83750015e-001
,,,1.20800000e-009,-4.99281257e-001
,,,1.21200000e-009,-5.00000000e-001
,,,1.21600000e-009,-4.84812498e-001
,,,1.22000000e-009,-4.76000011e-001
,,,1.22400000e-009,-4.77687508e-001
,,,1.22800000e-009,-5.03156245e-001
,,,1.23200000e-009,-5.16000032e-001
,,,1.23600000e-009,-5.11968732e-001
,,,1.24000000e-009,-4.93031263e-001
,,,1.24400000e-009,-4.83250022e-001
,,,1.24800000e-009,-4.80875015e-001
,,,1.25200000e-009,-4.76500005e-001
,,,1.25600000e-009,-4.76812512e-001
,,,1.26000000e-009,-4.78562504e-001
,,,1.26400000e-009,-4.82093751e-001
,,,1.26800000e-009,-4.85843748e-001
,,,1.27200000e-009,-4.83999997e-001
,,,1.27600000e-009,-4.75593746e-001
,,,1.28000000e-009,-4.76000011e-001
,,,1.28400000e-009,-4.76156265e-001
,,,1.28800000e-009,-4.83999997e-001
,,,1.29200000e-009,-4.84874994e-001
,,,1.29600000e-009,-4.78937507e-001
,,,1.30000000e-009,-4.76000011e-001
,,,1.30400000e-009,-4.77375001e-001
,,,1.30800000e-009,-4.84312505e-001
,,,1.31200000e-009,-4.83937502e-001
,,,1.31600000e-009,-4.77156252e-001
,,,1.32000000e-009,-4.76000011e-001
,,,1.32400000e-009,-4.79968756e-001
,,,1.32800000e-009,-4.80468750e-001
,,,1.33200000e-009,-4.83999997e-001
,,,1.33600000e-009,-4.80843753e-001
,,,1.34000000e-009,-4.80218768e-001
,,,1.34400000e-009,-4.83999997e-001
,,,1.34800000e-009,-4.77687508e-001
,,,1.35200000e-009,-4.76000011e-001
,,,1.35600000e-009,-4.77781266e-001
,,,1.36000000e-009,-4.85593766e-001
,,,1.36400000e-009,-4.83999997e-001
,,,1.36800000e-009,-4.77500021e-001
,,,1.37200000e-009,-4.72812504e-001
,,,1.37600000e-009,-4.76375014e-001
,,,1.38000000e-009,-4.84031260e-001
,,,1.38400000e-009,-4.83999997e-001
,,,1.38800000e-009,-4.83999997e-001
,,,1.39200000e-009,-4.87000018e-001
,,,1.39600000e-009,-4.89062518e-001
,,,1.40000000e-009,-4.82374996e-001
,,,1.40400000e-009,-4.82374996e-001
,,,1.40800000e-009,-4.83999997e-001
,,,1.41200000e-009,-4.82937515e-001
,,,1.41600000e-009,-4.77687508e-001
,,,1.42000000e-009,-4.83999997e-001
,,,1.42400000e-009,-4.82250005e-001
,,,1.42800000e-009,-4.86906260e-001
,,,1.43200000e-009,-4.85437512e-001
,,,1.43600000e-009,-4.83125001e-001
,,,1.44000000e-009,-4.83999997e-001
,,,1.44400000e-009,-4.83999997e-001
,,,1.44800000e-009,-4.85937506e-001
,,,1.45200000e-009,-4.82718766e-001
,,,1.45600000e-009,-4.80718762e-001
,,,1.46000000e-009,-4.81875002e-001
,,,1.46400000e-009,-4.84375000e-001
,,,1.46800000e-009,-4.81375009e-001
,,,1.47200000e-009,-4.81656253e-001
,,,1.47600000e-009,-4.86812502e-001
,,,1.48000000e-009,-4.84125018e-001
,,,1.48400000e-009,-4.83093768e-001
,,,1.48800000e-009,-4.75125015e-001
,,,1.49200000e-009,-4.76343751e-001
,,,1.49600000e-009,-4.81093764e-001
,,,1.50000000e-009,-4.82312500e-001
,,,1.50400000e-009,-4.76000011e-001
,,,1.50800000e-009,-4.76000011e-001
,,,1.51200000e-009,-4.77750003e-001
,,,1.51600000e-009,-4.81968760e-001
,,,1.52000000e-009,-4.80000019e-001
,,,1.52400000e-009,-4.82125014e-001
,,,1.52800000e-009,-4.76000011e-001
,,,1.53200000e-009,-4.76000011e-001
,,,1.53600000e-009,-4.73968744e-001
,,,1.54000000e-009,-4.76000011e-001
,,,1.54400000e-009,-4.73218769e-001
,,,1.54800000e-009,-4.72218752e-001
,,,1.55200000e-009,-4.77218747e-001
,,,1.55600000e-009,-4.77906257e-001
,,,1.56000000e-009,-4.76000011e-001
,,,1.56400000e-009,-4.77187514e-001
,,,1.56800000e-009,-4.76000011e-001
,,,1.57200000e-009,-4.77437496e-001
,,,1.57600000e-009,-4.76718754e-001
,,,1.58000000e-009,-4.82093751e-001
,,,1.58400000e-009,-4.83999997e-001
,,,1.58800000e-009,-4.83999997e-001
,,,1.59200000e-009,-4.87218767e-001
,,,1.59600000e-009,-4.87781256e-001
,,,1.60000000e-009,-4.82250005e-001
,,,1.60400000e-009,-4.76000011e-001
,,,1.60800000e-009,-4.78781253e-001
,,,1.61200000e-009,-4.78750020e-001
,,,1.61600000e-009,-4.74937499e-001
,,,1.62000000e-009,-4.75250006e-001
,,,1.62400000e-009,-4.83999997e-001
,,,1.62800000e-009,-4.82625008e-001
,,,1.63200000e-009,-4.84968752e-001
,,,1.63600000e-009,-4.83656257e-001
,,,1.64000000e-009,-4.76000011e-001
,,,1.64400000e-009,-4.76000011e-001
,,,1.64800000e-009,-4.78937507e-001
,,,1.65200000e-009,-4.88000005e-001
,,,1.65600000e-009,-4.90437508e-001
,,,1.66000000e-009,-4.83999997e-001
,,,1.66400000e-009,-4.85125005e-001
,,,1.66800000e-009,-4.82062519e-001
,,,1.67200000e-009,-4.76843745e-001
,,,1.67600000e-009,-4.81000006e-001
,,,1.68000000e-009,-4.88750011e-001
,,,1.68400000e-009,-4.83999997e-001
,,,1.68800000e-009,-4.82468754e-001
,,,1.69200000e-009,-4.78468746e-001
,,,1.69600000e-009,-4.83687520e-001
,,,1.70000000e-009,-4.83999997e-001
,,,1.70400000e-009,-4.81312513e-001
,,,1.70800000e-009,-4.83999997e-001
,,,1.71200000e-009,-4.84562516e-001
,,,1.71600000e-009,-4.92624998e-001
,,,1.72000000e-009,-5.00000000e-001
,,,1.72400000e-009,-4.94875014e-001
,,,1.72800000e-009,-4.90375012e-001
,,,1.73200000e-009,-4.93218750e-001
,,,1.73600000e-009,-4.83750015e-001
,,,1.74000000e-009,-4.79343772e-001
,,,1.74400000e-009,-4.78937507e-001
,,,1.74800000e-009,-4.83812511e-001
,,,1.75200000e-009,-4.83999997e-001
,,,1.75600000e-009,-4.76343751e-001
,,,1.76000000e-009,-4.83999997e-001
,,,1.76400000e-009,-4.83718753e-001
,,,1.76800000e-009,-4.83999997e-001
,,,1.77200000e-009,-4.87281263e-001
,,,1.77600000e-009,-4.84375000e-001
,,,1.78000000e-009,-4.90750015e-001
,,,1.78400000e-009,-5.00000000e-001
,,,1.78800000e-009,-4.93343771e-001
,,,1.79200000e-009,-4.89843756e-001
,,,1.79600000e-009,-4.90312517e-001
,,,1.80000000e-009,-4.94000018e-001
,,,1.80400000e-009,-4.86812502e-001
,,,1.80800000e-009,-4.80343759e-001
,,,1.81200000e-009,-4.77343768e-001
,,,1.81600000e-009,-4.76000011e-001
,,,1.82000000e-009,-4.82093751e-001
,,,1.82400000e-009,-4.80125010e-001
,,,1.82800000e-009,-4.76000011e-001
,,,1.83200000e-009,-4.78625000e-001
,,,1.83600000e-009,-4.89250004e-001
,,,1.84000000e-009,-5.00874996e-001
,,,1.84400000e-009,-5.00000000e-001
,,,1.84800000e-009,-4.90062505e-001
,,,1.85200000e-009,-4.85249996e-001
,,,1.85600000e-009,-4.83999997e-001
,,,1.86000000e-009,-4.87375021e-001
,,,1.86400000e-009,-4.90156263e-001
,,,1.86800000e-009,-4.86375004e-001
,,,1.87200000e-009,-4.85249996e-001
,,,1.87600000e-009,-4.89031255e-001
,,,1.88000000e-009,-4.92000014e-001
,,,1.88400000e-009,-4.83687520e-001
,,,1.88800000e-009,-4.91593748e-001
,,,1.89200000e-009,-5.00000000e-001
,,,1.89600000e-009,-4.95656252e-001
,,,1.90000000e-009,-4.84312505e-001
,,,1.90400000e-009,-4.83999997e-001
,,,1.90800000e-009,-4.85062510e-001
,,,1.91200000e-009,-4.83999997e-001
,,,1.91600000e-009,-4.92000014e-001
,,,1.92000000e-009,-4.91250008e-001
,,,1.92400000e-009,-4.83999997e-001
,,,1.92800000e-009,-4.78125006e-001
,,,1.93200000e-009,-4.76812512e-001
,,,1.93600000e-009,-4.89968747e-001
,,,1.94000000e-009,-5.03968775e-001
,,,1.94400000e-009,-5.07687509e-001
,,,1.94800000e-009,-5.00000000e-001
,,,1.95200000e-009,-4.82937515e-001
,,,1.95600000e-009,-4.83562499e-001
,,,1.96000000e-009,-4.83999997e-001
,,,1.96400000e-009,-4.75656271e-001
,,,1.96800000e-009,-4.75031257e-001
,,,1.97200000e-009,-4.80749995e-001
,,,1.97600000e-009,-4.83999997e-001
,,,1.98000000e-009,-4.85375017e-001
,,,1.98400000e-009,-4.83999997e-001
,,,1.98800000e-009,-4.92000014e-001
,,,1.99200000e-009,-4.90843743e-001
,,,1.99600000e-009,-4.83343750e-001
,,,2.00000000e-009,-4.84125018e-001
,,,2.00400000e-009,-4.90812510e-001
,,,2.00800000e-009,-4.96500015e-001
,,,2.01200000e-009,-4.92375016e-001
,,,2.01600000e-009,-4.82125014e-001
,,,2.02000000e-009,-4.76281255e-001
,,,2.02400000e-009,-4.81875002e-001
,,,2.02800000e-009,-4.79843765e-001
,,,2.03200000e-009,-4.82687503e-001
,,,2.03600000e-009,-4.76312518e-001
,,,2.04000000e-009,-4.82093751e-001
,,,2.04400000e-009,-4.91562515e-001
,,,2.04800000e-009,-4.92218763e-001
,,,2.05200000e-009,-4.83999997e-001
,,,2.05600000e-009,-4.77406263e-001
,,,2.06000000e-009,-4.80312496e-001
,,,2.06400000e-009,-4.76781249e-001
,,,2.06800000e-009,-4.76000011e-001
,,,2.07200000e-009,-4.84656245e-001
,,,2.07600000e-009,-4.88468766e-001
,,,2.08000000e-009,-4.83999997e-001
,,,2.08400000e-009,-4.76000011e-001
,,,2.08800000e-009,-4.73093748e-001
,,,2.09200000e-009,-4.76500005e-001
,,,2.09600000e-009,-4.80062515e-001
,,,2.10000000e-009,-4.83999997e-001
,,,2.10400000e-009,-4.86156255e-001
,,,2.10800000e-009,-4.92000014e-001
,,,2.11200000e-009,-4.93750006e-001
,,,2.11600000e-009,-4.88968760e-001
,,,2.12000000e-009,-4.89031255e-001
,,,2.12400000e-009,-4.92000014e-001
,,,2.12800000e-009,-4.87937510e-001
,,,2.13200000e-009,-4.81625021e-001
,,,2.13600000e-009,-4.86968756e-001
,,,2.14000000e-009,-4.84874994e-001
,,,2.14400000e-009,-4.78281260e-001
,,,2.14800000e-009,-4.83999997e-001
,,,2.15200000e-009,-4.83999997e-001
,,,2.15600000e-009,-4.79968756e-001
,,,2.16000000e-009,-4.76000011e-001
,,,2.16400000e-009,-4.77093756e-001
,,,2.16800000e-009,-4.83999997e-001
,,,2.17200000e-009,-4.96374995e-001
,,,2.17600000e-009,-4.98093754e-001
,,,2.18000000e-009,-4.89531249e-001
,,,2.18400000e-009,-4.74187493e-001
,,,2.18800000e-009,-4.77218747e-001
,,,2.19200000e-009,-4.79874998e-001
,,,2.19600000e-009,-4.76718754e-001
,,,2.20000000e-009,-4.76000011e-001
,,,2.20400000e-009,-4.80187505e-001
,,,2.20800000e-009,-4.79656249e-001
,,,2.21200000e-009,-4.85437512e-001
,,,2.21600000e-009,-4.84562516e-001
,,,2.22000000e-009,-4.79562521e-001
,,,2.22400000e-009,-4.76000011e-001
,,,2.22800000e-009,-4.80875015e-001
,,,2.23200000e-009,-4.93718743e-001
,,,2.23600000e-009,-4.98062521e-001
,,,2.24000000e-009,-4.92000014e-001
,,,2.24400000e-009,-4.79093760e-001
,,,2.24800000e-009,-4.80781257e-001
,,,2.25200000e-009,-4.85187501e-001
,,,2.25600000e-009,-4.90281254e-001
,,,2.26000000e-009,-4.83999997e-001
,,,2.26400000e-009,-4.76468772e-001
,,,2.26800000e-009,-4.80281264e-001
,,,2.27200000e-009,-4.83999997e-001
,,,2.27600000e-009,-4.81031269e-001
,,,2.28000000e-009,-4.83999997e-001
,,,2.28400000e-009,-4.76281255e-001
,,,2.28800000e-009,-4.84343767e-001
,,,2.29200000e-009,-4.92062509e-001
,,,2.29600000e-009,-4.90031242e-001
,,,2.30000000e-009,-4.84718770e-001
,,,2.30400000e-009,-4.89031255e-001
,,,2.30800000e-009,-4.89500016e-001
,,,2.31200000e-009,-4.92000014e-001
,,,2.31600000e-009,-4.84625012e-001
,,,2.32000000e-009,-4.83999997e-001
,,,2.32400000e-009,-4.77250010e-001
,,,2.32800000e-009,-4.83999997e-001
,,,2.33200000e-009,-4.83906269e-001
,,,2.33600000e-009,-4.86124992e-001
,,,2.34000000e-009,-4.82843757e-001
,,,2.34400000e-009,-4.83999997e-001
,,,2.34800000e-009,-4.79562521e-001
,,,2.35200000e-009,-4.84093755e-001
,,,2.35600000e-009,-4.80187505e-001
,,,2.36000000e-009,-4.82781261e-001
,,,2.36400000e-009,-4.83999997e-001
,,,2.36800000e-009,-4.83999997e-001
,,,2.37200000e-009,-4.88875002e-001
,,,2.37600000e-009,-4.82062519e-001
,,,2.38000000e-009,-4.81968760e-001
,,,2.38400000e-009,-4.92000014e-001
,,,2.38800000e-009,-4.89562511e-001
,,,2.39200000e-009,-4.83437508e-001
,,,2.39600000e-009,-4.80000019e-001
,,,2.40000000e-009,-4.84343767e-001
,,,2.40400000e-009,-4.92000014e-001
,,,2.40800000e-009,-4.86906260e-001
,,,2.41200000e-009,-4.83999997e-001
,,,2.41600000e-009,-4.86812502e-001
,,,2.42000000e-009,-4.83999997e-001
,,,2.42400000e-009,-4.82406259e-001
,,,2.42800000e-009,-4.83999997e-001
,,,2.43200000e-009,-4.78906244e-001
,,,2.43600000e-009,-4.80093747e-001
,,,2.44000000e-009,-4.87656265e-001
,,,2.44400000e-009,-4.90031242e-001
,,,2.44800000e-009,-4.83156264e-001
,,,2.45200000e-009,-4.81437504e-001
,,,2.45600000e-009,-4.83937502e-001
,,,2.46000000e-009,-4.81999993e-001
,,,2.46400000e-009,-4.83125001e-001
,,,2.46800000e-009,-4.89281267e-001
,,,2.47200000e-009,-4.89093751e-001
,,,2.47600000e-009,-4.89468753e-001
,,,2.48000000e-009,-4.82125014e-001
,,,2.48400000e-009,-4.79406267e-001
,,,2.48800000e-009,-4.87343758e-001
,,,2.49200000e-009,-4.90906268e-001
,,,2.49600000e-009,-4.88312513e-001
,,,2.50000000e-009,-4.92000014e-001
,,,2.50400000e-009,-4.87562507e-001
,,,2.50800000e-009,-4.84906256e-001
,,,2.51200000e-009,-4.76000011e-001
,,,2.51600000e-009,-4.76687521e-001
,,,2.52000000e-009,-4.68812495e-001
,,,2.52400000e-009,-4.68062520e-001
,,,2.52800000e-009,-4.70750004e-001
,,,2.53200000e-009,-4.76000011e-001
,,,2.53600000e-009,-4.82531250e-001
,,,2.54000000e-009,-4.84968752e-001
,,,2.54400000e-009,-4.79687512e-001
,,,2.54800000e-009,-4.85031247e-001
,,,2.55200000e-009,-4.82218742e-001
,,,2.55600000e-009,-4.80468750e-001
,,,2.56000000e-009,-4.83999997e-001
,,,2.56400000e-009,-4.83999997e-001
,,,2.56800000e-009,-4.83656257e-001
,,,2.57200000e-009,-4.78218764e-001
,,,2.57600000e-009,-4.77031261e-001
,,,2.58000000e-009,-4.76000011e-001
,,,2.58400000e-009,-4.77968752e-001
,,,2.58800000e-009,-4.78187501e-001
,,,2.59200000e-009,-4.76000011e-001
,,,2.59600000e-009,-4.82406259e-001
,,,2.60000000e-009,-4.84656245e-001
,,,2.60400000e-009,-4.83999997e-001
,,,2.60800000e-009,-4.77375001e-001
,,,2.61200000e-009,-4.77312505e-001
,,,2.61600000e-009,-4.84312505e-001
,,,2.62000000e-009,-4.83999997e-001
,,,2.62400000e-009,-4.80187505e-001
,,,2.62800000e-009,-4.69281256e-001
,,,2.63200000e-009,-4.74375010e-001
,,,2.63600000e-009,-4.83437508e-001
,,,2.64000000e-009,-4.86312509e-001
,,,2.64400000e-009,-4.78093743e-001
,,,2.64800000e-009,-4.83999997e-001
,,,2.65200000e-009,-4.87312496e-001
,,,2.65600000e-009,-4.82968748e-001
,,,2.66000000e-009,-4.92000014e-001
,,,2.66400000e-009,-4.91437495e-001
,,,2.66800000e-009,-4.83999997e-001
,,,2.67200000e-009,-4.92906243e-001
,,,2.67600000e-009,-4.90156263e-001
,,,2.68000000e-009,-4.81500000e-001
,,,2.68400000e-009,-4.83906269e-001
,,,2.68800000e-009,-4.88812506e-001
,,,2.69200000e-009,-4.92000014e-001
,,,2.69600000e-009,-4.81562495e-001
,,,2.70000000e-009,-4.83999997e-001
,,,2.70400000e-009,-4.92000014e-001
,,,2.70800000e-009,-5.01437485e-001
,,,2.71200000e-009,-5.00343740e-001
,,,2.71600000e-009,-4.88843769e-001
,,,2.72000000e-009,-4.77343768e-001
,,,2.72400000e-009,-4.84531254e-001
,,,2.72800000e-009,-4.83999997e-001
,,,2.73200000e-009,-4.77687508e-001
,,,2.73600000e-009,-4.80187505e-001
,,,2.74000000e-009,-4.90500003e-001
,,,2.74400000e-009,-4.92062509e-001
,,,2.74800000e-009,-4.83999997e-001
,,,2.75200000e-009,-4.75312501e-001
,,,2.75600000e-009,-4.81000006e-001
,,,2.76000000e-009,-4.89374995e-001
,,,2.76400000e-009,-4.92000014e-001
,,,2.76800000e-009,-4.84625012e-001
,,,2.77200000e-009,-4.85437512e-001
,,,2.77600000e-009,-4.85062510e-001
,,,2.78000000e-009,-4.83999997e-001
,,,2.78400000e-009,-4.75656271e-001
,,,2.78800000e-009,-4.84093755e-001
,,,2.79200000e-009,-4.92343754e-001
,,,2.79600000e-009,-4.89593744e-001
,,,2.80000000e-009,-4.86124992e-001
,,,2.80400000e-009,-4.92000014e-001
,,,2.80800000e-009,-4.87250000e-001
,,,2.81200000e-009,-4.85000014e-001
,,,2.81600000e-009,-4.86656249e-001
,,,2.82000000e-009,-4.77718771e-001
,,,2.82400000e-009,-4.76000011e-001
,,,2.82800000e-009,-4.76000011e-001
,,,2.83200000e-009,-4.76000011e-001
,,,2.83600000e-009,-4.88124996e-001
,,,2.84000000e-009,-4.98187512e-001
,,,2.84400000e-009,-4.96281266e-001
,,,2.84800000e-009,-4.88312513e-001
,,,2.85200000e-009,-4.83781248e-001
,,,2.85600000e-009,-4.79312509e-001
,,,2.86000000e-009,-4.76000011e-001
,,,2.86400000e-009,-4.77218747e-001
,,,2.86800000e-009,-4.83999997e-001
,,,2.87200000e-009,-4.84187514e-001
,,,2.87600000e-009,-4.85531271e-001
,,,2.88000000e-009,-4.92000014e-001
,,,2.88400000e-009,-4.87718761e-001
,,,2.88800000e-009,-4.81999993e-001
,,,2.89200000e-009,-4.92000014e-001
,,,2.89600000e-009,-4.88531262e-001
,,,2.90000000e-009,-4.83999997e-001
,,,2.90400000e-009,-4.79437500e-001
,,,2.90800000e-009,-4.86499995e-001
,,,2.91200000e-009,-4.83999997e-001
,,,2.91600000e-009,-4.81687516e-001
,,,2.92000000e-009,-4.81437504e-001
,,,2.92400000e-009,-4.79906261e-001
,,,2.92800000e-009,-4.83999997e-001
,,,2.93200000e-009,-4.81531262e-001
,,,2.93600000e-009,-4.84531254e-001
,,,2.94000000e-009,-4.92500007e-001
,,,2.94400000e-009,-4.90593761e-001
,,,2.94800000e-009,-4.79093760e-001
,,,2.95200000e-009,-4.81124997e-001
,,,2.95600000e-009,-4.91281271e-001
,,,2.96000000e-009,-5.00000000e-001
,,,2.96400000e-009,-4.97000009e-001
,,,2.96800000e-009,-4.83312517e-001
,,,2.97200000e-009,-4.83999997e-001
,,,2.97600000e-009,-4.86250013e-001
,,,2.98000000e-009,-4.82406259e-001
,,,2.98400000e-009,-4.79312509e-001
,,,2.98800000e-009,-4.79718745e-001
,,,2.99200000e-009,-4.81031269e-001
,,,2.99600000e-009,-4.84375000e-001
,,,3.00000000e-009,-4.91874993e-001
,,,3.00400000e-009,-4.89531249e-001
,,,3.00800000e-009,-4.78125006e-001
,,,3.01200000e-009,-4.83999997e-001
,,,3.01600000e-009,-4.84281272e-001
,,,3.02000000e-009,-4.79812503e-001
,,,3.02400000e-009,-4.83531266e-001
,,,3.02800000e-009,-4.82312500e-001
,,,3.03200000e-009,-4.91718769e-001
,,,3.03600000e-009,-4.94187504e-001
,,,3.04000000e-009,-4.88843769e-001
,,,3.04400000e-009,-4.83999997e-001
,,,3.04800000e-009,-4.81250018e-001
,,,3.05200000e-009,-4.83999997e-001
,,,3.05600000e-009,-4.85000014e-001
,,,3.06000000e-009,-4.83999997e-001
,,,3.06400000e-009,-4.83999997e-001
,,,3.06800000e-009,-4.86093760e-001
,,,3.07200000e-009,-4.83999997e-001
,,,3.07600000e-009,-4.84656245e-001
,,,3.08000000e-009,-4.83031243e-001
,,,3.08400000e-009,-4.84062493e-001
,,,3.08800000e-009,-4.80406255e-001
,,,3.09200000e-009,-4.83999997e-001
,,,3.09600000e-009,-4.86312509e-001
,,,3.10000000e-009,-4.80375022e-001
,,,3.10400000e-009,-4.76000011e-001
,,,3.10800000e-009,-4.73281264e-001
,,,3.11200000e-009,-4.76000011e-001
,,,3.11600000e-009,-4.83937502e-001
,,,3.12000000e-009,-4.83999997e-001
,,,3.12400000e-009,-4.76281255e-001
,,,3.12800000e-009,-4.83343750e-001
,,,3.13200000e-009,-4.78718758e-001
,,,3.13600000e-009,-4.90250021e-001
,,,3.14000000e-009,-4.92000014e-001
,,,3.14400000e-009,-4.80812520e-001
,,,3.14800000e-009,-4.76187497e-001
,,,3.15200000e-009,-4.78906244e-001
,,,3.15600000e-009,-4.79531258e-001
,,,3.16000000e-009,-4.77062494e-001
,,,3.16400000e-009,-4.83999997e-001
,,,3.16800000e-009,-4.84187514e-001
,,,3.17200000e-009,-4.79750007e-001
,,,3.17600000e-009,-4.77562517e-001
,,,3.18000000e-009,-4.76000011e-001
,,,3.18400000e-009,-4.83999997e-001
,,,3.18800000e-009,-4.84187514e-001
,,,3.19200000e-009,-4.82843757e-001
,,,3.19600000e-009,-4.81343746e-001
,,,3.20000000e-009,-4.77937520e-001
,,,3.20400000e-009,-4.83999997e-001
,,,3.20800000e-009,-4.83999997e-001
,,,3.21200000e-009,-4.83999997e-001
,,,3.21600000e-009,-4.87531245e-001
,,,3.22000000e-009,-4.91156250e-001
,,,3.22400000e-009,-4.84187514e-001
,,,3.22800000e-009,-4.90218759e-001
,,,3.23200000e-009,-5.00000000e-001
,,,3.23600000e-009,-4.97000009e-001
,,,3.24000000e-009,-4.82906252e-001
,,,3.24400000e-009,-4.83999997e-001
,,,3.24800000e-009,-4.80062515e-001
,,,3.25200000e-009,-4.83999997e-001
,,,3.25600000e-009,-4.84312505e-001
,,,3.26000000e-009,-4.83999997e-001
,,,3.26400000e-009,-4.81656253e-001
,,,3.26800000e-009,-4.76000011e-001
,,,3.27200000e-009,-4.74531263e-001
,,,3.27600000e-009,-4.76000011e-001
,,,3.28000000e-009,-4.79312509e-001
,,,3.28400000e-009,-4.87500012e-001
,,,3.28800000e-009,-4.91468757e-001
,,,3.29200000e-009,-4.83999997e-001
,,,3.29600000e-009,-4.82843757e-001
,,,3.30000000e-009,-4.83999997e-001
,,,3.30400000e-009,-4.90156263e-001
,,,3.30800000e-009,-4.86656249e-001
,,,3.31200000e-009,-4.83999997e-001
,,,3.31600000e-009,-4.82125014e-001
,,,3.32000000e-009,-4.78437513e-001
,,,3.32400000e-009,-4.76000011e-001
,,,3.32800000e-009,-4.80156243e-001
,,,3.33200000e-009,-4.78937507e-001
,,,3.33600000e-009,-4.91156250e-001
,,,3.34000000e-009,-4.97375011e-001
,,,3.34400000e-009,-4.92000014e-001
,,,3.34800000e-009,-4.89843756e-001
,,,3.35200000e-009,-4.99156266e-001
,,,3.35600000e-009,-4.98875022e-001
,,,3.36000000e-009,-4.83999997e-001
,,,3.36400000e-009,-4.81593758e-001
,,,3.36800000e-009,-4.83999997e-001
,,,3.37200000e-009,-4.76000011e-001
,,,3.37600000e-009,-4.79968756e-001
,,,3.38000000e-009,-4.76000011e-001
,,,3.38400000e-009,-4.76562500e-001
,,,3.38800000e-009,-4.78781253e-001
,,,3.39200000e-009,-4.76375014e-001
,,,3.39600000e-009,-4.76750016e-001
,,,3.40000000e-009,-4.83999997e-001
,,,3.40400000e-009,-4.83156264e-001
,,,3.40800000e-009,-4.83999997e-001
,,,3.41200000e-009,-4.79156256e-001
,,,3.41600000e-009,-4.78875011e-001
,,,3.42000000e-009,-4.81156260e-001
,,,3.42400000e-009,-4.83999997e-001
,,,3.42800000e-009,-4.80062515e-001
,,,3.43200000e-009,-4.83968765e-001
,,,3.43600000e-009,-4.92000014e-001
,,,3.44000000e-009,-4.92000014e-001
,,,3.44400000e-009,-4.97937500e-001
,,,3.44800000e-009,-4.91062522e-001
,,,3.45200000e-009,-4.89718765e-001
,,,3.45600000e-009,-4.88875002e-001
,,,3.46000000e-009,-5.00312507e-001
,,,3.46400000e-009,-5.08000016e-001
,,,3.46800000e-009,-5.02031267e-001
,,,3.47200000e-009,-4.84687507e-001
,,,3.47600000e-009,-4.74750012e-001
,,,3.48000000e-009,-4.82781261e-001
,,,3.48400000e-009,-4.82687503e-001
,,,3.48800000e-009,-4.83187497e-001
,,,3.49200000e-009,-4.92406249e-001
,,,3.49600000e-009,-4.94375020e-001
,,,3.50000000e-009,-4.97781247e-001
,,,3.50400000e-009,-4.92000014e-001
,,,3.50800000e-009,-4.76000011e-001
,,,3.51200000e-009,-4.79531258e-001
,,,3.51600000e-009,-4.85687494e-001
,,,3.52000000e-009,-4.92000014e-001
,,,3.52400000e-009,-4.92000014e-001
,,,3.52800000e-009,-4.87281263e-001
,,,3.53200000e-009,-5.02812505e-001
,,,3.53600000e-009,-5.08000016e-001
,,,3.54000000e-009,-5.00000000e-001
,,,3.54400000e-009,-4.89062518e-001
,,,3.54800000e-009,-4.89406258e-001
,,,3.55200000e-009,-4.83999997e-001
,,,3.55600000e-009,-4.77187514e-001
,,,3.56000000e-009,-4.80531245e-001
,,,3.56400000e-009,-4.78437513e-001
,,,3.56800000e-009,-4.82343763e-001
,,,3.57200000e-009,-4.87749994e-001
,,,3.57600000e-009,-4.83500004e-001
,,,3.58000000e-009,-4.82468754e-001
,,,3.58400000e-009,-4.83999997e-001
,,,3.58800000e-009,-4.81218755e-001
,,,3.59200000e-009,-4.78781253e-001
,,,3.59600000e-009,-4.80312496e-001
,,,3.60000000e-009,-4.81781244e-001
,,,3.60400000e-009,-4.78031248e-001
,,,3.60800000e-009,-4.76000011e-001
,,,3.61200000e-009,-4.76999998e-001
,,,3.61600000e-009,-4.74031270e-001
,,,3.62000000e-009,-4.83999997e-001
,,,3.62400000e-009,-4.88062501e-001
,,,3.62800000e-009,-4.82406259e-001
,,,3.63200000e-009,-4.79750007e-001
,,,3.63600000e-009,-4.81437504e-001
,,,3.64000000e-009,-4.83999997e-001
,,,3.64400000e-009,-4.78125006e-001
,,,3.64800000e-009,-4.80125010e-001
,,,3.65200000e-009,-4.80062515e-001
,,,3.65600000e-009,-4.78187501e-001
,,,3.66000000e-009,-4.92000014e-001
,,,3.66400000e-009,-4.94812518e-001
,,,3.66800000e-009,-4.83999997e-001
,,,3.67200000e-009,-4.85968769e-001
,,,3.67600000e-009,-4.85406250e-001
,,,3.68000000e-009,-4.78375018e-001
,,,3.68400000e-009,-4.81999993e-001
,,,3.68800000e-009,-4.78656262e-001
,,,3.69200000e-009,-4.83999997e-001
,,,3.69600000e-009,-4.82875019e-001
,,,3.70000000e-009,-4.76437509e-001
,,,3.70400000e-009,-4.79000002e-001
,,,3.70800000e-009,-4.88718748e-001
,,,3.71200000e-009,-4.88250017e-001
,,,3.71600000e-009,-4.82562512e-001
,,,3.72000000e-009,-4.84562516e-001
,,,3.72400000e-009,-4.83999997e-001
,,,3.72800000e-009,-4.83999997e-001
,,,3.73200000e-009,-4.76406246e-001
,,,3.73600000e-009,-4.83968765e-001
,,,3.74000000e-009,-4.83999997e-001
,,,3.74400000e-009,-4.85500008e-001
,,,3.74800000e-009,-4.83999997e-001
,,,3.75200000e-009,-4.77250010e-001
,,,3.75600000e-009,-4.72968757e-001
,,,3.76000000e-009,-4.76000011e-001
,,,3.76400000e-009,-4.76593763e-001
,,,3.76800000e-009,-4.77343768e-001
,,,3.77200000e-009,-4.79937494e-001
,,,3.77600000e-009,-4.77531254e-001
,,,3.78000000e-009,-4.83687520e-001
,,,3.78400000e-009,-4.83999997e-001
,,,3.78800000e-009,-4.88562495e-001
,,,3.79200000e-009,-4.80062515e-001
,,,3.79600000e-009,-4.81750011e-001
,,,3.80000000e-009,-4.82625008e-001
,,,3.80400000e-009,-4.76000011e-001
,,,3.80800000e-009,-4.80531245e-001
,,,3.81200000e-009,-4.76000011e-001
,,,3.81600000e-009,-4.81875002e-001
,,,3.82000000e-009,-4.88812506e-001
,,,3.82400000e-009,-4.87093747e-001
,,,3.82800000e-009,-4.76000011e-001
,,,3.83200000e-009,-4.81437504e-001
,,,3.83600000e-009,-4.83187497e-001
,,,3.84000000e-009,-4.76000011e-001
,,,3.84400000e-009,-4.77406263e-001
,,,3.84800000e-009,-4.84468758e-001
,,,3.85200000e-009,-4.80125010e-001
,,,3.85600000e-009,-4.86124992e-001
,,,3.86000000e-009,-4.92000014e-001
,,,3.86400000e-009,-4.89812493e-001
,,,3.86800000e-009,-4.80968744e-001
,,,3.87200000e-009,-4.77593750e-001
,,,3.87600000e-009,-4.76000011e-001
,,,3.88000000e-009,-4.78968769e-001
,,,3.88400000e-009,-4.79031265e-001
,,,3.88800000e-009,-4.89343762e-001
,,,3.89200000e-009,-4.91281271e-001
,,,3.89600000e-009,-4.83750015e-001
,,,3.90000000e-009,-4.78781253e-001
,,,3.90400000e-009,-4.87500012e-001
,,,3.90800000e-009,-4.84500021e-001
,,,3.91200000e-009,-4.91343766e-001
,,,3.91600000e-009,-4.83999997e-001
,,,3.92000000e-009,-4.80625004e-001
,,,3.92400000e-009,-4.83999997e-001
,,,3.92800000e-009,-4.88906264e-001
,,,3.93200000e-009,-4.87656265e-001
,,,3.93600000e-009,-4.83999997e-001
,,,3.94000000e-009,-4.87281263e-001
,,,3.94400000e-009,-4.87093747e-001
,,,3.94800000e-009,-4.88499999e-001
,,,3.95200000e-009,-4.81843770e-001
,,,3.95600000e-009,-4.87718761e-001
,,,3.96000000e-009,-4.83999997e-001
,,,3.96400000e-009,-4.78437513e-001
,,,3.96800000e-009,-4.79812503e-001
,,,3.97200000e-009,-4.76000011e-001
,,,3.97600000e-009,-4.74843770e-001
,,,3.98000000e-009,-4.76000011e-001
,,,3.98400000e-009,-4.77593750e-001
,,,3.98800000e-009,-4.83999997e-001
,,,3.99200000e-009,-4.81781244e-001
,,,3.99600000e-009,-4.76218760e-001
,,,4.00000000e-009,-4.74718750e-001
,,,4.00400000e-009,-4.72187519e-001
,,,4.00800000e-009,-4.77375001e-001
,,,4.01200000e-009,-4.76000011e-001
,,,4.01600000e-009,-4.76281255e-001
,,,4.02000000e-009,-4.88093764e-001
,,,4.02400000e-009,-4.92000014e-001
,,,4.02800000e-009,-4.86218750e-001
,,,4.03200000e-009,-4.77750003e-001
,,,4.03600000e-009,-4.76062506e-001
,,,4.04000000e-009,-4.76312518e-001
,,,4.04400000e-009,-4.92000014e-001
,,,4.04800000e-009,-4.98875022e-001
,,,4.05200000e-009,-4.93250012e-001
,,,4.05600000e-009,-4.76875007e-001
,,,4.06000000e-009,-4.76000011e-001
,,,4.06400000e-009,-4.80593771e-001
,,,4.06800000e-009,-4.78593767e-001
,,,4.07200000e-009,-4.76000011e-001
,,,4.07600000e-009,-4.80593771e-001
,,,4.08000000e-009,-4.76437509e-001
,,,4.08400000e-009,-4.80781257e-001
,,,4.08800000e-009,-4.85125005e-001
,,,4.09200000e-009,-4.81999993e-001
,,,4.09600000e-009,-4.83999997e-001
,,,4.10000000e-009,-4.88875002e-001
,,,4.10400000e-009,-4.82937515e-001
,,,4.10800000e-009,-4.76000011e-001
,,,4.11200000e-009,-4.76750016e-001
,,,4.11600000e-009,-4.78031248e-001
,,,4.12000000e-009,-4.86031264e-001
,,,4.12400000e-009,-5.00000000e-001
,,,4.12800000e-009,-4.99031246e-001
,,,4.13200000e-009,-4.92218763e-001
,,,4.13600000e-009,-4.97281253e-001
,,,4.14000000e-009,-4.92000014e-001
,,,4.14400000e-009,-4.88000005e-001
,,,4.14800000e-009,-4.80562508e-001
,,,4.15200000e-009,-4.85937506e-001
,,,4.15600000e-009,-4.84375000e-001
,,,4.16000000e-009,-4.78249997e-001
,,,4.16400000e-009,-4.84031260e-001
,,,4.16800000e-009,-4.92000014e-001
,,,4.17200000e-009,-4.88625020e-001
,,,4.17600000e-009,-4.85562503e-001
,,,4.18000000e-009,-4.87875015e-001
,,,4.18400000e-009,-4.77874994e-001
,,,4.18800000e-009,-4.80406255e-001
,,,4.19200000e-009,-4.84781265e-001
,,,4.19600000e-009,-4.88437504e-001
,,,4.20000000e-009,-4.85218763e-001
,,,4.20400000e-009,-4.85531271e-001
,,,4.20800000e-009,-4.76687521e-001
,,,4.21200000e-009,-4.83593762e-001
,,,4.21600000e-009,-4.97656256e-001
,,,4.22000000e-009,-5.00812531e-001
,,,4.22400000e-009,-4.92000014e-001
,,,4.22800000e-009,-4.96312499e-001
,,,4.23200000e-009,-4.94562507e-001
,,,4.23600000e-009,-4.86281246e-001
,,,4.24000000e-009,-4.79343772e-001
,,,4.24400000e-009,-4.82625008e-001
,,,4.24800000e-009,-4.79750007e-001
,,,4.25200000e-009,-4.77687508e-001
,,,4.25600000e-009,-4.84562516e-001
,,,4.26000000e-009,-4.90218759e-001
,,,4.26400000e-009,-5.00000000e-001
,,,4.26800000e-009,-4.93968755e-001
,,,4.27200000e-009,-4.88062501e-001
,,,4.27600000e-009,-4.84625012e-001
,,,4.28000000e-009,-4.81093764e-001
,,,4.28400000e-009,-4.76406246e-001
,,,4.28800000e-009,-4.83999997e-001
,,,4.29200000e-009,-4.88750011e-001
,,,4.29600000e-009,-4.83999997e-001
,,,4.30000000e-009,-4.90312517e-001
,,,4.30400000e-009,-4.87718761e-001
,,,4.30800000e-009,-5.00000000e-001
,,,4.31200000e-009,-4.99687493e-001
,,,4.31600000e-009,-4.94187504e-001
,,,4.32000000e-009,-4.91312504e-001
,,,4.32400000e-009,-4.94968772e-001
,,,4.32800000e-009,-5.00000000e-001
,,,4.33200000e-009,-4.91500020e-001
,,,4.33600000e-009,-4.89968747e-001
,,,4.34000000e-009,-4.92343754e-001
,,,4.34400000e-009,-4.88250017e-001
,,,4.34800000e-009,-4.82593745e-001
,,,4.35200000e-009,-4.83999997e-001
,,,4.35600000e-009,-4.89906251e-001
,,,4.36000000e-009,-4.83999997e-001
,,,4.36400000e-009,-4.85468745e-001
,,,4.36800000e-009,-4.89718765e-001
,,,4.37200000e-009,-4.83999997e-001
,,,4.37600000e-009,-4.83406246e-001
,,,4.38000000e-009,-4.92000014e-001
,,,4.38400000e-009,-4.89906251e-001
,,,4.38800000e-009,-4.86531258e-001
,,,4.39200000e-009,-4.91781265e-001
,,,4.39600000e-009,-5.00000000e-001
,,,4.40000000e-009,-4.96218771e-001
,,,4.40400000e-009,-4.89593744e-001
,,,4.40800000e-009,-4.87281263e-001
,,,4.41200000e-009,-4.85687494e-001
,,,4.41600000e-009,-4.84500021e-001
,,,4.42000000e-009,-4.92000014e-001
,,,4.42400000e-009,-4.88812506e-001
,,,4.42800000e-009,-4.83999997e-001
,,,4.43200000e-009,-4.83031243e-001
,,,4.43600000e-009,-4.83999997e-001
,,,4.44000000e-009,-4.84906256e-001
,,,4.44400000e-009,-4.92000014e-001
,,,4.44800000e-009,-4.96343762e-001
,,,4.45200000e-009,-4.91562515e-001
,,,4.45600000e-009,-4.83999997e-001
,,,4.46000000e-009,-4.83999997e-001
,,,4.46400000e-009,-4.81124997e-001
,,,4.46800000e-009,-4.76718754e-001
,,,4.47200000e-009,-4.78468746e-001
,,,4.47600000e-009,-4.89250004e-001
,,,4.48000000e-009,-4.93750006e-001
,,,4.48400000e-009,-4.86343771e-001
,,,4.48800000e-009,-4.88312513e-001
,,,4.49200000e-009,-4.99906272e-001
,,,4.49600000e-009,-5.00000000e-001
,,,4.50000000e-009,-4.87500012e-001
,,,4.50400000e-009,-4.75593746e-001
,,,4.50800000e-009,-4.83999997e-001
,,,4.51200000e-009,-4.86656249e-001
,,,4.51600000e-009,-4.82281268e-001
,,,4.52000000e-009,-4.87843752e-001
,,,4.52400000e-009,-4.83999997e-001
,,,4.52800000e-009,-4.92000014e-001
,,,4.53200000e-009,-4.87156272e-001
,,,4.53600000e-009,-4.79000002e-001
,,,4.54000000e-009,-4.82187510e-001
,,,4.54400000e-009,-4.79906261e-001
,,,4.54800000e-009,-4.74843770e-001
,,,4.55200000e-009,-4.76750016e-001
,,,4.55600000e-009,-4.76000011e-001
,,,4.56000000e-009,-4.76812512e-001
,,,4.56400000e-009,-4.79874998e-001
,,,4.56800000e-009,-4.77468759e-001
,,,4.57200000e-009,-4.76000011e-001
,,,4.57600000e-009,-4.77218747e-001
,,,4.58000000e-009,-4.84625012e-001
,,,4.58400000e-009,-4.81218755e-001
,,,4.58800000e-009,-4.76000011e-001
,,,4.59200000e-009,-4.81281251e-001
,,,4.59600000e-009,-4.85218763e-001
,,,4.60000000e-009,-4.80156243e-001
,,,4.60400000e-009,-4.83250022e-001
,,,4.60800000e-009,-4.83999997e-001
,,,4.61200000e-009,-4.83218759e-001
,,,4.61600000e-009,-4.78656262e-001
,,,4.62000000e-009,-4.83999997e-001
,,,4.62400000e-009,-4.83999997e-001
,,,4.62800000e-009,-4.76656258e-001
,,,4.63200000e-009,-4.78718758e-001
,,,4.63600000e-009,-4.82250005e-001
,,,4.64000000e-009,-4.81968760e-001
,,,4.64400000e-009,-4.83999997e-001
,,,4.64800000e-009,-4.77874994e-001
,,,4.65200000e-009,-4.77281243e-001
,,,4.65600000e-009,-4.78562504e-001
,,,4.66000000e-009,-4.83999997e-001
,,,4.66400000e-009,-4.87593770e-001
,,,4.66800000e-009,-4.83999997e-001
,,,4.67200000e-009,-4.80718762e-001
,,,4.67600000e-009,-4.80406255e-001
,,,4.68000000e-009,-4.77281243e-001
,,,4.68400000e-009,-4.72750008e-001
,,,4.68800000e-009,-4.79531258e-001
,,,4.69200000e-009,-4.80343759e-001
,,,4.69600000e-009,-4.86312509e-001
,,,4.70000000e-009,-4.90125000e-001
,,,4.70400000e-009,-4.87468749e-001
,,,4.70800000e-009,-4.88750011e-001
,,,4.71200000e-009,-4.83999997e-001
,,,4.71600000e-009,-4.87156272e-001
,,,4.72000000e-009,-4.83999997e-001
,,,4.72400000e-009,-4.82937515e-001
,,,4.72800000e-009,-4.92312521e-001
,,,4.73200000e-009,-4.92000014e-001
,,,4.73600000e-009,-4.85406250e-001
,,,4.74000000e-009,-4.79718745e-001
,,,4.74400000e-009,-4.83999997e-001
,,,4.74800000e-009,-4.83999997e-001
,,,4.75200000e-009,-4.89781260e-001
,,,4.75600000e-009,-4.85812515e-001
,,,4.76000000e-009,-4.83999997e-001
,,,4.76400000e-009,-4.80968744e-001
,,,4.76800000e-009,-4.86874998e-001
,,,4.77200000e-009,-4.89625007e-001
,,,4.77600000e-009,-4.83999997e-001
,,,4.78000000e-009,-4.83999997e-001
,,,4.78400000e-009,-4.79937494e-001
,,,4.78800000e-009,-4.81468767e-001
,,,4.79200000e-009,-4.83999997e-001
,,,4.79600000e-009,-4.76656258e-001
,,,4.80000000e-009,-4.73218769e-001
,,,4.80400000e-009,-4.72812504e-001
,,,4.80800000e-009,-4.78437513e-001
,,,4.81200000e-009,-4.83437508e-001
,,,4.81600000e-009,-4.81843770e-001
,,,4.82000000e-009,-4.82656270e-001
,,,4.82400000e-009,-4.79124993e-001
,,,4.82800000e-009,-4.77843761e-001
,,,4.83200000e-009,-4.77656245e-001
,,,4.83600000e-009,-4.84031260e-001
,,,4.84000000e-009,-4.83999997e-001
,,,4.84400000e-009,-4.80437517e-001
,,,4.84800000e-009,-4.78781253e-001
,,,4.85200000e-009,-4.83999997e-001
,,,4.85600000e-009,-4.81343746e-001
,,,4.86000000e-009,-4.76000011e-001
,,,4.86400000e-009,-4.75218743e-001
,,,4.86800000e-009,-4.79312509e-001
,,,4.87200000e-009,-4.78812516e-001
,,,4.87600000e-009,-4.78531271e-001
,,,4.88000000e-009,-4.80781257e-001
,,,4.88400000e-009,-4.92187500e-001
,,,4.88800000e-009,-4.96468753e-001
,,,4.89200000e-009,-4.92000014e-001
,,,4.89600000e-009,-4.82749999e-001
,,,4.90000000e-009,-4.84250009e-001
,,,4.90400000e-009,-4.90781248e-001
,,,4.90800000e-009,-4.95718747e-001
,,,4.91200000e-009,-4.89937514e-001
,,,4.91600000e-009,-4.85468745e-001
,,,4.92000000e-009,-4.83999997e-001
,,,4.92400000e-009,-4.86156255e-001
,,,4.92800000e-009,-4.86156255e-001
,,,4.93200000e-009,-4.78406250e-001
,,,4.93600000e-009,-4.87062514e-001
,,,4.94000000e-009,-4.86499995e-001
,,,4.94400000e-009,-4.78156269e-001
,,,4.94800000e-009,-4.80937511e-001
,,,4.95200000e-009,-4.76000011e-001
,,,4.95600000e-009,-4.79781270e-001
,,,4.96000000e-009,-4.83999997e-001
,,,4.96400000e-009,-4.79156256e-001
,,,4.96800000e-009,-4.76000011e-001
,,,4.97200000e-009,-4.78781253e-001
,,,4.97600000e-009,-4.85812515e-001
,,,4.98000000e-009,-4.83999997e-001
,,,4.98400000e-009,-4.83999997e-001
,,,4.98800000e-009,-4.89531249e-001
,,,4.99200000e-009,-4.93218750e-001
,,,4.99600000e-009,-4.86843765e-001
,,,5.00000000e-009,-4.80375022e-001
,,,5.00400000e-009,-4.87218767e-001
,,,5.00800000e-009,-4.87687498e-001
,,,5.01200000e-009,-4.83093768e-001
,,,5.01600000e-009,-4.87687498e-001
,,,5.02000000e-009,-4.89343762e-001
,,,5.02400000e-009,-4.86718744e-001
,,,5.02800000e-009,-4.84718770e-001
,,,5.03200000e-009,-4.81406271e-001
,,,5.03600000e-009,-4.78249997e-001
,,,5.04000000e-009,-4.81812507e-001
,,,5.04400000e-009,-4.82062519e-001
,,,5.04800000e-009,-4.83000010e-001
,,,5.05200000e-009,-4.80749995e-001
,,,5.05600000e-009,-4.80531245e-001
,,,5.06000000e-009,-4.83999997e-001
,,,5.06400000e-009,-4.85218763e-001
,,,5.06800000e-009,-4.82937515e-001
,,,5.07200000e-009,-4.83624995e-001
,,,5.07600000e-009,-4.80000019e-001
,,,5.08000000e-009,-4.86093760e-001
,,,5.08400000e-009,-4.92000014e-001
,,,5.08800000e-009,-4.91406262e-001
,,,5.09200000e-009,-4.92000014e-001
,,,5.09600000e-009,-4.85125005e-001
,,,5.10000000e-009,-4.83218759e-001
,,,5.10400000e-009,-4.92000014e-001
,,,5.10800000e-009,-4.89531249e-001
,,,5.11200000e-009,-4.77406263e-001
,,,5.11600000e-009,-4.84375000e-001
,,,5.12000000e-009,-4.85000014e-001
,,,5.12400000e-009,-4.83999997e-001
,,,5.12800000e-009,-4.88812506e-001
,,,5.13200000e-009,-4.92000014e-001
,,,5.13600000e-009,-5.08968771e-001
,,,5.14000000e-009,-5.12531281e-001
,,,5.14400000e-009,-5.02375007e-001
,,,5.14800000e-009,-4.83437508e-001
,,,5.15200000e-009,-4.74687517e-001
,,,5.15600000e-009,-4.72093761e-001
,,,5.16000000e-009,-4.73374993e-001
,,,5.16400000e-009,-4.81500000e-001
,,,5.16800000e-009,-4.83999997e-001
,,,5.17200000e-009,-4.83593762e-001
,,,5.17600000e-009,-4.80781257e-001
,,,5.18000000e-009,-4.78031248e-001
,,,5.18400000e-009,-4.79812503e-001
,,,5.18800000e-009,-4.89843756e-001
,,,5.19200000e-009,-4.92000014e-001
,,,5.19600000e-009,-4.79343772e-001
,,,5.20000000e-009,-4.83999997e-001
,,,5.20400000e-009,-4.79718745e-001
,,,5.20800000e-009,-4.78093743e-001
,,,5.21200000e-009,-4.76468772e-001
,,,5.21600000e-009,-4.73562509e-001
,,,5.22000000e-009,-4.78468746e-001
,,,5.22400000e-009,-4.82031256e-001
,,,5.22800000e-009,-4.76000011e-001
,,,5.23200000e-009,-4.76093769e-001
,,,5.23600000e-009,-4.89156246e-001
,,,5.24000000e-009,-4.91062522e-001
,,,5.24400000e-009,-4.93375003e-001
,,,5.24800000e-009,-4.83999997e-001
,,,5.25200000e-009,-4.83437508e-001
,,,5.25600000e-009,-4.75468755e-001
,,,5.26000000e-009,-4.76000011e-001
,,,5.26400000e-009,-4.77874994e-001
,,,5.26800000e-009,-4.83999997e-001
,,,5.27200000e-009,-4.82937515e-001
,,,5.27600000e-009,-4.81593758e-001
,,,5.28000000e-009,-4.77468759e-001
,,,5.28400000e-009,-4.83999997e-001
,,,5.28800000e-009,-4.88999993e-001
,,,5.29200000e-009,-4.86625016e-001
,,,5.29600000e-009,-4.92375016e-001
,,,5.30000000e-009,-4.96187508e-001
,,,5.30400000e-009,-4.92000014e-001
,,,5.30800000e-009,-4.79531258e-001
,,,5.31200000e-009,-4.71468747e-001
,,,5.31600000e-009,-4.92031246e-001
,,,5.32000000e-009,-5.00000000e-001
,,,5.32400000e-009,-4.92562503e-001
,,,5.32800000e-009,-4.78656262e-001
,,,5.33200000e-009,-4.76000011e-001
,,,5.33600000e-009,-4.76906270e-001
,,,5.34000000e-009,-4.81875002e-001
,,,5.34400000e-009,-4.83093768e-001
,,,5.34800000e-009,-4.82500017e-001
,,,5.35200000e-009,-4.76000011e-001
,,,5.35600000e-009,-4.77812499e-001
,,,5.36000000e-009,-4.76000011e-001
,,,5.36400000e-009,-4.71406251e-001
,,,5.36800000e-009,-4.78375018e-001
,,,5.37200000e-009,-4.80968744e-001
,,,5.37600000e-009,-4.80531245e-001
,,,5.38000000e-009,-4.83999997e-001
,,,5.38400000e-009,-4.81062502e-001
,,,5.38800000e-009,-4.79281247e-001
,,,5.39200000e-009,-4.83999997e-001
,,,5.39600000e-009,-4.83937502e-001
,,,5.40000000e-009,-4.79000002e-001
,,,5.40400000e-009,-4.83999997e-001
,,,5.40800000e-009,-4.85093743e-001
,,,5.41200000e-009,-4.77093756e-001
,,,5.41600000e-009,-4.75125015e-001
,,,5.42000000e-009,-4.79062498e-001
,,,5.42400000e-009,-4.81531262e-001
,,,5.42800000e-009,-4.87062514e-001
,,,5.43200000e-009,-4.97343749e-001
,,,5.43600000e-009,-4.96374995e-001
,,,5.44000000e-009,-4.83999997e-001
,,,5.44400000e-009,-4.80125010e-001
,,,5.44800000e-009,-4.78625000e-001
,,,5.45200000e-009,-4.83999997e-001
,,,5.45600000e-009,-4.85562503e-001
,,,5.46000000e-009,-4.85500008e-001
,,,5.46400000e-009,-4.76781249e-001
,,,5.46800000e-009,-4.71156269e-001
,,,5.47200000e-009,-4.76000011e-001
,,,5.47600000e-009,-4.74593759e-001
,,,5.48000000e-009,-4.83999997e-001
,,,5.48400000e-009,-4.85437512e-001
,,,5.48800000e-009,-4.81500000e-001
,,,5.49200000e-009,-4.83593762e-001
,,,5.49600000e-009,-4.80156243e-001
,,,5.50000000e-009,-4.83999997e-001
,,,5.50400000e-009,-4.79124993e-001
,,,5.50800000e-009,-4.76437509e-001
,,,5.51200000e-009,-4.84468758e-001
,,,5.51600000e-009,-4.86874998e-001
,,,5.52000000e-009,-4.81156260e-001
,,,5.52400000e-009,-4.78000015e-001
,,,5.52800000e-009,-4.76000011e-001
,,,5.53200000e-009,-4.75343764e-001
,,,5.53600000e-009,-4.77625012e-001
,,,5.54000000e-009,-4.92000014e-001
,,,5.54400000e-009,-4.95124996e-001
,,,5.54800000e-009,-4.87218767e-001
,,,5.55200000e-009,-4.91187513e-001
,,,5.55600000e-009,-4.92062509e-001
,,,5.56000000e-009,-4.83999997e-001
,,,5.56400000e-009,-4.67999995e-001
,,,5.56800000e-009,-4.76000011e-001
,,,5.57200000e-009,-4.83312517e-001
,,,5.57600000e-009,-4.83999997e-001
,,,5.58000000e-009,-4.75218743e-001
,,,5.58400000e-009,-4.78218764e-001
,,,5.58800000e-009,-4.82531250e-001
,,,5.59200000e-009,-4.82406259e-001
,,,5.59600000e-009,-4.76843745e-001
,,,5.60000000e-009,-4.81437504e-001
,,,5.60400000e-009,-4.83999997e-001
,,,5.60800000e-009,-4.83999997e-001
,,,5.61200000e-009,-4.82656270e-001
,,,5.61600000e-009,-4.82218742e-001
,,,5.62000000e-009,-4.84906256e-001
,,,5.62400000e-009,-4.83999997e-001
,,,5.62800000e-009,-4.91531253e-001
,,,5.63200000e-009,-4.90968764e-001
,,,5.63600000e-009,-4.82843757e-001
,,,5.64000000e-009,-4.76000011e-001
,,,5.64400000e-009,-4.83999997e-001
,,,5.64800000e-009,-4.84937519e-001
,,,5.65200000e-009,-4.86437500e-001
,,,5.65600000e-009,-4.95562494e-001
,,,5.66000000e-009,-4.95781243e-001
,,,5.66400000e-009,-4.96749997e-001
,,,5.66800000e-009,-4.92375016e-001
,,,5.67200000e-009,-4.77656245e-001
,,,5.67600000e-009,-4.69531268e-001
,,,5.68000000e-009,-4.71249998e-001
,,,5.68400000e-009,-4.76000011e-001
,,,5.68800000e-009,-4.81187493e-001
,,,5.69200000e-009,-4.89343762e-001
,,,5.69600000e-009,-4.90468770e-001
,,,5.70000000e-009,-4.83999997e-001
,,,5.70400000e-009,-4.83999997e-001
,,,5.70800000e-009,-4.76562500e-001
,,,5.71200000e-009,-4.83999997e-001
,,,5.71600000e-009,-4.77937520e-001
,,,5.72000000e-009,-4.78593767e-001
,,,5.72400000e-009,-4.76000011e-001
,,,5.72800000e-009,-4.76000011e-001
,,,5.73200000e-009,-4.76000011e-001
,,,5.73600000e-009,-4.77250010e-001
,,,5.74000000e-009,-4.80718762e-001
,,,5.74400000e-009,-4.76000011e-001
,,,5.74800000e-009,-4.76031244e-001
,,,5.75200000e-009,-4.77593750e-001
,,,5.75600000e-009,-4.79531258e-001
,,,5.76000000e-009,-4.76000011e-001
,,,5.76400000e-009,-4.79499996e-001
,,,5.76800000e-009,-4.76937503e-001
,,,5.77200000e-009,-4.83999997e-001
,,,5.77600000e-009,-4.83031243e-001
,,,5.78000000e-009,-4.86718744e-001
,,,5.78400000e-009,-5.00000000e-001
,,,5.78800000e-009,-5.05625010e-001
,,,5.79200000e-009,-4.99000013e-001
,,,5.79600000e-009,-4.85468745e-001
,,,5.80000000e-009,-4.83999997e-001
,,,5.80400000e-009,-4.76000011e-001
,,,5.80800000e-009,-4.77468759e-001
,,,5.81200000e-009,-4.83999997e-001
,,,5.81600000e-009,-4.87687498e-001
,,,5.82000000e-009,-4.78812516e-001
,,,5.82400000e-009,-4.81656253e-001
,,,5.82800000e-009,-4.80656266e-001
,,,5.83200000e-009,-4.87625003e-001
,,,5.83600000e-009,-4.86843765e-001
,,,5.84000000e-009,-4.83999997e-001
,,,5.84400000e-009,-4.88000005e-001
,,,5.84800000e-009,-4.90781248e-001
,,,5.85200000e-009,-4.88187522e-001
,,,5.85600000e-009,-4.77500021e-001
,,,5.86000000e-009,-4.79312509e-001
,,,5.86400000e-009,-4.81093764e-001
,,,5.86800000e-009,-4.76000011e-001
,,,5.87200000e-009,-4.74625021e-001
,,,5.87600000e-009,-4.80437517e-001
,,,5.88000000e-009,-4.83999997e-001
,,,5.88400000e-009,-4.89562511e-001
,,,5.88800000e-009,-4.83999997e-001
,,,5.89200000e-009,-4.79656249e-001
,,,5.89600000e-009,-4.76000011e-001
,,,5.90000000e-009,-4.76000011e-001
,,,5.90400000e-009,-4.76218760e-001
,,,5.90800000e-009,-4.74999994e-001
,,,5.91200000e-009,-4.76000011e-001
,,,5.91600000e-009,-4.83656257e-001
,,,5.92000000e-009,-4.83999997e-001
,,,5.92400000e-009,-4.80156243e-001
,,,5.92800000e-009,-4.83999997e-001
,,,5.93200000e-009,-4.83562499e-001
,,,5.93600000e-009,-4.85031247e-001
,,,5.94000000e-009,-4.77625012e-001
,,,5.94400000e-009,-4.73968744e-001
,,,5.94800000e-009,-4.85718757e-001
,,,5.95200000e-009,-4.90093768e-001
,,,5.95600000e-009,-4.83968765e-001
,,,5.96000000e-009,-4.71593767e-001
,,,5.96400000e-009,-4.74937499e-001
,,,5.96800000e-009,-4.81312513e-001
,,,5.97200000e-009,-4.76000011e-001
,,,5.97600000e-009,-4.83999997e-001
,,,5.98000000e-009,-4.88281250e-001
,,,5.98400000e-009,-4.84562516e-001
,,,5.98800000e-009,-4.79562521e-001
,,,5.99200000e-009,-4.76000011e-001
,,,5.99600000e-009,-4.70468760e-001
,,,6.00000000e-009,-4.76000011e-001
,,,6.00400000e-009,-4.83000010e-001
,,,6.00800000e-009,-4.80218768e-001
,,,6.01200000e-009,-4.81562495e-001
,,,6.01600000e-009,-4.86375004e-001
,,,6.02000000e-009,-4.86343771e-001
,,,6.02400000e-009,-4.76812512e-001
,,,6.02800000e-009,-4.83999997e-001
,,,6.03200000e-009,-4.87875015e-001
,,,6.03600000e-009,-4.81625021e-001
,,,6.04000000e-009,-4.79562521e-001
,,,6.04400000e-009,-4.85312521e-001
,,,6.04800000e-009,-4.83906269e-001
,,,6.05200000e-009,-4.77656245e-001
,,,6.05600000e-009,-4.76999998e-001
,,,6.06000000e-009,-4.83999997e-001
,,,6.06400000e-009,-4.90281254e-001
,,,6.06800000e-009,-4.86750007e-001
,,,6.07200000e-009,-4.83999997e-001
,,,6.07600000e-009,-4.76000011e-001
,,,6.08000000e-009,-4.76187497e-001
,,,6.08400000e-009,-4.88718748e-001
,,,6.08800000e-009,-4.92000014e-001
,,,6.09200000e-009,-4.83593762e-001
,,,6.09600000e-009,-4.76000011e-001
,,,6.10000000e-009,-4.76968765e-001
,,,6.10400000e-009,-4.74156260e-001
,,,6.10800000e-009,-4.72625017e-001
,,,6.11200000e-009,-4.85687494e-001
,,,6.11600000e-009,-4.94437516e-001
,,,6.12000000e-009,-4.92000014e-001
,,,6.12400000e-009,-4.80968744e-001
,,,6.12800000e-009,-4.76000011e-001
,,,6.13200000e-009,-4.72593755e-001
,,,6.13600000e-009,-4.78968769e-001
,,,6.14000000e-009,-4.81500000e-001
,,,6.14400000e-009,-4.77874994e-001
,,,6.14800000e-009,-4.73812521e-001
,,,6.15200000e-009,-4.74531263e-001
,,,6.15600000e-009,-4.71249998e-001
,,,6.16000000e-009,-4.76000011e-001
,,,6.16400000e-009,-4.81343746e-001
,,,6.16800000e-009,-4.77562517e-001
,,,6.17200000e-009,-4.76906270e-001
,,,6.17600000e-009,-4.75749999e-001
,,,6.18000000e-009,-4.83718753e-001
,,,6.18400000e-009,-4.87218767e-001
,,,6.18800000e-009,-4.84437495e-001
,,,6.19200000e-009,-4.76000011e-001
,,,6.19600000e-009,-4.74437505e-001
,,,6.20000000e-009,-4.83624995e-001
,,,6.20400000e-009,-4.84625012e-001
,,,6.20800000e-009,-4.89687502e-001
,,,6.21200000e-009,-4.92000014e-001
,,,6.21600000e-009,-4.88031268e-001
,,,6.22000000e-009,-4.83999997e-001
,,,6.22400000e-009,-4.86187518e-001
,,,6.22800000e-009,-4.83687520e-001
,,,6.23200000e-009,-4.76718754e-001
,,,6.23600000e-009,-4.76281255e-001
,,,6.24000000e-009,-4.80000019e-001
,,,6.24400000e-009,-4.83281255e-001
,,,6.24800000e-009,-4.81999993e-001
,,,6.25200000e-009,-4.84375000e-001
,,,6.25600000e-009,-4.88124996e-001
,,,6.26000000e-009,-4.90312517e-001
,,,6.26400000e-009,-4.99468744e-001
,,,6.26800000e-009,-5.01656234e-001
,,,6.27200000e-009,-4.96312499e-001
,,,6.27600000e-009,-4.83999997e-001
,,,6.28000000e-009,-4.80343759e-001
,,,6.28400000e-009,-4.85437512e-001
,,,6.28800000e-009,-4.83999997e-001
,,,6.29200000e-009,-4.76999998e-001
,,,6.29600000e-009,-4.79687512e-001
,,,6.30000000e-009,-4.76000011e-001
,,,6.30400000e-009,-4.69406247e-001
,,,6.30800000e-009,-4.77562517e-001
,,,6.31200000e-009,-4.78281260e-001
,,,6.31600000e-009,-4.82593745e-001
,,,6.32000000e-009,-4.85812515e-001
,,,6.32400000e-009,-4.88843769e-001
,,,6.32800000e-009,-4.83999997e-001
,,,6.33200000e-009,-4.81281251e-001
,,,6.33600000e-009,-4.78718758e-001
,,,6.34000000e-009,-4.75781262e-001
,,,6.34400000e-009,-4.74937499e-001
,,,6.34800000e-009,-4.76000011e-001
,,,6.35200000e-009,-4.85906243e-001
,,,6.35600000e-009,-4.85593766e-001
,,,6.36000000e-009,-4.83999997e-001
,,,6.36400000e-009,-4.85812515e-001
,,,6.36800000e-009,-4.83999997e-001
,,,6.37200000e-009,-4.84250009e-001
,,,6.37600000e-009,-4.83999997e-001
,,,6.38000000e-009,-4.91281271e-001
,,,6.38400000e-009,-4.93468761e-001
,,,6.38800000e-009,-4.91343766e-001
,,,6.39200000e-009,-4.88343745e-001
,,,6.39600000e-009,-4.82406259e-001
,,,6.40000000e-009,-4.78812516e-001
,,,6.40400000e-009,-4.70593750e-001
,,,6.40800000e-009,-4.83999997e-001
,,,6.41200000e-009,-4.88437504e-001
,,,6.41600000e-009,-4.82562512e-001
,,,6.42000000e-009,-4.75218743e-001
,,,6.42400000e-009,-4.70874995e-001
,,,6.42800000e-009,-4.76781249e-001
,,,6.43200000e-009,-4.77874994e-001
,,,6.43600000e-009,-4.83468771e-001
,,,6.44000000e-009,-4.85343754e-001
,,,6.44400000e-009,-4.83999997e-001
,,,6.44800000e-009,-4.79562521e-001
,,,6.45200000e-009,-4.87343758e-001
,,,6.45600000e-009,-4.83999997e-001
,,,6.46000000e-009,-5.00874996e-001
,,,6.46400000e-009,-5.08000016e-001
,,,6.46800000e-009,-5.00625014e-001
,,,6.47200000e-009,-4.81718749e-001
,,,6.47600000e-009,-4.76000011e-001
,,,6.48000000e-009,-4.82875019e-001
,,,6.48400000e-009,-4.84343767e-001
,,,6.48800000e-009,-4.92624998e-001
,,,6.49200000e-009,-4.92125005e-001
,,,6.49600000e-009,-4.83437508e-001
,,,6.50000000e-009,-4.80718762e-001
,,,6.50400000e-009,-4.83999997e-001
,,,6.50800000e-009,-4.82343763e-001
,,,6.51200000e-009,-4.81000006e-001
,,,6.51600000e-009,-4.86781269e-001
,,,6.52000000e-009,-4.92000014e-001
,,,6.52400000e-009,-4.86156255e-001
,,,6.52800000e-009,-4.77781266e-001
,,,6.53200000e-009,-4.81218755e-001
,,,6.53600000e-009,-4.86156255e-001
,,,6.54000000e-009,-4.82031256e-001
,,,6.54400000e-009,-4.83999997e-001
,,,6.54800000e-009,-4.85687494e-001
,,,6.55200000e-009,-4.98625010e-001
,,,6.55600000e-009,-5.00000000e-001
,,,6.56000000e-009,-4.88625020e-001
,,,6.56400000e-009,-4.92000014e-001
,,,6.56800000e-009,-4.85750020e-001
,,,6.57200000e-009,-4.77343768e-001
,,,6.57600000e-009,-4.81218755e-001
,,,6.58000000e-009,-4.80812520e-001
,,,6.58400000e-009,-4.82343763e-001
,,,6.58800000e-009,-4.79124993e-001
,,,6.59200000e-009,-4.83999997e-001
,,,6.59600000e-009,-4.89781260e-001
,,,6.60000000e-009,-4.92000014e-001
,,,6.60400000e-009,-4.88812506e-001
,,,6.60800000e-009,-4.83999997e-001
,,,6.61200000e-009,-4.83968765e-001
,,,6.61600000e-009,-4.85781252e-001
,,,6.62000000e-009,-4.84218746e-001
,,,6.62400000e-009,-4.80906248e-001
,,,6.62800000e-009,-4.79000002e-001
,,,6.63200000e-009,-4.78937507e-001
,,,6.63600000e-009,-4.77843761e-001
,,,6.64000000e-009,-4.78218764e-001
,,,6.64400000e-009,-4.82687503e-001
,,,6.64800000e-009,-4.92000014e-001
,,,6.65200000e-009,-4.93874997e-001
,,,6.65600000e-009,-4.93593752e-001
,,,6.66000000e-009,-4.85843748e-001
,,,6.66400000e-009,-4.78562504e-001
,,,6.66800000e-009,-4.75468755e-001
,,,6.67200000e-009,-4.77656245e-001
,,,6.67600000e-009,-4.81062502e-001
,,,6.68000000e-009,-4.78156269e-001
,,,6.68400000e-009,-4.82093751e-001
,,,6.68800000e-009,-4.83999997e-001
,,,6.69200000e-009,-4.81718749e-001
,,,6.69600000e-009,-4.76000011e-001
,,,6.70000000e-009,-4.83999997e-001
,,,6.70400000e-009,-5.00375032e-001
,,,6.70800000e-009,-5.02281249e-001
,,,6.71200000e-009,-4.90843743e-001
,,,6.71600000e-009,-4.75406259e-001
,,,6.72000000e-009,-4.76000011e-001
,,,6.72400000e-009,-4.80093747e-001
,,,6.72800000e-009,-4.83062506e-001
,,,6.73200000e-009,-4.83250022e-001
,,,6.73600000e-009,-4.80749995e-001
,,,6.74000000e-009,-4.76000011e-001
,,,6.74400000e-009,-4.84593749e-001
,,,6.74800000e-009,-4.79625016e-001
,,,6.75200000e-009,-4.77968752e-001
,,,6.75600000e-009,-4.79812503e-001
,,,6.76000000e-009,-4.78500009e-001
,,,6.76400000e-009,-4.77781266e-001
,,,6.76800000e-009,-4.81968760e-001
,,,6.77200000e-009,-4.81124997e-001
,,,6.77600000e-009,-4.92000014e-001
,,,6.78000000e-009,-4.90906268e-001
,,,6.78400000e-009,-4.97093767e-001
,,,6.78800000e-009,-5.00312507e-001
,,,6.79200000e-009,-4.93718743e-001
,,,6.79600000e-009,-4.91218746e-001
,,,6.80000000e-009,-4.92000014e-001
,,,6.80400000e-009,-4.80500013e-001
,,,6.80800000e-009,-4.76000011e-001
,,,6.81200000e-009,-4.80687499e-001
,,,6.81600000e-009,-4.85062510e-001
,,,6.82000000e-009,-4.83999997e-001
,,,6.82400000e-009,-4.86874998e-001
,,,6.82800000e-009,-4.90406245e-001
,,,6.83200000e-009,-4.88625020e-001
,,,6.83600000e-009,-4.77843761e-001
,,,6.84000000e-009,-4.78218764e-001
,,,6.84400000e-009,-4.76000011e-001
,,,6.84800000e-009,-4.77531254e-001
,,,6.85200000e-009,-4.76000011e-001
,,,6.85600000e-009,-4.76812512e-001
,,,6.86000000e-009,-4.76343751e-001
,,,6.86400000e-009,-4.83656257e-001
,,,6.86800000e-009,-4.88718748e-001
,,,6.87200000e-009,-4.92000014e-001
,,,6.87600000e-009,-4.82749999e-001
,,,6.88000000e-009,-4.89437521e-001
,,,6.88400000e-009,-4.87687498e-001
,,,6.88800000e-009,-4.84437495e-001
,,,6.89200000e-009,-4.76000011e-001
,,,6.89600000e-009,-4.74437505e-001
,,,6.90000000e-009,-4.79968756e-001
,,,6.90400000e-009,-4.89125013e-001
,,,6.90800000e-009,-4.92000014e-001
,,,6.91200000e-009,-4.82656270e-001
,,,6.91600000e-009,-4.87093747e-001
,,,6.92000000e-009,-4.83999997e-001
,,,6.92400000e-009,-4.81656253e-001
,,,6.92800000e-009,-4.83999997e-001
,,,6.93200000e-009,-4.87718761e-001
,,,6.93600000e-009,-4.79468763e-001
,,,6.94000000e-009,-4.76000011e-001
,,,6.94400000e-009,-4.79124993e-001
,,,6.94800000e-009,-4.88531262e-001
,,,6.95200000e-009,-4.96218771e-001
,,,6.95600000e-009,-4.92000014e-001
,,,6.96000000e-009,-4.83999997e-001
,,,6.96400000e-009,-4.92000014e-001
,,,6.96800000e-009,-4.97156262e-001
,,,6.97200000e-009,-4.91531253e-001
,,,6.97600000e-009,-4.78312492e-001
,,,6.98000000e-009,-4.80125010e-001
,,,6.98400000e-009,-4.83999997e-001
,,,6.98800000e-009,-4.79625016e-001
,,,6.99200000e-009,-4.80812520e-001
,,,6.99600000e-009,-4.92000014e-001
,,,7.00000000e-009,-4.88999993e-001
,,,7.00400000e-009,-4.82062519e-001
,,,7.00800000e-009,-4.86187518e-001
,,,7.01200000e-009,-4.84625012e-001
,,,7.01600000e-009,-4.92000014e-001
,,,7.02000000e-009,-4.90406245e-001
,,,7.02400000e-009,-4.83999997e-001
,,,7.02800000e-009,-4.88999993e-001
,,,7.03200000e-009,-4.86468762e-001
,,,7.03600000e-009,-4.88906264e-001
,,,7.04000000e-009,-4.79593754e-001
,,,7.04400000e-009,-4.80375022e-001
,,,7.04800000e-009,-4.82406259e-001
,,,7.05200000e-009,-4.88312513e-001
,,,7.05600000e-009,-4.87093747e-001
,,,7.06000000e-009,-4.83999997e-001
,,,7.06400000e-009,-4.83999997e-001
,,,7.06800000e-009,-4.79062498e-001
,,,7.07200000e-009,-4.80906248e-001
,,,7.07600000e-009,-4.84718770e-001
,,,7.08000000e-009,-4.89468753e-001
,,,7.08400000e-009,-5.00000000e-001
,,,7.08800000e-009,-4.94500011e-001
,,,7.09200000e-009,-4.83999997e-001
,,,7.09600000e-009,-4.75718766e-001
,,,7.10000000e-009,-4.79718745e-001
,,,7.10400000e-009,-4.81531262e-001
,,,7.10800000e-009,-4.81343746e-001
,,,7.11200000e-009,-4.93218750e-001
,,,7.11600000e-009,-4.92000014e-001
,,,7.12000000e-009,-4.77812499e-001
,,,7.12400000e-009,-4.77843761e-001
,,,7.12800000e-009,-4.77750003e-001
,,,7.13200000e-009,-4.79687512e-001
,,,7.13600000e-009,-4.81843770e-001
,,,7.14000000e-009,-4.89093751e-001
,,,7.14400000e-009,-4.87406254e-001
,,,7.14800000e-009,-4.83500004e-001
,,,7.15200000e-009,-4.83000010e-001
,,,7.15600000e-009,-4.80250001e-001
,,,7.16000000e-009,-4.83999997e-001
,,,7.16400000e-009,-4.87843752e-001
,,,7.16800000e-009,-4.85218763e-001
,,,7.17200000e-009,-4.73468751e-001
,,,7.17600000e-009,-4.85312521e-001
,,,7.18000000e-009,-4.92000014e-001
,,,7.18400000e-009,-4.86593753e-001
,,,7.18800000e-009,-4.81375009e-001
,,,7.19200000e-009,-4.83999997e-001
,,,7.19600000e-009,-4.83999997e-001
,,,7.20000000e-009,-4.92000014e-001
,,,7.20400000e-009,-4.91906255e-001
,,,7.20800000e-009,-4.89687502e-001
,,,7.21200000e-009,-4.83999997e-001
,,,7.21600000e-009,-4.79062498e-001
,,,7.22000000e-009,-4.83999997e-001
,,,7.22400000e-009,-4.94156271e-001
,,,7.22800000e-009,-4.95625019e-001
,,,7.23200000e-009,-4.88124996e-001
,,,7.23600000e-009,-4.83750015e-001
,,,7.24000000e-009,-4.82687503e-001
,,,7.24400000e-009,-4.79781270e-001
,,,7.24800000e-009,-4.83999997e-001
,,,7.25200000e-009,-4.87749994e-001
,,,7.25600000e-009,-4.80031252e-001
,,,7.26000000e-009,-4.79218751e-001
,,,7.26400000e-009,-4.85187501e-001
,,,7.26800000e-009,-4.94343758e-001
,,,7.27200000e-009,-4.94000018e-001
,,,7.27600000e-009,-4.84593749e-001
,,,7.28000000e-009,-4.76000011e-001
,,,7.28400000e-009,-4.80062515e-001
,,,7.28800000e-009,-4.87781256e-001
,,,7.29200000e-009,-4.83999997e-001
,,,7.29600000e-009,-4.81718749e-001
,,,7.30000000e-009,-4.79343772e-001
,,,7.30400000e-009,-4.82500017e-001
,,,7.30800000e-009,-4.76000011e-001
,,,7.31200000e-009,-4.72031265e-001
,,,7.31600000e-009,-4.76937503e-001
,,,7.32000000e-009,-4.83999997e-001
,,,7.32400000e-009,-4.78750020e-001
,,,7.32800000e-009,-4.77125019e-001
,,,7.33200000e-009,-4.80250001e-001
,,,7.33600000e-009,-4.79093760e-001
,,,7.34000000e-009,-4.83999997e-001
,,,7.34400000e-009,-4.83999997e-001
,,,7.34800000e-009,-4.92000014e-001
,,,7.35200000e-009,-4.92812514e-001
,,,7.35600000e-009,-4.82843757e-001
,,,7.36000000e-009,-4.83999997e-001
,,,7.36400000e-009,-4.79906261e-001
,,,7.36800000e-009,-4.76750016e-001
,,,7.37200000e-009,-4.72562522e-001
,,,7.37600000e-009,-4.71718758e-001
,,,7.38000000e-009,-4.83999997e-001
,,,7.38400000e-009,-4.83375013e-001
,,,7.38800000e-009,-4.82312500e-001
,,,7.39200000e-009,-4.88406271e-001
,,,7.39600000e-009,-4.83968765e-001
,,,7.40000000e-009,-4.83999997e-001
,,,7.40400000e-009,-4.85125005e-001
,,,7.40800000e-009,-4.90093768e-001
,,,7.41200000e-009,-4.92000014e-001
,,,7.41600000e-009,-4.91562515e-001
,,,7.42000000e-009,-4.79281247e-001
,,,7.42400000e-009,-4.79937494e-001
,,,7.42800000e-009,-4.76000011e-001
,,,7.43200000e-009,-4.83468771e-001
,,,7.43600000e-009,-4.92249995e-001
,,,7.44000000e-009,-4.92500007e-001
,,,7.44400000e-009,-4.83999997e-001
,,,7.44800000e-009,-4.87531245e-001
,,,7.45200000e-009,-4.84468758e-001
,,,7.45600000e-009,-4.81500000e-001
,,,7.46000000e-009,-4.84250009e-001
,,,7.46400000e-009,-4.92468745e-001
,,,7.46800000e-009,-4.92000014e-001
,,,7.47200000e-009,-4.86406267e-001
,,,7.47600000e-009,-4.88562495e-001
,,,7.48000000e-009,-4.92000014e-001
,,,7.48400000e-009,-4.83843744e-001
,,,7.48800000e-009,-4.88875002e-001
,,,7.49200000e-009,-4.92000014e-001
,,,7.49600000e-009,-4.92906243e-001
,,,7.50000000e-009,-5.01874983e-001
,,,7.50400000e-009,-5.04687488e-001
,,,7.50800000e-009,-4.92000014e-001
,,,7.51200000e-009,-4.83999997e-001
,,,7.51600000e-009,-4.77906257e-001
,,,7.52000000e-009,-4.76312518e-001
,,,7.52400000e-009,-4.82406259e-001
,,,7.52800000e-009,-4.83718753e-001
,,,7.53200000e-009,-4.76000011e-001
,,,7.53600000e-009,-4.75343764e-001
,,,7.54000000e-009,-4.76000011e-001
,,,7.54400000e-009,-4.83999997e-001
,,,7.54800000e-009,-5.00000000e-001
,,,7.55200000e-009,-5.06406248e-001
,,,7.55600000e-009,-4.95031267e-001
,,,7.56000000e-009,-4.84093755e-001
,,,7.56400000e-009,-4.92000014e-001
,,,7.56800000e-009,-4.90000010e-001
,,,7.57200000e-009,-4.91500020e-001
,,,7.57600000e-009,-4.83999997e-001
,,,7.58000000e-009,-4.83999997e-001
,,,7.58400000e-009,-4.83999997e-001
,,,7.58800000e-009,-4.74625021e-001
,,,7.59200000e-009,-4.76000011e-001
,,,7.59600000e-009,-4.86656249e-001
,,,7.60000000e-009,-5.17499983e-001
,,,7.60400000e-009,-5.31218767e-001
,,,7.60800000e-009,-5.23999989e-001
,,,7.61200000e-009,-4.96625006e-001
,,,7.61600000e-009,-4.81312513e-001
,,,7.62000000e-009,-4.87375021e-001
,,,7.62400000e-009,-4.92000014e-001
,,,7.62800000e-009,-4.92000014e-001
,,,7.63200000e-009,-4.83343750e-001
,,,7.63600000e-009,-4.92000014e-001
,,,7.64000000e-009,-4.86937493e-001
,,,7.64400000e-009,-4.89468753e-001
,,,7.64800000e-009,-4.91031259e-001
,,,7.65200000e-009,-4.94562507e-001
,,,7.65600000e-009,-4.96625006e-001
,,,7.66000000e-009,-4.87812519e-001
,,,7.66400000e-009,-4.76000011e-001
,,,7.66800000e-009,-4.76000011e-001
,,,7.67200000e-009,-4.83999997e-001
,,,7.67600000e-009,-4.84625012e-001
,,,7.68000000e-009,-4.81562495e-001
,,,7.68400000e-009,-4.83999997e-001
,,,7.68800000e-009,-4.81781244e-001
,,,7.69200000e-009,-4.87843752e-001
,,,7.69600000e-009,-4.85906243e-001
,,,7.70000000e-009,-4.87156272e-001
,,,7.70400000e-009,-4.97843772e-001
,,,7.70800000e-009,-4.92000014e-001
,,,7.71200000e-009,-4.76000011e-001
,,,7.71600000e-009,-4.79687512e-001
,,,7.72000000e-009,-4.83999997e-001
,,,7.72400000e-009,-4.85906243e-001
,,,7.72800000e-009,-4.80375022e-001
,,,7.73200000e-009,-4.72874999e-001
,,,7.73600000e-009,-4.77750003e-001
,,,7.74000000e-009,-4.76000011e-001
,,,7.74400000e-009,-4.86499995e-001
,,,7.74800000e-009,-4.85687494e-001
,,,7.75200000e-009,-4.87625003e-001
,,,7.75600000e-009,-4.84343767e-001
,,,7.76000000e-009,-4.86718744e-001
,,,7.76400000e-009,-4.83999997e-001
,,,7.76800000e-009,-4.83999997e-001
,,,7.77200000e-009,-4.80437517e-001
,,,7.77600000e-009,-4.81500000e-001
,,,7.78000000e-009,-4.87687498e-001
,,,7.78400000e-009,-4.83999997e-001
,,,7.78800000e-009,-4.81250018e-001
,,,7.79200000e-009,-4.83999997e-001
,,,7.79600000e-009,-4.87406254e-001
,,,7.80000000e-009,-4.89031255e-001
,,,7.80400000e-009,-4.88687515e-001
,,,7.80800000e-009,-4.87968743e-001
,,,7.81200000e-009,-4.83906269e-001
,,,7.81600000e-009,-4.75531250e-001
,,,7.82000000e-009,-4.77156252e-001
,,,7.82400000e-009,-4.81218755e-001
,,,7.82800000e-009,-4.79656249e-001
,,,7.83200000e-009,-4.82843757e-001
,,,7.83600000e-009,-4.76937503e-001
,,,7.84000000e-009,-4.88000005e-001
,,,7.84400000e-009,-4.87781256e-001
,,,7.84800000e-009,-4.78812516e-001
,,,7.85200000e-009,-4.83062506e-001
,,,7.85600000e-009,-4.78500009e-001
,,,7.86000000e-009,-4.85249996e-001
,,,7.86400000e-009,-4.85531271e-001
,,,7.86800000e-009,-4.87687498e-001
,,,7.87200000e-009,-4.80218768e-001
,,,7.87600000e-009,-4.78218764e-001
,,,7.88000000e-009,-4.90843743e-001
,,,7.88400000e-009,-4.92000014e-001
,,,7.88800000e-009,-4.93562520e-001
,,,7.89200000e-009,-5.02812505e-001
,,,7.89600000e-009,-5.00000000e-001
,,,7.90000000e-009,-4.85750020e-001
,,,7.90400000e-009,-4.89656270e-001
,,,7.90800000e-009,-4.85093743e-001
,,,7.91200000e-009,-4.92500007e-001
,,,7.91600000e-009,-4.89562511e-001
,,,7.92000000e-009,-4.89437521e-001
,,,7.92400000e-009,-4.84468758e-001
,,,7.92800000e-009,-4.98125017e-001
,,,7.93200000e-009,-5.00000000e-001
,,,7.93600000e-009,-4.92187500e-001
,,,7.94000000e-009,-4.89656270e-001
,,,7.94400000e-009,-4.91374999e-001
,,,7.94800000e-009,-4.92000014e-001
,,,7.95200000e-009,-4.94312495e-001
,,,7.95600000e-009,-4.96687502e-001
,,,7.96000000e-009,-4.90875006e-001
,,,7.96400000e-009,-4.85500008e-001
,,,7.96800000e-009,-4.79874998e-001
,,,7.97200000e-009,-4.80125010e-001
,,,7.97600000e-009,-4.94250000e-001
,,,7.98000000e-009,-5.00593781e-001
,,,7.98400000e-009,-5.08000016e-001
,,,7.98800000e-009,-5.05968750e-001
,,,7.99200000e-009,-4.92375016e-001
,,,7.99600000e-009,-4.92468745e-001
,,,8.00000000e-009,-4.90250021e-001
,,,8.00400000e-009,-4.85531271e-001
,,,8.00800000e-009,-4.76000011e-001
,,,8.01200000e-009,-4.78000015e-001
,,,8.01600000e-009,-4.83156264e-001
,,,8.02000000e-009,-4.85093743e-001
,,,8.02400000e-009,-4.92000014e-001
,,,8.02800000e-009,-4.91031259e-001
,,,8.03200000e-009,-4.87468749e-001
,,,8.03600000e-009,-4.81937498e-001
,,,8.04000000e-009,-4.84093755e-001
,,,8.04400000e-009,-4.85343754e-001
,,,8.04800000e-009,-4.86531258e-001
,,,8.05200000e-009,-4.92000014e-001
,,,8.05600000e-009,-4.83000010e-001
,,,8.06000000e-009,-4.83999997e-001
,,,8.06400000e-009,-4.85875010e-001
,,,8.06800000e-009,-4.84343767e-001
,,,8.07200000e-009,-4.84312505e-001
,,,8.07600000e-009,-4.86187518e-001
,,,8.08000000e-009,-4.83999997e-001
,,,8.08400000e-009,-4.81750011e-001
,,,8.08800000e-009,-4.83999997e-001
,,,8.09200000e-009,-4.80718762e-001
,,,8.09600000e-009,-4.77406263e-001
,,,8.10000000e-009,-4.88281250e-001
,,,8.10400000e-009,-4.95718747e-001
,,,8.10800000e-009,-4.94156271e-001
,,,8.11200000e-009,-4.87562507e-001
,,,8.11600000e-009,-4.80093747e-001
,,,8.12000000e-009,-4.83999997e-001
,,,8.12400000e-009,-4.83281255e-001
,,,8.12800000e-009,-4.78937507e-001
,,,8.13200000e-009,-4.83999997e-001
,,,8.13600000e-009,-4.77562517e-001
,,,8.14000000e-009,-4.83999997e-001
,,,8.14400000e-009,-4.89875019e-001
,,,8.14800000e-009,-4.89687502e-001
,,,8.15200000e-009,-4.90875006e-001
,,,8.15600000e-009,-4.88906264e-001
,,,8.16000000e-009,-4.76812512e-001
,,,8.16400000e-009,-4.82437521e-001
,,,8.16800000e-009,-4.81750011e-001
,,,8.17200000e-009,-4.86812502e-001
,,,8.17600000e-009,-4.83999997e-001
,,,8.18000000e-009,-4.77406263e-001
,,,8.18400000e-009,-4.77062494e-001
,,,8.18800000e-009,-4.80531245e-001
,,,8.19200000e-009,-4.83999997e-001
,,,8.19600000e-009,-4.87375021e-001
,,,8.20000000e-009,-4.82312500e-001
,,,8.20400000e-009,-4.85906243e-001
,,,8.20800000e-009,-4.90875006e-001
,,,8.21200000e-009,-4.83999997e-001
,,,8.21600000e-009,-4.75875020e-001
,,,8.22000000e-009,-4.83999997e-001
,,,8.22400000e-009,-4.83999997e-001
,,,8.22800000e-009,-4.77187514e-001
,,,8.23200000e-009,-4.76000011e-001
,,,8.23600000e-009,-4.83406246e-001
,,,8.24000000e-009,-4.85531271e-001
,,,8.24400000e-009,-4.92000014e-001
,,,8.24800000e-009,-4.93874997e-001
,,,8.25200000e-009,-4.99687493e-001
,,,8.25600000e-009,-4.93343771e-001
,,,8.26000000e-009,-4.87656265e-001
,,,8.26400000e-009,-4.77125019e-001
,,,8.26800000e-009,-4.76156265e-001
,,,8.27200000e-009,-4.72062498e-001
,,,8.27600000e-009,-4.76000011e-001
,,,8.28000000e-009,-4.81437504e-001
,,,8.28400000e-009,-4.92000014e-001
,,,8.28800000e-009,-4.89468753e-001
,,,8.29200000e-009,-4.78312492e-001
,,,8.29600000e-009,-4.83999997e-001
,,,8.30000000e-009,-4.83999997e-001
,,,8.30400000e-009,-4.86874998e-001
,,,8.30800000e-009,-4.83999997e-001
,,,8.31200000e-009,-4.83906269e-001
,,,8.31600000e-009,-4.76468772e-001
,,,8.32000000e-009,-4.76000011e-001
,,,8.32400000e-009,-4.76000011e-001
,,,8.32800000e-009,-4.81468767e-001
,,,8.33200000e-009,-4.79718745e-001
,,,8.33600000e-009,-4.84031260e-001
,,,8.34000000e-009,-4.91218746e-001
,,,8.34400000e-009,-4.86468762e-001
,,,8.34800000e-009,-4.83375013e-001
,,,8.35200000e-009,-4.89093751e-001
,,,8.35600000e-009,-4.92000014e-001
,,,8.36000000e-009,-4.81968760e-001
,,,8.36400000e-009,-4.76125002e-001
,,,8.36800000e-009,-4.87562507e-001
,,,8.37200000e-009,-4.92000014e-001
,,,8.37600000e-009,-4.92000014e-001
,,,8.38000000e-009,-4.90875006e-001
,,,8.38400000e-009,-4.83999997e-001
,,,8.38800000e-009,-4.79750007e-001
,,,8.39200000e-009,-4.83999997e-001
,,,8.39600000e-009,-4.92000014e-001
,,,8.40000000e-009,-4.90968764e-001
,,,8.40400000e-009,-4.84437495e-001
,,,8.40800000e-009,-4.82593745e-001
,,,8.41200000e-009,-4.76031244e-001
,,,8.41600000e-009,-4.75374997e-001
,,,8.42000000e-009,-4.77437496e-001
,,,8.42400000e-009,-4.85718757e-001
,,,8.42800000e-009,-4.87281263e-001
,,,8.43200000e-009,-4.84406263e-001
,,,8.43600000e-009,-4.92562503e-001
,,,8.44000000e-009,-4.90812510e-001
,,,8.44400000e-009,-4.85718757e-001
,,,8.44800000e-009,-4.83999997e-001
,,,8.45200000e-009,-4.75875020e-001
,,,8.45600000e-009,-4.76000011e-001
,,,8.46000000e-009,-4.76000011e-001
,,,8.46400000e-009,-4.78218764e-001
,,,8.46800000e-009,-4.78718758e-001
,,,8.47200000e-009,-4.84593749e-001
,,,8.47600000e-009,-4.88906264e-001
,,,8.48000000e-009,-4.86031264e-001
,,,8.48400000e-009,-4.78593767e-001
,,,8.48800000e-009,-4.84656245e-001
,,,8.49200000e-009,-4.87812519e-001
,,,8.49600000e-009,-4.94406253e-001
,,,8.50000000e-009,-4.92000014e-001
,,,8.50400000e-009,-4.91156250e-001
,,,8.50800000e-009,-4.92000014e-001
,,,8.51200000e-009,-4.83999997e-001
,,,8.51600000e-009,-4.86906260e-001
,,,8.52000000e-009,-4.92000014e-001
,,,8.52400000e-009,-4.85062510e-001
,,,8.52800000e-009,-4.92000014e-001
,,,8.53200000e-009,-4.92000014e-001
,,,8.53600000e-009,-4.81281251e-001
,,,8.54000000e-009,-4.81312513e-001
,,,8.54400000e-009,-4.83656257e-001
,,,8.54800000e-009,-4.86750007e-001
,,,8.55200000e-009,-4.82843757e-001
,,,8.55600000e-009,-4.77187514e-001
,,,8.56000000e-009,-4.79656249e-001
,,,8.56400000e-009,-4.85156268e-001
,,,8.56800000e-009,-4.91281271e-001
,,,8.57200000e-009,-4.89406258e-001
,,,8.57600000e-009,-4.89406258e-001
,,,8.58000000e-009,-4.83999997e-001
,,,8.58400000e-009,-4.78312492e-001
,,,8.58800000e-009,-4.83999997e-001
,,,8.59200000e-009,-4.80343759e-001
,,,8.59600000e-009,-4.84531254e-001
,,,8.60000000e-009,-4.88375008e-001
,,,8.60400000e-009,-4.83999997e-001
,,,8.60800000e-009,-4.85468745e-001
,,,8.61200000e-009,-4.85218763e-001
,,,8.61600000e-009,-4.83750015e-001
,,,8.62000000e-009,-4.78937507e-001
,,,8.62400000e-009,-4.92000014e-001
,,,8.62800000e-009,-4.92062509e-001
,,,8.63200000e-009,-4.79937494e-001
,,,8.63600000e-009,-4.75812495e-001
,,,8.64000000e-009,-4.76968765e-001
,,,8.64400000e-009,-4.76500005e-001
,,,8.64800000e-009,-4.79000002e-001
,,,8.65200000e-009,-4.78906244e-001
,,,8.65600000e-009,-4.76531267e-001
,,,8.66000000e-009,-4.76218760e-001
,,,8.66400000e-009,-4.76000011e-001
,,,8.66800000e-009,-4.72406268e-001
,,,8.67200000e-009,-4.80593771e-001
,,,8.67600000e-009,-4.79187518e-001
,,,8.68000000e-009,-4.76000011e-001
,,,8.68400000e-009,-4.76000011e-001
,,,8.68800000e-009,-4.77250010e-001
,,,8.69200000e-009,-4.81593758e-001
,,,8.69600000e-009,-4.78906244e-001
,,,8.70000000e-009,-4.83999997e-001
,,,8.70400000e-009,-4.90437508e-001
,,,8.70800000e-009,-4.86375004e-001
,,,8.71200000e-009,-4.90843743e-001
,,,8.71600000e-009,-4.92000014e-001
,,,8.72000000e-009,-4.81156260e-001
,,,8.72400000e-009,-4.75968748e-001
,,,8.72800000e-009,-4.80281264e-001
,,,8.73200000e-009,-4.82531250e-001
,,,8.73600000e-009,-4.79250014e-001
,,,8.74000000e-009,-4.78187501e-001
,,,8.74400000e-009,-4.80093747e-001
,,,8.74800000e-009,-4.76031244e-001
,,,8.75200000e-009,-4.76249993e-001
,,,8.75600000e-009,-4.80343759e-001
,,,8.76000000e-009,-4.83999997e-001
,,,8.76400000e-009,-4.84843761e-001
,,,8.76800000e-009,-4.88656253e-001
,,,8.77200000e-009,-4.86281246e-001
,,,8.77600000e-009,-4.88593757e-001
,,,8.78000000e-009,-4.83999997e-001
,,,8.78400000e-009,-4.83999997e-001
,,,8.78800000e-009,-4.77625012e-001
,,,8.79200000e-009,-4.73781258e-001
,,,8.79600000e-009,-4.71375018e-001
,,,8.80000000e-009,-4.69562501e-001
,,,8.80400000e-009,-4.77250010e-001
,,,8.80800000e-009,-4.81593758e-001
,,,8.81200000e-009,-4.83531266e-001
,,,8.81600000e-009,-4.75875020e-001
,,,8.82000000e-009,-4.80875015e-001
,,,8.82400000e-009,-4.82625008e-001
,,,8.82800000e-009,-4.83999997e-001
,,,8.83200000e-009,-4.83999997e-001
,,,8.83600000e-009,-4.86499995e-001
,,,8.84000000e-009,-4.79874998e-001
,,,8.84400000e-009,-4.81968760e-001
,,,8.84800000e-009,-4.82187510e-001
,,,8.85200000e-009,-4.76656258e-001
,,,8.85600000e-009,-4.76000011e-001
,,,8.86000000e-009,-4.83999997e-001
,,,8.86400000e-009,-4.87250000e-001
,,,8.86800000e-009,-4.83999997e-001
,,,8.87200000e-009,-4.84562516e-001
,,,8.87600000e-009,-4.77218747e-001
,,,8.88000000e-009,-4.78249997e-001
,,,8.88400000e-009,-4.77343768e-001
,,,8.88800000e-009,-4.76999998e-001
,,,8.89200000e-009,-4.88875002e-001
,,,8.89600000e-009,-4.93281245e-001
,,,8.90000000e-009,-4.88906264e-001
,,,8.90400000e-009,-4.76000011e-001
,,,8.90800000e-009,-4.75593746e-001
,,,8.91200000e-009,-4.77937520e-001
,,,8.91600000e-009,-4.88781244e-001
,,,8.92000000e-009,-4.90656257e-001
,,,8.92400000e-009,-4.83281255e-001
,,,8.92800000e-009,-4.76000011e-001
,,,8.93200000e-009,-4.74906266e-001
,,,8.93600000e-009,-4.79250014e-001
,,,8.94000000e-009,-4.77375001e-001
,,,8.94400000e-009,-4.76000011e-001
,,,8.94800000e-009,-4.74781245e-001
,,,8.95200000e-009,-4.76000011e-001
,,,8.95600000e-009,-4.78281260e-001
,,,8.96000000e-009,-4.82906252e-001
,,,8.96400000e-009,-4.79625016e-001
,,,8.96800000e-009,-4.83999997e-001
,,,8.97200000e-009,-4.77874994e-001
,,,8.97600000e-009,-4.73125011e-001
,,,8.98000000e-009,-4.76000011e-001
,,,8.98400000e-009,-4.80343759e-001
,,,8.98800000e-009,-4.83656257e-001
,,,8.99200000e-009,-4.92000014e-001
,,,8.99600000e-009,-4.87187505e-001
,,,9.00000000e-009,-4.84718770e-001
,,,9.00400000e-009,-4.86031264e-001
,,,9.00800000e-009,-4.83312517e-001
,,,9.01200000e-009,-4.83999997e-001
,,,9.01600000e-009,-4.97718751e-001
,,,9.02000000e-009,-5.00843763e-001
,,,9.02400000e-009,-4.92875010e-001
,,,9.02800000e-009,-4.75500017e-001
,,,9.03200000e-009,-4.81625021e-001
,,,9.03600000e-009,-4.88875002e-001
,,,9.04000000e-009,-4.87781256e-001
,,,9.04400000e-009,-4.79437500e-001
,,,9.04800000e-009,-4.73875016e-001
,,,9.05200000e-009,-4.81406271e-001
,,,9.05600000e-009,-4.96656269e-001
,,,9.06000000e-009,-5.00000000e-001
,,,9.06400000e-009,-4.89906251e-001
,,,9.06800000e-009,-4.87937510e-001
,,,9.07200000e-009,-4.92000014e-001
,,,9.07600000e-009,-4.82687503e-001
,,,9.08000000e-009,-4.76000011e-001
,,,9.08400000e-009,-4.77500021e-001
,,,9.08800000e-009,-4.82906252e-001
,,,9.09200000e-009,-4.92000014e-001
,,,9.09600000e-009,-4.91468757e-001
,,,9.10000000e-009,-4.83999997e-001
,,,9.10400000e-009,-4.83999997e-001
,,,9.10800000e-009,-4.90281254e-001
,,,9.11200000e-009,-4.86281246e-001
,,,9.11600000e-009,-4.77437496e-001
,,,9.12000000e-009,-4.71406251e-001
,,,9.12400000e-009,-4.68125015e-001
,,,9.12800000e-009,-4.70843762e-001
,,,9.13200000e-009,-4.78468746e-001
,,,9.13600000e-009,-4.86031264e-001
,,,9.14000000e-009,-4.83999997e-001
,,,9.14400000e-009,-4.74999994e-001
,,,9.14800000e-009,-4.82656270e-001
,,,9.15200000e-009,-4.82656270e-001
,,,9.15600000e-009,-4.79187518e-001
,,,9.16000000e-009,-4.79312509e-001
,,,9.16400000e-009,-4.85375017e-001
,,,9.16800000e-009,-4.88625020e-001
,,,9.17200000e-009,-4.84843761e-001
,,,9.17600000e-009,-4.83531266e-001
,,,9.18000000e-009,-4.80968744e-001
,,,9.18400000e-009,-4.76000011e-001
,,,9.18800000e-009,-4.83999997e-001
,,,9.19200000e-009,-4.85968769e-001
,,,9.19600000e-009,-4.86062497e-001
,,,9.20000000e-009,-4.83999997e-001
,,,9.20400000e-009,-4.77250010e-001
,,,9.20800000e-009,-4.76156265e-001
,,,9.21200000e-009,-4.82187510e-001
,,,9.21600000e-009,-4.92218763e-001
,,,9.22000000e-009,-4.97500002e-001
,,,9.22400000e-009,-4.91562515e-001
,,,9.22800000e-009,-4.86843765e-001
,,,9.23200000e-009,-4.90718752e-001
,,,9.23600000e-009,-4.84750003e-001
,,,9.24000000e-009,-4.88093764e-001
,,,9.24400000e-009,-4.90750015e-001
,,,9.24800000e-009,-4.92000014e-001
,,,9.25200000e-009,-4.83999997e-001
,,,9.25600000e-009,-4.80937511e-001
,,,9.26000000e-009,-4.76000011e-001
,,,9.26400000e-009,-4.91531253e-001
,,,9.26800000e-009,-5.00000000e-001
,,,9.27200000e-009,-4.94718760e-001
,,,9.27600000e-009,-4.85875010e-001
,,,9.28000000e-009,-5.02250016e-001
,,,9.28400000e-009,-5.08000016e-001
,,,9.28800000e-009,-4.97250021e-001
,,,9.29200000e-009,-4.76000011e-001
,,,9.29600000e-009,-4.76750016e-001
,,,9.30000000e-009,-4.77093756e-001
,,,9.30400000e-009,-4.83999997e-001
,,,9.30800000e-009,-4.88312513e-001
,,,9.31200000e-009,-4.85718757e-001
,,,9.31600000e-009,-4.77937520e-001
,,,9.32000000e-009,-4.76000011e-001
,,,9.32400000e-009,-4.79250014e-001
,,,9.32800000e-009,-4.85531271e-001
,,,9.33200000e-009,-4.91718769e-001
,,,9.33600000e-009,-4.96437520e-001
,,,9.34000000e-009,-5.02906263e-001
,,,9.34400000e-009,-4.98687506e-001
,,,9.34800000e-009,-4.83999997e-001
,,,9.35200000e-009,-4.81593758e-001
,,,9.35600000e-009,-4.83937502e-001
,,,9.36000000e-009,-4.79250014e-001
,,,9.36400000e-009,-4.76000011e-001
,,,9.36800000e-009,-4.83999997e-001
,,,9.37200000e-009,-4.89843756e-001
,,,9.37600000e-009,-4.86031264e-001
,,,9.38000000e-009,-4.83999997e-001
,,,9.38400000e-009,-4.81375009e-001
,,,9.38800000e-009,-4.81781244e-001
,,,9.39200000e-009,-4.89749998e-001
,,,9.39600000e-009,-4.87749994e-001
,,,9.40000000e-009,-4.81750011e-001
,,,9.40400000e-009,-4.83562499e-001
,,,9.40800000e-009,-4.83999997e-001
,,,9.41200000e-009,-4.92249995e-001
,,,9.41600000e-009,-4.89687502e-001
,,,9.42000000e-009,-4.82531250e-001
,,,9.42400000e-009,-4.92000014e-001
,,,9.42800000e-009,-4.89250004e-001
,,,9.43200000e-009,-4.86499995e-001
,,,9.43600000e-009,-4.81781244e-001
,,,9.44000000e-009,-4.83999997e-001
,,,9.44400000e-009,-4.92000014e-001
,,,9.44800000e-009,-4.88375008e-001
,,,9.45200000e-009,-4.83999997e-001
,,,9.45600000e-009,-4.76812512e-001
,,,9.46000000e-009,-4.85156268e-001
,,,9.46400000e-009,-4.83999997e-001
,,,9.46800000e-009,-4.76000011e-001
,,,9.47200000e-009,-4.84468758e-001
,,,9.47600000e-009,-4.88093764e-001
,,,9.48000000e-009,-4.85406250e-001
,,,9.48400000e-009,-4.83812511e-001
,,,9.48800000e-009,-4.89687502e-001
,,,9.49200000e-009,-4.92000014e-001
,,,9.49600000e-009,-4.81218755e-001
,,,9.50000000e-009,-4.87562507e-001
,,,9.50400000e-009,-4.83999997e-001
,,,9.50800000e-009,-4.88218755e-001
,,,9.51200000e-009,-4.83999997e-001
,,,9.51600000e-009,-4.77531254e-001
,,,9.52000000e-009,-4.78187501e-001
,,,9.52400000e-009,-4.92000014e-001
,,,9.52800000e-009,-4.97187495e-001
,,,9.53200000e-009,-4.90843743e-001
,,,9.53600000e-009,-4.76000011e-001
,,,9.54000000e-009,-4.77468759e-001
,,,9.54400000e-009,-4.74562496e-001
,,,9.54800000e-009,-4.76000011e-001
,,,9.55200000e-009,-4.80625004e-001
,,,9.55600000e-009,-4.84281272e-001
,,,9.56000000e-009,-4.83999997e-001
,,,9.56400000e-009,-4.85281259e-001
,,,9.56800000e-009,-4.78625000e-001
,,,9.57200000e-009,-4.80625004e-001
,,,9.57600000e-009,-4.79343772e-001
,,,9.58000000e-009,-4.76000011e-001
,,,9.58400000e-009,-4.87343758e-001
,,,9.58800000e-009,-5.00812531e-001
,,,9.59200000e-009,-5.00000000e-001
,,,9.59600000e-009,-4.84187514e-001
,,,9.60000000e-009,-4.81218755e-001
,,,9.60400000e-009,-4.83999997e-001
,,,9.60800000e-009,-4.83999997e-001
,,,9.61200000e-009,-4.83843744e-001
,,,9.61600000e-009,-4.76000011e-001
,,,9.62000000e-009,-4.82625008e-001
,,,9.62400000e-009,-4.83999997e-001
,,,9.62800000e-009,-4.85281259e-001
,,,9.63200000e-009,-4.83999997e-001
,,,9.63600000e-009,-4.82437521e-001
,,,9.64000000e-009,-4.83999997e-001
,,,9.64400000e-009,-4.82531250e-001
,,,9.64800000e-009,-4.85687494e-001
,,,9.65200000e-009,-4.83999997e-001
,,,9.65600000e-009,-4.81437504e-001
,,,9.66000000e-009,-4.85031247e-001
,,,9.66400000e-009,-4.79468763e-001
,,,9.66800000e-009,-4.83656257e-001
,,,9.67200000e-009,-4.81593758e-001
,,,9.67600000e-009,-4.83999997e-001
,,,9.68000000e-009,-4.85843748e-001
,,,9.68400000e-009,-4.92875010e-001
,,,9.68800000e-009,-4.88375008e-001
,,,9.69200000e-009,-4.83999997e-001
,,,9.69600000e-009,-4.79156256e-001
,,,9.70000000e-009,-4.78750020e-001
,,,9.70400000e-009,-4.78218764e-001
,,,9.70800000e-009,-4.76000011e-001
,,,9.71200000e-009,-4.75125015e-001
,,,9.71600000e-009,-4.80906248e-001
,,,9.72000000e-009,-4.83031243e-001
,,,9.72400000e-009,-4.78593767e-001
,,,9.72800000e-009,-4.80281264e-001
,,,9.73200000e-009,-4.82906252e-001
,,,9.73600000e-009,-4.78687495e-001
,,,9.74000000e-009,-4.76000011e-001
,,,9.74400000e-009,-4.80312496e-001
,,,9.74800000e-009,-4.76000011e-001
,,,9.75200000e-009,-4.80562508e-001
,,,9.75600000e-009,-4.80156243e-001
,,,9.76000000e-009,-4.88343745e-001
,,,9.76400000e-009,-4.89875019e-001
,,,9.76800000e-009,-4.83999997e-001
,,,9.77200000e-009,-4.76000011e-001
,,,9.77600000e-009,-4.85343754e-001
,,,9.78000000e-009,-4.87156272e-001
,,,9.78400000e-009,-4.83999997e-001
,,,9.78800000e-009,-4.92000014e-001
,,,9.79200000e-009,-4.94812518e-001
,,,9.79600000e-009,-4.87968743e-001
,,,9.80000000e-009,-4.78593767e-001
,,,9.80400000e-009,-4.77625012e-001
,,,9.80800000e-009,-4.83999997e-001
,,,9.81200000e-009,-4.84375000e-001
,,,9.81600000e-009,-4.86312509e-001
,,,9.82000000e-009,-4.87812519e-001
,,,9.82400000e-009,-5.00000000e-001
,,,9.82800000e-009,-4.96968746e-001
,,,9.83200000e-009,-4.79656249e-001
,,,9.83600000e-009,-4.77187514e-001
,,,9.84000000e-009,-4.76531267e-001
,,,9.84400000e-009,-4.84750003e-001
,,,9.84800000e-009,-4.92000014e-001
,,,9.85200000e-009,-4.98781264e-001
,,,9.85600000e-009,-4.93437499e-001
,,,9.86000000e-009,-4.83125001e-001
,,,9.86400000e-009,-4.88562495e-001
,,,9.86800000e-009,-4.92000014e-001
,,,9.87200000e-009,-4.84093755e-001
,,,9.87600000e-009,-4.98906255e-001
,,,9.88000000e-009,-5.07281244e-001
,,,9.88400000e-009,-5.00000000e-001
,,,9.88800000e-009,-4.83906269e-001
,,,9.89200000e-009,-4.87031251e-001
,,,9.89600000e-009,-4.89656270e-001
,,,9.90000000e-009,-4.83531266e-001
,,,9.90400000e-009,-4.88312513e-001
,,,9.90800000e-009,-4.83999997e-001
,,,9.91200000e-009,-4.75343764e-001
,,,9.91600000e-009,-4.82374996e-001
,,,9.92000000e-009,-4.83999997e-001
,,,9.92400000e-009,-4.77906257e-001
,,,9.92800000e-009,-4.74281251e-001
,,,9.93200000e-009,-4.76000011e-001
,,,9.93600000e-009,-4.75093752e-001
,,,9.94000000e-009,-4.80812520e-001
,,,9.94400000e-009,-4.83062506e-001
,,,9.94800000e-009,-4.77968752e-001
,,,9.95200000e-009,-4.79687512e-001
,,,9.95600000e-009,-4.95250016e-001
,,,9.96000000e-009,-5.00000000e-001
,,,9.96400000e-009,-4.90875006e-001
,,,9.96800000e-009,-4.87062514e-001
,,,9.97200000e-009,-4.76875007e-001
,,,9.97600000e-009,-4.77218747e-001
,,,9.98000000e-009,-4.82656270e-001
,,,9.98400000e-009,-4.92249995e-001
,,,9.98800000e-009,-4.92000014e-001
,,,9.99200000e-009,-4.92000014e-001
,,,9.99600000e-009,-4.83062506e-001
,,,1.00000000e-008,-4.77843761e-001
,,,1.00040000e-008,-4.92000014e-001
,,,1.00080000e-008,-4.94562507e-001
,,,1.00120000e-008,-4.87062514e-001
,,,1.00160000e-008,-4.92000014e-001
,,,1.00200000e-008,-4.84625012e-001
,,,1.00240000e-008,-4.84750003e-001
,,,1.00280000e-008,-4.85750020e-001
,,,1.00320000e-008,-4.82656270e-001
,,,1.00360000e-008,-4.76062506e-001
,,,1.00400000e-008,-4.76218760e-001
,,,1.00440000e-008,-4.79687512e-001
,,,1.00480000e-008,-4.83999997e-001
,,,1.00520000e-008,-4.81031269e-001
,,,1.00560000e-008,-4.72218752e-001
,,,1.00600000e-008,-4.83999997e-001
,,,1.00640000e-008,-4.85968769e-001
,,,1.00680000e-008,-4.79093760e-001
,,,1.00720000e-008,-4.76000011e-001
,,,1.00760000e-008,-4.79062498e-001
,,,1.00800000e-008,-4.91156250e-001
,,,1.00840000e-008,-4.92000014e-001
,,,1.00880000e-008,-4.86656249e-001
,,,1.00920000e-008,-4.83999997e-001
,,,1.00960000e-008,-4.81468767e-001
,,,1.01000000e-008,-4.89500016e-001
,,,1.01040000e-008,-4.95875001e-001
,,,1.01080000e-008,-4.92000014e-001
,,,1.01120000e-008,-4.83999997e-001
,,,1.01160000e-008,-4.92000014e-001
,,,1.01200000e-008,-4.88281250e-001
,,,1.01240000e-008,-4.83999997e-001
,,,1.01280000e-008,-4.84562516e-001
,,,1.01320000e-008,-4.78156269e-001
,,,1.01360000e-008,-4.79343772e-001
,,,1.01400000e-008,-4.83875006e-001
,,,1.01440000e-008,-4.92000014e-001
,,,1.01480000e-008,-4.91093755e-001
,,,1.01520000e-008,-4.81781244e-001
,,,1.01560000e-008,-4.78687495e-001
,,,1.01600000e-008,-4.78468746e-001
,,,1.01640000e-008,-4.80781257e-001
,,,1.01680000e-008,-4.76000011e-001
,,,1.01720000e-008,-4.81468767e-001
,,,1.01760000e-008,-4.83999997e-001
,,,1.01800000e-008,-4.79718745e-001
,,,1.01840000e-008,-4.81218755e-001
,,,1.01880000e-008,-4.81156260e-001
,,,1.01920000e-008,-4.81468767e-001
,,,1.01960000e-008,-4.82125014e-001
,,,1.02000000e-008,-4.76000011e-001
,,,1.02040000e-008,-4.76000011e-001
,,,1.02080000e-008,-4.77625012e-001
,,,1.02120000e-008,-4.81843770e-001
,,,1.02160000e-008,-4.83999997e-001
,,,1.02200000e-008,-4.78968769e-001
,,,1.02240000e-008,-4.78875011e-001
,,,1.02280000e-008,-4.87406254e-001
,,,1.02320000e-008,-5.00000000e-001
,,,1.02360000e-008,-4.97593760e-001
,,,1.02400000e-008,-4.81781244e-001
,,,1.02440000e-008,-4.85375017e-001
,,,1.02480000e-008,-4.92000014e-001
,,,1.02520000e-008,-4.92187500e-001
,,,1.02560000e-008,-5.02312481e-001
,,,1.02600000e-008,-5.00000000e-001
,,,1.02640000e-008,-4.84687507e-001
,,,1.02680000e-008,-4.88968760e-001
,,,1.02720000e-008,-4.84312505e-001
,,,1.02760000e-008,-4.84874994e-001
,,,1.02800000e-008,-4.83999997e-001
,,,1.02840000e-008,-4.83999997e-001
,,,1.02880000e-008,-4.86625016e-001
,,,1.02920000e-008,-5.02406240e-001
,,,1.02960000e-008,-5.08000016e-001
,,,1.03000000e-008,-5.01437485e-001
,,,1.03040000e-008,-4.85031247e-001
,,,1.03080000e-008,-4.84937519e-001
,,,1.03120000e-008,-4.87718761e-001
,,,1.03160000e-008,-4.83875006e-001
,,,1.03200000e-008,-4.86312509e-001
,,,1.03240000e-008,-4.88593757e-001
,,,1.03280000e-008,-4.82437521e-001
,,,1.03320000e-008,-4.83999997e-001
,,,1.03360000e-008,-4.86468762e-001
,,,1.03400000e-008,-4.78343755e-001
,,,1.03440000e-008,-4.73218769e-001
,,,1.03480000e-008,-4.76875007e-001
,,,1.03520000e-008,-4.83999997e-001
,,,1.03560000e-008,-4.86093760e-001
,,,1.03600000e-008,-4.83999997e-001
,,,1.03640000e-008,-4.79687512e-001
,,,1.03680000e-008,-4.83999997e-001
,,,1.03720000e-008,-4.84750003e-001
,,,1.03760000e-008,-4.77593750e-001
,,,1.03800000e-008,-4.77468759e-001
,,,1.03840000e-008,-4.92000014e-001
,,,1.03880000e-008,-4.95656252e-001
,,,1.03920000e-008,-4.89937514e-001
,,,1.03960000e-008,-4.83999997e-001
,,,1.04000000e-008,-4.81562495e-001
,,,1.04040000e-008,-4.79031265e-001
,,,1.04080000e-008,-4.84531254e-001
,,,1.04120000e-008,-4.87000018e-001
,,,1.04160000e-008,-4.83999997e-001
,,,1.04200000e-008,-4.88312513e-001
,,,1.04240000e-008,-4.92156267e-001
,,,1.04280000e-008,-4.83999997e-001
,,,1.04320000e-008,-4.83999997e-001
,,,1.04360000e-008,-4.80250001e-001
,,,1.04400000e-008,-4.78781253e-001
,,,1.04440000e-008,-4.82156247e-001
,,,1.04480000e-008,-4.79656249e-001
,,,1.04520000e-008,-4.76000011e-001
,,,1.04560000e-008,-4.75687504e-001
,,,1.04600000e-008,-4.75968748e-001
,,,1.04640000e-008,-4.81937498e-001
,,,1.04680000e-008,-4.89218771e-001
,,,1.04720000e-008,-4.91781265e-001
,,,1.04760000e-008,-4.88562495e-001
,,,1.04800000e-008,-4.79499996e-001
,,,1.04840000e-008,-4.83999997e-001
,,,1.04880000e-008,-4.83500004e-001
,,,1.04920000e-008,-4.82812494e-001
,,,1.04960000e-008,-4.78906244e-001
,,,1.05000000e-008,-4.78656262e-001
,,,1.05040000e-008,-4.76000011e-001
,,,1.05080000e-008,-4.74343747e-001
,,,1.05120000e-008,-4.77718771e-001
,,,1.05160000e-008,-4.84593749e-001
,,,1.05200000e-008,-4.89562511e-001
,,,1.05240000e-008,-4.91812497e-001
,,,1.05280000e-008,-4.92000014e-001
,,,1.05320000e-008,-4.85312521e-001
,,,1.05360000e-008,-4.78656262e-001
,,,1.05400000e-008,-4.76000011e-001
,,,1.05440000e-008,-4.76000011e-001
,,,1.05480000e-008,-4.80812520e-001
,,,1.05520000e-008,-4.83999997e-001
,,,1.05560000e-008,-4.85156268e-001
,,,1.05600000e-008,-4.89406258e-001
,,,1.05640000e-008,-4.83999997e-001
,,,1.05680000e-008,-4.78718758e-001
,,,1.05720000e-008,-4.81031269e-001
,,,1.05760000e-008,-4.81656253e-001
,,,1.05800000e-008,-4.79937494e-001
,,,1.05840000e-008,-4.81093764e-001
,,,1.05880000e-008,-4.92000014e-001
,,,1.05920000e-008,-4.96906251e-001
,,,1.05960000e-008,-4.91625011e-001
,,,1.06000000e-008,-4.93718743e-001
,,,1.06040000e-008,-4.83999997e-001
,,,1.06080000e-008,-4.82187510e-001
,,,1.06120000e-008,-4.81250018e-001
,,,1.06160000e-008,-4.85624999e-001
,,,1.06200000e-008,-4.81750011e-001
,,,1.06240000e-008,-4.83999997e-001
,,,1.06280000e-008,-4.86062497e-001
,,,1.06320000e-008,-4.76000011e-001
,,,1.06360000e-008,-4.76000011e-001
,,,1.06400000e-008,-4.80437517e-001
,,,1.06440000e-008,-4.83999997e-001
,,,1.06480000e-008,-4.85125005e-001
,,,1.06520000e-008,-4.77718771e-001
,,,1.06560000e-008,-4.79000002e-001
,,,1.06600000e-008,-4.79312509e-001
,,,1.06640000e-008,-4.80531245e-001
,,,1.06680000e-008,-4.83999997e-001
,,,1.06720000e-008,-4.81875002e-001
,,,1.06760000e-008,-4.88187522e-001
,,,1.06800000e-008,-4.92000014e-001
,,,1.06840000e-008,-4.84468758e-001
,,,1.06880000e-008,-4.80406255e-001
,,,1.06920000e-008,-4.83906269e-001
,,,1.06960000e-008,-4.86031264e-001
,,,1.07000000e-008,-4.87250000e-001
,,,1.07040000e-008,-4.84187514e-001
,,,1.07080000e-008,-4.83999997e-001
,,,1.07120000e-008,-4.78937507e-001
,,,1.07160000e-008,-4.80218768e-001
,,,1.07200000e-008,-4.83687520e-001
,,,1.07240000e-008,-4.83999997e-001
,,,1.07280000e-008,-4.83999997e-001
,,,1.07320000e-008,-4.81656253e-001
,,,1.07360000e-008,-4.81875002e-001
,,,1.07400000e-008,-4.88499999e-001
,,,1.07440000e-008,-5.00000000e-001
,,,1.07480000e-008,-4.99062508e-001
,,,1.07520000e-008,-4.87250000e-001
,,,1.07560000e-008,-4.72937495e-001
,,,1.07600000e-008,-4.76000011e-001
,,,1.07640000e-008,-4.79625016e-001
,,,1.07680000e-008,-4.76000011e-001
,,,1.07720000e-008,-4.71937507e-001
,,,1.07760000e-008,-4.73749995e-001
,,,1.07800000e-008,-4.83593762e-001
,,,1.07840000e-008,-4.83999997e-001
,,,1.07880000e-008,-4.80625004e-001
,,,1.07920000e-008,-4.83999997e-001
,,,1.07960000e-008,-4.83218759e-001
,,,1.08000000e-008,-4.83999997e-001
,,,1.08040000e-008,-4.89843756e-001
,,,1.08080000e-008,-4.86406267e-001
,,,1.08120000e-008,-4.75406259e-001
,,,1.08160000e-008,-4.78968769e-001
,,,1.08200000e-008,-4.80749995e-001
,,,1.08240000e-008,-4.81750011e-001
,,,1.08280000e-008,-4.79000002e-001
,,,1.08320000e-008,-4.82562512e-001
,,,1.08360000e-008,-4.86343771e-001
,,,1.08400000e-008,-4.81187493e-001
,,,1.08440000e-008,-4.76000011e-001
,,,1.08480000e-008,-4.77250010e-001
,,,1.08520000e-008,-4.89968747e-001
,,,1.08560000e-008,-4.92687494e-001
,,,1.08600000e-008,-4.83999997e-001
,,,1.08640000e-008,-4.75031257e-001
,,,1.08680000e-008,-4.72406268e-001
,,,1.08720000e-008,-4.75406259e-001
,,,1.08760000e-008,-4.82562512e-001
,,,1.08800000e-008,-4.89562511e-001
,,,1.08840000e-008,-4.92000014e-001
,,,1.08880000e-008,-4.88375008e-001
,,,1.08920000e-008,-4.83000010e-001
,,,1.08960000e-008,-4.82093751e-001
,,,1.09000000e-008,-4.83999997e-001
,,,1.09040000e-008,-4.78249997e-001
,,,1.09080000e-008,-4.81156260e-001
,,,1.09120000e-008,-4.83999997e-001
,,,1.09160000e-008,-4.82093751e-001
,,,1.09200000e-008,-4.80000019e-001
,,,1.09240000e-008,-4.77812499e-001
,,,1.09280000e-008,-4.83468771e-001
,,,1.09320000e-008,-4.89187509e-001
,,,1.09360000e-008,-4.84562516e-001
,,,1.09400000e-008,-4.89312500e-001
,,,1.09440000e-008,-4.83999997e-001
,,,1.09480000e-008,-4.70093757e-001
,,,1.09520000e-008,-4.82843757e-001
,,,1.09560000e-008,-4.94000018e-001
,,,1.09600000e-008,-4.92000014e-001
,,,1.09640000e-008,-4.76687521e-001
,,,1.09680000e-008,-4.84156251e-001
,,,1.09720000e-008,-4.83624995e-001
,,,1.09760000e-008,-4.78281260e-001
,,,1.09800000e-008,-4.77531254e-001
,,,1.09840000e-008,-4.76000011e-001
,,,1.09880000e-008,-4.83281255e-001
,,,1.09920000e-008,-4.87562507e-001
,,,1.09960000e-008,-4.84187514e-001
,,,1.10000000e-008,-4.83999997e-001
,,,1.10040000e-008,-4.76812512e-001
,,,1.10080000e-008,-4.76000011e-001
,,,1.10120000e-008,-4.75937515e-001
,,,1.10160000e-008,-4.84281272e-001
,,,1.10200000e-008,-4.81625021e-001
,,,1.10240000e-008,-4.83999997e-001
,,,1.10280000e-008,-4.80093747e-001
,,,1.10320000e-008,-4.86031264e-001
,,,1.10360000e-008,-4.87250000e-001
,,,1.10400000e-008,-4.92000014e-001
,,,1.10440000e-008,-4.84750003e-001
,,,1.10480000e-008,-4.79906261e-001
,,,1.10520000e-008,-4.77781266e-001
,,,1.10560000e-008,-4.74999994e-001
,,,1.10600000e-008,-4.82250005e-001
,,,1.10640000e-008,-4.88000005e-001
,,,1.10680000e-008,-4.83999997e-001
,,,1.10720000e-008,-4.92000014e-001
,,,1.10760000e-008,-4.92468745e-001
,,,1.10800000e-008,-4.90156263e-001
,,,1.10840000e-008,-4.79062498e-001
,,,1.10880000e-008,-4.83999997e-001
,,,1.10920000e-008,-4.81968760e-001
,,,1.10960000e-008,-4.79499996e-001
,,,1.11000000e-008,-4.86562520e-001
,,,1.11040000e-008,-4.92000014e-001
,,,1.11080000e-008,-4.88437504e-001
,,,1.11120000e-008,-4.83968765e-001
,,,1.11160000e-008,-4.91343766e-001
,,,1.11200000e-008,-4.91343766e-001
,,,1.11240000e-008,-4.91718769e-001
,,,1.11280000e-008,-4.80687499e-001
,,,1.11320000e-008,-4.74750012e-001
,,,1.11360000e-008,-4.80843753e-001
,,,1.11400000e-008,-4.78000015e-001
,,,1.11440000e-008,-4.83999997e-001
,,,1.11480000e-008,-4.88999993e-001
,,,1.11520000e-008,-4.83281255e-001
,,,1.11560000e-008,-4.76000011e-001
,,,1.11600000e-008,-4.82875019e-001
,,,1.11640000e-008,-4.80062515e-001
,,,1.11680000e-008,-4.83999997e-001
,,,1.11720000e-008,-4.91312504e-001
,,,1.11760000e-008,-4.92875010e-001
,,,1.11800000e-008,-4.83999997e-001
,,,1.11840000e-008,-4.83999997e-001
,,,1.11880000e-008,-4.78906244e-001
,,,1.11920000e-008,-4.76000011e-001
,,,1.11960000e-008,-4.78843749e-001
,,,1.12000000e-008,-4.79625016e-001
,,,1.12040000e-008,-4.76968765e-001
,,,1.12080000e-008,-4.70968753e-001
,,,1.12120000e-008,-4.70312506e-001
,,,1.12160000e-008,-4.75906253e-001
,,,1.12200000e-008,-4.78375018e-001
,,,1.12240000e-008,-4.85000014e-001
,,,1.12280000e-008,-4.87437516e-001
,,,1.12320000e-008,-4.81187493e-001
,,,1.12360000e-008,-4.76343751e-001
,,,1.12400000e-008,-4.76000011e-001
,,,1.12440000e-008,-4.77937520e-001
,,,1.12480000e-008,-4.83999997e-001
,,,1.12520000e-008,-4.83500004e-001
,,,1.12560000e-008,-4.83031243e-001
,,,1.12600000e-008,-4.83999997e-001
,,,1.12640000e-008,-4.80625004e-001
,,,1.12680000e-008,-4.72000003e-001
,,,1.12720000e-008,-4.76000011e-001
,,,1.12760000e-008,-4.84250009e-001
,,,1.12800000e-008,-4.87156272e-001
,,,1.12840000e-008,-4.86312509e-001
,,,1.12880000e-008,-4.76000011e-001
,,,1.12920000e-008,-4.73906249e-001
,,,1.12960000e-008,-4.76000011e-001
,,,1.13000000e-008,-4.76000011e-001
,,,1.13040000e-008,-4.75437492e-001
,,,1.13080000e-008,-4.77593750e-001
,,,1.13120000e-008,-4.76000011e-001
,,,1.13160000e-008,-4.77218747e-001
,,,1.13200000e-008,-4.76437509e-001
,,,1.13240000e-008,-4.84125018e-001
,,,1.13280000e-008,-4.83999997e-001
,,,1.13320000e-008,-4.87093747e-001
,,,1.13360000e-008,-4.85031247e-001
,,,1.13400000e-008,-4.83656257e-001
,,,1.13440000e-008,-4.83999997e-001
,,,1.13480000e-008,-4.76000011e-001
,,,1.13520000e-008,-4.74500000e-001
,,,1.13560000e-008,-4.79593754e-001
,,,1.13600000e-008,-4.83999997e-001
,,,1.13640000e-008,-4.83999997e-001
,,,1.13680000e-008,-4.91125017e-001
,,,1.13720000e-008,-4.86499995e-001
,,,1.13760000e-008,-4.83999997e-001
,,,1.13800000e-008,-4.85781252e-001
,,,1.13840000e-008,-4.81187493e-001
,,,1.13880000e-008,-4.73312497e-001
,,,1.13920000e-008,-4.76000011e-001
,,,1.13960000e-008,-4.81062502e-001
,,,1.14000000e-008,-4.92000014e-001
,,,1.14040000e-008,-4.91250008e-001
,,,1.14080000e-008,-4.81093764e-001
,,,1.14120000e-008,-4.85750020e-001
,,,1.14160000e-008,-4.96593744e-001
,,,1.14200000e-008,-5.04781246e-001
,,,1.14240000e-008,-5.00000000e-001
,,,1.14280000e-008,-4.82625008e-001
,,,1.14320000e-008,-4.76000011e-001
,,,1.14360000e-008,-4.76687521e-001
,,,1.14400000e-008,-4.76000011e-001
,,,1.14440000e-008,-4.76750016e-001
,,,1.14480000e-008,-4.73281264e-001
,,,1.14520000e-008,-4.75437492e-001
,,,1.14560000e-008,-4.77125019e-001
,,,1.14600000e-008,-4.94500011e-001
,,,1.14640000e-008,-5.00000000e-001
,,,1.14680000e-008,-4.89531249e-001
,,,1.14720000e-008,-4.99593765e-001
,,,1.14760000e-008,-5.00000000e-001
,,,1.14800000e-008,-4.85031247e-001
,,,1.14840000e-008,-4.83999997e-001
,,,1.14880000e-008,-4.81343746e-001
,,,1.14920000e-008,-4.82374996e-001
,,,1.14960000e-008,-4.79718745e-001
,,,1.15000000e-008,-4.83562499e-001
,,,1.15040000e-008,-4.83999997e-001
,,,1.15080000e-008,-4.76000011e-001
,,,1.15120000e-008,-4.88625020e-001
,,,1.15160000e-008,-4.95843768e-001
,,,1.15200000e-008,-4.91187513e-001
,,,1.15240000e-008,-4.83999997e-001
,,,1.15280000e-008,-4.83999997e-001
,,,1.15320000e-008,-4.81812507e-001
,,,1.15360000e-008,-4.92000014e-001
,,,1.15400000e-008,-4.92156267e-001
,,,1.15440000e-008,-4.79906261e-001
,,,1.15480000e-008,-4.76000011e-001
,,,1.15520000e-008,-4.76000011e-001
,,,1.15560000e-008,-4.76843745e-001
,,,1.15600000e-008,-4.85468745e-001
,,,1.15640000e-008,-4.83999997e-001
,,,1.15680000e-008,-4.92000014e-001
,,,1.15720000e-008,-4.91156250e-001
,,,1.15760000e-008,-4.89468753e-001
,,,1.15800000e-008,-4.92281258e-001
,,,1.15840000e-008,-4.83999997e-001
,,,1.15880000e-008,-4.85656261e-001
,,,1.15920000e-008,-4.83999997e-001
,,,1.15960000e-008,-4.75437492e-001
,,,1.16000000e-008,-4.83999997e-001
,,,1.16040000e-008,-4.89468753e-001
,,,1.16080000e-008,-4.85937506e-001
,,,1.16120000e-008,-4.83999997e-001
,,,1.16160000e-008,-4.83406246e-001
,,,1.16200000e-008,-4.79031265e-001
,,,1.16240000e-008,-4.79343772e-001
,,,1.16280000e-008,-4.71437514e-001
,,,1.16320000e-008,-4.79000002e-001
,,,1.16360000e-008,-4.89218771e-001
,,,1.16400000e-008,-4.91187513e-001
,,,1.16440000e-008,-4.83999997e-001
,,,1.16480000e-008,-4.76000011e-001
,,,1.16520000e-008,-4.76343751e-001
,,,1.16560000e-008,-4.82187510e-001
,,,1.16600000e-008,-4.87625003e-001
,,,1.16640000e-008,-4.87906247e-001
,,,1.16680000e-008,-4.83999997e-001
,,,1.16720000e-008,-4.92000014e-001
,,,1.16760000e-008,-4.90093768e-001
,,,1.16800000e-008,-4.83999997e-001
,,,1.16840000e-008,-4.79062498e-001
,,,1.16880000e-008,-4.83968765e-001
,,,1.16920000e-008,-4.92000014e-001
,,,1.16960000e-008,-4.89531249e-001
,,,1.17000000e-008,-4.78812516e-001
,,,1.17040000e-008,-4.89218771e-001
,,,1.17080000e-008,-4.98562515e-001
,,,1.17120000e-008,-5.00718772e-001
,,,1.17160000e-008,-4.90531266e-001
,,,1.17200000e-008,-4.92000014e-001
,,,1.17240000e-008,-5.03906250e-001
,,,1.17280000e-008,-5.01625001e-001
,,,1.17320000e-008,-4.86656249e-001
,,,1.17360000e-008,-4.76999998e-001
,,,1.17400000e-008,-4.76000011e-001
,,,1.17440000e-008,-4.73500013e-001
,,,1.17480000e-008,-4.73406255e-001
,,,1.17520000e-008,-4.76750016e-001
,,,1.17560000e-008,-4.76000011e-001
,,,1.17600000e-008,-4.86062497e-001
,,,1.17640000e-008,-4.83968765e-001
,,,1.17680000e-008,-4.81156260e-001
,,,1.17720000e-008,-4.83281255e-001
,,,1.17760000e-008,-4.91968751e-001
,,,1.17800000e-008,-4.92000014e-001
,,,1.17840000e-008,-4.84406263e-001
,,,1.17880000e-008,-4.82625008e-001
,,,1.17920000e-008,-4.76000011e-001
,,,1.17960000e-008,-4.73343760e-001
,,,1.18000000e-008,-4.83999997e-001
,,,1.18040000e-008,-4.87812519e-001
,,,1.18080000e-008,-4.81625021e-001
,,,1.18120000e-008,-4.92000014e-001
,,,1.18160000e-008,-4.87656265e-001
,,,1.18200000e-008,-4.82937515e-001
,,,1.18240000e-008,-4.80093747e-001
,,,1.18280000e-008,-4.78593767e-001
,,,1.18320000e-008,-4.83999997e-001
,,,1.18360000e-008,-4.90187496e-001
,,,1.18400000e-008,-4.86124992e-001
,,,1.18440000e-008,-4.75312501e-001
,,,1.18480000e-008,-4.68437493e-001
,,,1.18520000e-008,-4.77187514e-001
,,,1.18560000e-008,-4.79437500e-001
,,,1.18600000e-008,-4.87468749e-001
,,,1.18640000e-008,-4.94937509e-001
,,,1.18680000e-008,-4.92000014e-001
,,,1.18720000e-008,-4.81343746e-001
,,,1.18760000e-008,-4.80125010e-001
,,,1.18800000e-008,-4.83999997e-001
,,,1.18840000e-008,-4.80812520e-001
,,,1.18880000e-008,-4.79781270e-001
,,,1.18920000e-008,-4.76000011e-001
,,,1.18960000e-008,-4.72718745e-001
,,,1.19000000e-008,-4.71000016e-001
,,,1.19040000e-008,-4.81812507e-001
,,,1.19080000e-008,-4.95593756e-001
,,,1.19120000e-008,-5.00000000e-001
,,,1.19160000e-008,-4.93281245e-001
,,,1.19200000e-008,-4.78375018e-001
,,,1.19240000e-008,-4.76249993e-001
,,,1.19280000e-008,-4.76593763e-001
,,,1.19320000e-008,-4.75562513e-001
,,,1.19360000e-008,-4.80406255e-001
,,,1.19400000e-008,-4.77750003e-001
,,,1.19440000e-008,-4.83999997e-001
,,,1.19480000e-008,-4.82718766e-001
,,,1.19520000e-008,-4.76000011e-001
,,,1.19560000e-008,-4.78968769e-001
,,,1.19600000e-008,-4.82937515e-001
,,,1.19640000e-008,-4.84500021e-001
,,,1.19680000e-008,-4.84656245e-001
,,,1.19720000e-008,-4.83999997e-001
,,,1.19760000e-008,-4.76000011e-001
,,,1.19800000e-008,-4.76000011e-001
,,,1.19840000e-008,-4.79031265e-001
,,,1.19880000e-008,-4.74312514e-001
,,,1.19920000e-008,-4.70218748e-001
,,,1.19960000e-008,-4.80281264e-001
,,,1.20000000e-008,-4.83999997e-001
,,,1.20040000e-008,-4.92562503e-001
,,,1.20080000e-008,-4.90781248e-001
,,,1.20120000e-008,-4.89656270e-001
,,,1.20160000e-008,-4.83687520e-001
,,,1.20200000e-008,-4.83999997e-001
,,,1.20240000e-008,-4.83312517e-001
,,,1.20280000e-008,-4.83156264e-001
,,,1.20320000e-008,-4.92000014e-001
,,,1.20360000e-008,-4.92624998e-001
,,,1.20400000e-008,-4.92000014e-001
,,,1.20440000e-008,-4.84968752e-001
,,,1.20480000e-008,-4.72031265e-001
,,,1.20520000e-008,-4.76375014e-001
,,,1.20560000e-008,-4.78593767e-001
,,,1.20600000e-008,-4.78156269e-001
,,,1.20640000e-008,-4.78000015e-001
,,,1.20680000e-008,-4.83999997e-001
,,,1.20720000e-008,-4.92000014e-001
,,,1.20760000e-008,-4.92750019e-001
,,,1.20800000e-008,-4.82281268e-001
,,,1.20840000e-008,-4.79437500e-001
,,,1.20880000e-008,-4.84437495e-001
,,,1.20920000e-008,-4.82656270e-001
,,,1.20960000e-008,-4.81093764e-001
,,,1.21000000e-008,-4.96593744e-001
,,,1.21040000e-008,-5.08000016e-001
,,,1.21080000e-008,-5.01874983e-001
,,,1.21120000e-008,-4.80218768e-001
,,,1.21160000e-008,-4.74468768e-001
,,,1.21200000e-008,-4.76000011e-001
,,,1.21240000e-008,-4.76000011e-001
,,,1.21280000e-008,-4.74843770e-001
,,,1.21320000e-008,-4.76500005e-001
,,,1.21360000e-008,-4.76343751e-001
,,,1.21400000e-008,-4.86156255e-001
,,,1.21440000e-008,-4.83999997e-001
,,,1.21480000e-008,-4.77812499e-001
,,,1.21520000e-008,-4.83999997e-001
,,,1.21560000e-008,-4.98656243e-001
,,,1.21600000e-008,-4.99531269e-001
,,,1.21640000e-008,-4.83999997e-001
,,,1.21680000e-008,-4.80625004e-001
,,,1.21720000e-008,-4.77656245e-001
,,,1.21760000e-008,-4.76624995e-001
,,,1.21800000e-008,-4.76000011e-001
,,,1.21840000e-008,-4.85718757e-001
,,,1.21880000e-008,-4.88000005e-001
,,,1.21920000e-008,-4.83250022e-001
,,,1.21960000e-008,-4.92187500e-001
,,,1.22000000e-008,-4.97781247e-001
,,,1.22040000e-008,-4.94843751e-001
,,,1.22080000e-008,-4.83999997e-001
,,,1.22120000e-008,-4.81531262e-001
,,,1.22160000e-008,-4.78843749e-001
,,,1.22200000e-008,-4.86906260e-001
,,,1.22240000e-008,-4.92000014e-001
,,,1.22280000e-008,-4.92000014e-001
,,,1.22320000e-008,-4.85000014e-001
,,,1.22360000e-008,-4.74875003e-001
,,,1.22400000e-008,-4.76968765e-001
,,,1.22440000e-008,-4.83999997e-001
,,,1.22480000e-008,-4.81937498e-001
,,,1.22520000e-008,-4.72062498e-001
,,,1.22560000e-008,-4.77062494e-001
,,,1.22600000e-008,-4.76500005e-001
,,,1.22640000e-008,-4.77968752e-001
,,,1.22680000e-008,-4.76624995e-001
,,,1.22720000e-008,-4.75125015e-001
,,,1.22760000e-008,-4.81593758e-001
,,,1.22800000e-008,-4.88250017e-001
,,,1.22840000e-008,-4.92000014e-001
,,,1.22880000e-008,-4.86062497e-001
,,,1.22920000e-008,-4.86750007e-001
,,,1.22960000e-008,-4.80718762e-001
,,,1.23000000e-008,-4.83531266e-001
,,,1.23040000e-008,-4.91562515e-001
,,,1.23080000e-008,-4.92000014e-001
,,,1.23120000e-008,-4.90156263e-001
,,,1.23160000e-008,-4.88312513e-001
,,,1.23200000e-008,-4.84750003e-001
,,,1.23240000e-008,-4.79281247e-001
,,,1.23280000e-008,-4.80062515e-001
,,,1.23320000e-008,-4.85000014e-001
,,,1.23360000e-008,-4.81562495e-001
,,,1.23400000e-008,-4.77656245e-001
,,,1.23440000e-008,-4.79093760e-001
,,,1.23480000e-008,-4.84250009e-001
,,,1.23520000e-008,-4.85750020e-001
,,,1.23560000e-008,-4.85718757e-001
,,,1.23600000e-008,-4.76593763e-001
,,,1.23640000e-008,-4.93093759e-001
,,,1.23680000e-008,-4.99281257e-001
,,,1.23720000e-008,-4.93531257e-001
,,,1.23760000e-008,-4.76781249e-001
,,,1.23800000e-008,-4.78312492e-001
,,,1.23840000e-008,-4.85624999e-001
,,,1.23880000e-008,-4.92000014e-001
,,,1.23920000e-008,-4.92093772e-001
,,,1.23960000e-008,-4.82875019e-001
,,,1.24000000e-008,-4.81906265e-001
,,,1.24040000e-008,-4.92000014e-001
,,,1.24080000e-008,-4.90406245e-001
,,,1.24120000e-008,-4.78562504e-001
,,,1.24160000e-008,-4.89843756e-001
,,,1.24200000e-008,-5.00000000e-001
,,,1.24240000e-008,-4.97000009e-001
,,,1.24280000e-008,-4.82781261e-001
,,,1.24320000e-008,-4.76000011e-001
,,,1.24360000e-008,-4.80656266e-001
,,,1.24400000e-008,-4.81656253e-001
,,,1.24440000e-008,-4.76000011e-001
,,,1.24480000e-008,-4.81343746e-001
,,,1.24520000e-008,-4.81375009e-001
,,,1.24560000e-008,-4.80093747e-001
,,,1.24600000e-008,-4.79750007e-001
,,,1.24640000e-008,-4.76000011e-001
,,,1.24680000e-008,-4.79124993e-001
,,,1.24720000e-008,-4.84125018e-001
,,,1.24760000e-008,-4.82749999e-001
,,,1.24800000e-008,-4.88562495e-001
,,,1.24840000e-008,-5.00312507e-001
,,,1.24880000e-008,-4.99312520e-001
,,,1.24920000e-008,-4.83999997e-001
,,,1.24960000e-008,-4.83999997e-001
,,,1.25000000e-008,-4.85593766e-001
,,,1.25040000e-008,-4.84375000e-001
,,,1.25080000e-008,-4.84593749e-001
,,,1.25120000e-008,-4.83843744e-001
,,,1.25160000e-008,-4.83999997e-001
,,,1.25200000e-008,-4.83999997e-001
,,,1.25240000e-008,-4.83999997e-001
,,,1.25280000e-008,-4.84874994e-001
,,,1.25320000e-008,-4.83812511e-001
,,,1.25360000e-008,-4.77531254e-001
,,,1.25400000e-008,-4.80406255e-001
,,,1.25440000e-008,-4.80906248e-001
,,,1.25480000e-008,-4.87250000e-001
,,,1.25520000e-008,-4.84781265e-001
,,,1.25560000e-008,-4.83999997e-001
,,,1.25600000e-008,-4.83999997e-001
,,,1.25640000e-008,-4.79062498e-001
,,,1.25680000e-008,-4.76000011e-001
,,,1.25720000e-008,-4.76687521e-001
,,,1.25760000e-008,-4.79031265e-001
,,,1.25800000e-008,-4.83999997e-001
,,,1.25840000e-008,-4.78625000e-001
,,,1.25880000e-008,-4.76000011e-001
,,,1.25920000e-008,-4.76593763e-001
,,,1.25960000e-008,-4.76000011e-001
,,,1.26000000e-008,-4.78312492e-001
,,,1.26040000e-008,-4.81999993e-001
,,,1.26080000e-008,-4.83999997e-001
,,,1.26120000e-008,-4.83000010e-001
,,,1.26160000e-008,-4.83656257e-001
,,,1.26200000e-008,-4.76000011e-001
,,,1.26240000e-008,-4.71156269e-001
,,,1.26280000e-008,-4.75562513e-001
,,,1.26320000e-008,-4.83999997e-001
,,,1.26360000e-008,-4.84187514e-001
,,,1.26400000e-008,-4.77937520e-001
,,,1.26440000e-008,-4.72000003e-001
,,,1.26480000e-008,-4.77437496e-001
,,,1.26520000e-008,-4.82906252e-001
,,,1.26560000e-008,-4.79437500e-001
,,,1.26600000e-008,-4.88718748e-001
,,,1.26640000e-008,-4.89531249e-001
,,,1.26680000e-008,-4.80000019e-001
,,,1.26720000e-008,-4.76406246e-001
,,,1.26760000e-008,-4.83999997e-001
,,,1.26800000e-008,-4.89218771e-001
,,,1.26840000e-008,-4.85187501e-001
,,,1.26880000e-008,-4.83250022e-001
,,,1.26920000e-008,-4.71031249e-001
,,,1.26960000e-008,-4.69656259e-001
,,,1.27000000e-008,-4.77156252e-001
,,,1.27040000e-008,-4.83999997e-001
,,,1.27080000e-008,-4.83999997e-001
,,,1.27120000e-008,-4.76156265e-001
,,,1.27160000e-008,-4.76000011e-001
,,,1.27200000e-008,-4.75875020e-001
,,,1.27240000e-008,-4.76000011e-001
,,,1.27280000e-008,-4.81656253e-001
,,,1.27320000e-008,-4.88499999e-001
,,,1.27360000e-008,-4.83999997e-001
,,,1.27400000e-008,-4.83999997e-001
,,,1.27440000e-008,-4.83999997e-001
,,,1.27480000e-008,-4.80749995e-001
,,,1.27520000e-008,-4.77531254e-001
,,,1.27560000e-008,-4.78875011e-001
,,,1.27600000e-008,-4.88999993e-001
,,,1.27640000e-008,-4.90968764e-001
,,,1.27680000e-008,-4.86281246e-001
,,,1.27720000e-008,-4.88656253e-001
,,,1.27760000e-008,-4.93093759e-001
,,,1.27800000e-008,-4.89187509e-001
,,,1.27840000e-008,-4.83999997e-001
,,,1.27880000e-008,-4.77593750e-001
,,,1.27920000e-008,-4.83999997e-001
,,,1.27960000e-008,-4.81875002e-001
,,,1.28000000e-008,-4.75749999e-001
,,,1.28040000e-008,-4.84843761e-001
,,,1.28080000e-008,-4.89531249e-001
,,,1.28120000e-008,-4.87062514e-001
,,,1.28160000e-008,-4.78125006e-001
,,,1.28200000e-008,-4.77562517e-001
,,,1.28240000e-008,-4.83999997e-001
,,,1.28280000e-008,-4.78500009e-001
,,,1.28320000e-008,-4.76999998e-001
,,,1.28360000e-008,-4.76000011e-001
,,,1.28400000e-008,-4.76593763e-001
,,,1.28440000e-008,-4.88625020e-001
,,,1.28480000e-008,-4.92000014e-001
,,,1.28520000e-008,-4.82406259e-001
,,,1.28560000e-008,-4.91125017e-001
,,,1.28600000e-008,-5.00000000e-001
,,,1.28640000e-008,-4.96374995e-001
,,,1.28680000e-008,-4.82031256e-001
,,,1.28720000e-008,-4.76000011e-001
,,,1.28760000e-008,-4.74937499e-001
,,,1.28800000e-008,-4.70937520e-001
,,,1.28840000e-008,-4.76000011e-001
,,,1.28880000e-008,-4.73187506e-001
,,,1.28920000e-008,-4.76000011e-001
,,,1.28960000e-008,-4.70343769e-001
,,,1.29000000e-008,-4.73281264e-001
,,,1.29040000e-008,-4.77625012e-001
,,,1.29080000e-008,-4.76000011e-001
,,,1.29120000e-008,-4.83999997e-001
,,,1.29160000e-008,-4.92062509e-001
,,,1.29200000e-008,-4.95312512e-001
,,,1.29240000e-008,-4.99875009e-001
,,,1.29280000e-008,-4.92000014e-001
,,,1.29320000e-008,-4.76000011e-001
,,,1.29360000e-008,-4.78562504e-001
,,,1.29400000e-008,-4.74781245e-001
,,,1.29440000e-008,-4.72531259e-001
,,,1.29480000e-008,-4.76000011e-001
,,,1.29520000e-008,-4.71718758e-001
,,,1.29560000e-008,-4.76781249e-001
,,,1.29600000e-008,-4.80812520e-001
,,,1.29640000e-008,-4.85312521e-001
,,,1.29680000e-008,-4.90718752e-001
,,,1.29720000e-008,-4.86312509e-001
,,,1.29760000e-008,-4.85406250e-001
,,,1.29800000e-008,-4.81124997e-001
,,,1.29840000e-008,-4.78906244e-001
,,,1.29880000e-008,-4.72250015e-001
,,,1.29920000e-008,-4.75531250e-001
,,,1.29960000e-008,-4.75875020e-001
,,,1.30000000e-008,-4.76000011e-001
,,,1.30040000e-008,-4.79874998e-001
,,,1.30080000e-008,-4.91062522e-001
,,,1.30120000e-008,-4.91374999e-001
,,,1.30160000e-008,-4.80437517e-001
,,,1.30200000e-008,-4.74875003e-001
,,,1.30240000e-008,-4.82281268e-001
,,,1.30280000e-008,-4.83937502e-001
,,,1.30320000e-008,-4.77656245e-001
,,,1.30360000e-008,-4.87968743e-001
,,,1.30400000e-008,-4.90437508e-001
,,,1.30440000e-008,-4.91343766e-001
,,,1.30480000e-008,-4.92000014e-001
,,,1.30520000e-008,-4.80343759e-001
,,,1.30560000e-008,-4.82625008e-001
,,,1.30600000e-008,-4.83999997e-001
,,,1.30640000e-008,-4.87531245e-001
,,,1.30680000e-008,-4.83999997e-001
,,,1.30720000e-008,-4.80656266e-001
,,,1.30760000e-008,-4.72093761e-001
,,,1.30800000e-008,-4.74375010e-001
,,,1.30840000e-008,-4.76000011e-001
,,,1.30880000e-008,-4.82718766e-001
,,,1.30920000e-008,-4.83999997e-001
,,,1.30960000e-008,-4.86437500e-001
,,,1.31000000e-008,-4.84562516e-001
,,,1.31040000e-008,-4.77500021e-001
,,,1.31080000e-008,-4.72750008e-001
,,,1.31120000e-008,-4.76000011e-001
,,,1.31160000e-008,-4.76000011e-001
,,,1.31200000e-008,-4.76000011e-001
,,,1.31240000e-008,-4.85249996e-001
,,,1.31280000e-008,-4.94156271e-001
,,,1.31320000e-008,-5.00000000e-001
,,,1.31360000e-008,-4.95812505e-001
,,,1.31400000e-008,-4.83718753e-001
,,,1.31440000e-008,-4.85437512e-001
,,,1.31480000e-008,-4.92000014e-001
,,,1.31520000e-008,-4.83968765e-001
,,,1.31560000e-008,-4.79937494e-001
,,,1.31600000e-008,-4.77406263e-001
,,,1.31640000e-008,-4.69593763e-001
,,,1.31680000e-008,-4.70406264e-001
,,,1.31720000e-008,-4.74468768e-001
,,,1.31760000e-008,-4.80625004e-001
,,,1.31800000e-008,-4.77031261e-001
,,,1.31840000e-008,-4.79281247e-001
,,,1.31880000e-008,-4.76000011e-001
,,,1.31920000e-008,-4.70281243e-001
,,,1.31960000e-008,-4.73187506e-001
,,,1.32000000e-008,-4.79187518e-001
,,,1.32040000e-008,-4.88875002e-001
,,,1.32080000e-008,-4.91406262e-001
,,,1.32120000e-008,-4.84187514e-001
,,,1.32160000e-008,-4.84531254e-001
,,,1.32200000e-008,-4.85468745e-001
,,,1.32240000e-008,-4.78125006e-001
,,,1.32280000e-008,-4.76000011e-001
,,,1.32320000e-008,-4.76000011e-001
,,,1.32360000e-008,-4.80593771e-001
,,,1.32400000e-008,-4.82968748e-001
,,,1.32440000e-008,-4.83999997e-001
,,,1.32480000e-008,-4.87906247e-001
,,,1.32520000e-008,-4.82187510e-001
,,,1.32560000e-008,-4.84687507e-001
,,,1.32600000e-008,-4.92000014e-001
,,,1.32640000e-008,-4.87375021e-001
,,,1.32680000e-008,-4.77125019e-001
,,,1.32720000e-008,-4.77093756e-001
,,,1.32760000e-008,-4.71062511e-001
,,,1.32800000e-008,-4.76000011e-001
,,,1.32840000e-008,-4.74218756e-001
,,,1.32880000e-008,-4.71625000e-001
,,,1.32920000e-008,-4.83343750e-001
,,,1.32960000e-008,-4.89218771e-001
,,,1.33000000e-008,-4.83999997e-001
,,,1.33040000e-008,-4.85624999e-001
,,,1.33080000e-008,-4.83999997e-001
,,,1.33120000e-008,-4.88875002e-001
,,,1.33160000e-008,-4.84843761e-001
,,,1.33200000e-008,-4.76000011e-001
,,,1.33240000e-008,-4.92968768e-001
,,,1.33280000e-008,-5.00000000e-001
,,,1.33320000e-008,-4.93093759e-001
,,,1.33360000e-008,-4.78906244e-001
,,,1.33400000e-008,-4.86250013e-001
,,,1.33440000e-008,-4.96218771e-001
,,,1.33480000e-008,-4.97812510e-001
,,,1.33520000e-008,-4.89218771e-001
,,,1.33560000e-008,-4.83999997e-001
,,,1.33600000e-008,-4.83937502e-001
,,,1.33640000e-008,-4.80281264e-001
,,,1.33680000e-008,-4.76375014e-001
,,,1.33720000e-008,-4.80625004e-001
,,,1.33760000e-008,-4.77156252e-001
,,,1.33800000e-008,-4.85187501e-001
,,,1.33840000e-008,-4.87187505e-001
,,,1.33880000e-008,-4.89218771e-001
,,,1.33920000e-008,-4.85750020e-001
,,,1.33960000e-008,-4.83999997e-001
,,,1.34000000e-008,-4.78281260e-001
,,,1.34040000e-008,-4.76000011e-001
,,,1.34080000e-008,-4.72000003e-001
,,,1.34120000e-008,-4.76000011e-001
,,,1.34160000e-008,-4.79156256e-001
,,,1.34200000e-008,-4.81375009e-001
,,,1.34240000e-008,-4.78312492e-001
,,,1.34280000e-008,-4.83999997e-001
,,,1.34320000e-008,-4.87531245e-001
,,,1.34360000e-008,-4.85968769e-001
,,,1.34400000e-008,-4.92000014e-001
,,,1.34440000e-008,-4.89125013e-001
,,,1.34480000e-008,-4.80687499e-001
,,,1.34520000e-008,-4.76593763e-001
,,,1.34560000e-008,-4.73093748e-001
,,,1.34600000e-008,-4.70093757e-001
,,,1.34640000e-008,-4.77031261e-001
,,,1.34680000e-008,-4.76000011e-001
,,,1.34720000e-008,-4.76000011e-001
,,,1.34760000e-008,-4.78249997e-001
,,,1.34800000e-008,-4.83999997e-001
,,,1.34840000e-008,-4.85500008e-001
,,,1.34880000e-008,-4.92000014e-001
,,,1.34920000e-008,-4.95718747e-001
,,,1.34960000e-008,-4.87062514e-001
,,,1.35000000e-008,-4.69187498e-001
,,,1.35040000e-008,-4.73625004e-001
,,,1.35080000e-008,-4.73125011e-001
,,,1.35120000e-008,-4.68593746e-001
,,,1.35160000e-008,-4.76000011e-001
,,,1.35200000e-008,-4.76000011e-001
,,,1.35240000e-008,-4.74625021e-001
,,,1.35280000e-008,-4.78281260e-001
,,,1.35320000e-008,-4.77906257e-001
,,,1.35360000e-008,-4.74468768e-001
,,,1.35400000e-008,-4.77343768e-001
,,,1.35440000e-008,-4.83999997e-001
,,,1.35480000e-008,-4.81124997e-001
,,,1.35520000e-008,-4.76000011e-001
,,,1.35560000e-008,-4.68937516e-001
,,,1.35600000e-008,-4.69999999e-001
,,,1.35640000e-008,-4.76000011e-001
,,,1.35680000e-008,-4.83999997e-001
,,,1.35720000e-008,-4.85812515e-001
,,,1.35760000e-008,-4.77125019e-001
,,,1.35800000e-008,-4.83906269e-001
,,,1.35840000e-008,-4.83812511e-001
,,,1.35880000e-008,-4.76000011e-001
,,,1.35920000e-008,-4.70250010e-001
,,,1.35960000e-008,-4.73531246e-001
,,,1.36000000e-008,-4.76062506e-001
,,,1.36040000e-008,-4.84187514e-001
,,,1.36080000e-008,-4.80062515e-001
,,,1.36120000e-008,-4.83999997e-001
,,,1.36160000e-008,-4.86843765e-001
,,,1.36200000e-008,-4.80187505e-001
,,,1.36240000e-008,-4.76656258e-001
,,,1.36280000e-008,-4.76000011e-001
,,,1.36320000e-008,-4.76875007e-001
,,,1.36360000e-008,-4.80437517e-001
,,,1.36400000e-008,-4.92000014e-001
,,,1.36440000e-008,-4.92343754e-001
,,,1.36480000e-008,-5.00000000e-001
,,,1.36520000e-008,-4.95437503e-001
,,,1.36560000e-008,-4.80250001e-001
,,,1.36600000e-008,-4.80156243e-001
,,,1.36640000e-008,-4.76968765e-001
,,,1.36680000e-008,-4.69781250e-001
,,,1.36720000e-008,-4.68500018e-001
,,,1.36760000e-008,-4.72499996e-001
,,,1.36800000e-008,-4.76000011e-001
,,,1.36840000e-008,-4.79031265e-001
,,,1.36880000e-008,-4.83999997e-001
,,,1.36920000e-008,-4.78843749e-001
,,,1.36960000e-008,-4.73468751e-001
,,,1.37000000e-008,-4.67999995e-001
,,,1.37040000e-008,-4.72499996e-001
,,,1.37080000e-008,-4.76500005e-001
,,,1.37120000e-008,-4.79718745e-001
,,,1.37160000e-008,-4.77031261e-001
,,,1.37200000e-008,-4.83999997e-001
,,,1.37240000e-008,-4.83843744e-001
,,,1.37280000e-008,-4.77218747e-001
,,,1.37320000e-008,-4.69468743e-001
,,,1.37360000e-008,-4.74156260e-001
,,,1.37400000e-008,-4.83999997e-001
,,,1.37440000e-008,-4.82218742e-001
,,,1.37480000e-008,-4.76000011e-001
,,,1.37520000e-008,-4.78968769e-001
,,,1.37560000e-008,-4.83187497e-001
,,,1.37600000e-008,-4.80749995e-001
,,,1.37640000e-008,-4.78375018e-001
,,,1.37680000e-008,-4.77843761e-001
,,,1.37720000e-008,-4.76531267e-001
,,,1.37760000e-008,-4.86312509e-001
,,,1.37800000e-008,-4.86312509e-001
,,,1.37840000e-008,-4.76000011e-001
,,,1.37880000e-008,-4.76656258e-001
,,,1.37920000e-008,-4.70843762e-001
,,,1.37960000e-008,-4.71249998e-001
,,,1.38000000e-008,-4.84312505e-001
,,,1.38040000e-008,-4.92000014e-001
,,,1.38080000e-008,-4.88062501e-001
,,,1.38120000e-008,-4.86437500e-001
,,,1.38160000e-008,-4.87031251e-001
,,,1.38200000e-008,-4.80562508e-001
,,,1.38240000e-008,-4.83999997e-001
,,,1.38280000e-008,-4.78781253e-001
,,,1.38320000e-008,-4.74562496e-001
,,,1.38360000e-008,-4.74750012e-001
,,,1.38400000e-008,-4.76000011e-001
,,,1.38440000e-008,-4.78437513e-001
,,,1.38480000e-008,-4.83999997e-001
,,,1.38520000e-008,-4.81875002e-001
,,,1.38560000e-008,-4.84781265e-001
,,,1.38600000e-008,-4.90531266e-001
,,,1.38640000e-008,-4.92000014e-001
,,,1.38680000e-008,-4.95281249e-001
,,,1.38720000e-008,-5.00000000e-001
,,,1.38760000e-008,-4.93062496e-001
,,,1.38800000e-008,-4.76593763e-001
,,,1.38840000e-008,-4.73937511e-001
,,,1.38880000e-008,-4.76000011e-001
,,,1.38920000e-008,-4.76000011e-001
,,,1.38960000e-008,-4.88468766e-001
,,,1.39000000e-008,-4.92687494e-001
,,,1.39040000e-008,-4.88375008e-001
,,,1.39080000e-008,-4.83812511e-001
,,,1.39120000e-008,-4.83437508e-001
,,,1.39160000e-008,-4.83999997e-001
,,,1.39200000e-008,-4.89937514e-001
,,,1.39240000e-008,-4.98031259e-001
,,,1.39280000e-008,-4.96031255e-001
,,,1.39320000e-008,-4.83999997e-001
,,,1.39360000e-008,-4.76000011e-001
,,,1.39400000e-008,-4.76000011e-001
,,,1.39440000e-008,-4.79625016e-001
,,,1.39480000e-008,-4.85093743e-001
,,,1.39520000e-008,-4.87531245e-001
,,,1.39560000e-008,-4.83218759e-001
,,,1.39600000e-008,-4.73312497e-001
,,,1.39640000e-008,-4.71031249e-001
,,,1.39680000e-008,-4.71375018e-001
,,,1.39720000e-008,-4.77843761e-001
,,,1.39760000e-008,-4.86187518e-001
,,,1.39800000e-008,-4.83999997e-001
,,,1.39840000e-008,-4.71625000e-001
,,,1.39880000e-008,-4.76000011e-001
,,,1.39920000e-008,-4.77375001e-001
,,,1.39960000e-008,-4.80749995e-001
,,,1.40000000e-008,-4.78562504e-001
,,,1.40040000e-008,-4.78593767e-001
,,,1.40080000e-008,-4.82062519e-001
,,,1.40120000e-008,-4.76000011e-001
,,,1.40160000e-008,-4.75812495e-001
,,,1.40200000e-008,-4.93562520e-001
,,,1.40240000e-008,-5.00000000e-001
,,,1.40280000e-008,-4.92000014e-001
,,,1.40320000e-008,-4.83999997e-001
,,,1.40360000e-008,-4.82374996e-001
,,,1.40400000e-008,-4.76000011e-001
,,,1.40440000e-008,-4.84343767e-001
,,,1.40480000e-008,-4.82531250e-001
,,,1.40520000e-008,-4.77812499e-001
,,,1.40560000e-008,-4.78093743e-001
,,,1.40600000e-008,-4.80062515e-001
,,,1.40640000e-008,-4.77281243e-001
,,,1.40680000e-008,-4.85156268e-001
,,,1.40720000e-008,-4.86687511e-001
,,,1.40760000e-008,-4.92156267e-001
,,,1.40800000e-008,-4.83781248e-001
,,,1.40840000e-008,-4.79406267e-001
,,,1.40880000e-008,-4.83999997e-001
,,,1.40920000e-008,-4.78968769e-001
,,,1.40960000e-008,-4.75812495e-001
,,,1.41000000e-008,-4.83999997e-001
,,,1.41040000e-008,-4.94343758e-001
,,,1.41080000e-008,-4.93750006e-001
,,,1.41120000e-008,-4.83093768e-001
,,,1.41160000e-008,-4.71593767e-001
,,,1.41200000e-008,-4.76875007e-001
,,,1.41240000e-008,-4.80156243e-001
,,,1.41280000e-008,-4.87562507e-001
,,,1.41320000e-008,-4.92000014e-001
,,,1.41360000e-008,-4.82625008e-001
,,,1.41400000e-008,-4.83999997e-001
,,,1.41440000e-008,-4.81750011e-001
,,,1.41480000e-008,-4.88531262e-001
,,,1.41520000e-008,-4.85218763e-001
,,,1.41560000e-008,-4.88187522e-001
,,,1.41600000e-008,-4.85624999e-001
,,,1.41640000e-008,-4.83999997e-001
,,,1.41680000e-008,-4.76562500e-001
,,,1.41720000e-008,-4.81625021e-001
,,,1.41760000e-008,-4.82281268e-001
,,,1.41800000e-008,-4.76000011e-001
,,,1.41840000e-008,-4.83656257e-001
,,,1.41880000e-008,-4.82281268e-001
,,,1.41920000e-008,-4.81906265e-001
,,,1.41960000e-008,-4.79375005e-001
,,,1.42000000e-008,-4.75250006e-001
,,,1.42040000e-008,-4.79625016e-001
,,,1.42080000e-008,-4.88343745e-001
,,,1.42120000e-008,-4.84687507e-001
,,,1.42160000e-008,-4.92000014e-001
,,,1.42200000e-008,-4.84968752e-001
,,,1.42240000e-008,-4.72437501e-001
,,,1.42280000e-008,-4.79531258e-001
,,,1.42320000e-008,-4.83999997e-001
,,,1.42360000e-008,-4.80125010e-001
,,,1.42400000e-008,-4.80906248e-001
,,,1.42440000e-008,-4.84718770e-001
,,,1.42480000e-008,-4.83999997e-001
,,,1.42520000e-008,-4.78218764e-001
,,,1.42560000e-008,-4.81843770e-001
,,,1.42600000e-008,-4.82718766e-001
,,,1.42640000e-008,-4.74968761e-001
,,,1.42680000e-008,-4.75531250e-001
,,,1.42720000e-008,-4.75374997e-001
,,,1.42760000e-008,-4.76999998e-001
,,,1.42800000e-008,-4.83999997e-001
,,,1.42840000e-008,-4.81031269e-001
,,,1.42880000e-008,-4.85156268e-001
,,,1.42920000e-008,-4.83999997e-001
,,,1.42960000e-008,-4.84718770e-001
,,,1.43000000e-008,-4.76875007e-001
,,,1.43040000e-008,-4.78375018e-001
,,,1.43080000e-008,-4.77156252e-001
,,,1.43120000e-008,-4.80781257e-001
,,,1.43160000e-008,-4.78906244e-001
,,,1.43200000e-008,-4.76750016e-001
,,,1.43240000e-008,-4.80500013e-001
,,,1.43280000e-008,-4.76000011e-001
,,,1.43320000e-008,-4.85750020e-001
,,,1.43360000e-008,-4.87875015e-001
,,,1.43400000e-008,-4.84281272e-001
,,,1.43440000e-008,-4.74218756e-001
,,,1.43480000e-008,-4.75687504e-001
,,,1.43520000e-008,-4.83437508e-001
,,,1.43560000e-008,-4.83562499e-001
,,,1.43600000e-008,-4.88999993e-001
,,,1.43640000e-008,-4.92312521e-001
,,,1.43680000e-008,-4.83999997e-001
,,,1.43720000e-008,-4.83999997e-001
,,,1.43760000e-008,-4.82125014e-001
,,,1.43800000e-008,-4.86218750e-001
,,,1.43840000e-008,-4.86187518e-001
,,,1.43880000e-008,-4.80093747e-001
,,,1.43920000e-008,-4.76000011e-001
,,,1.43960000e-008,-4.76000011e-001
,,,1.44000000e-008,-4.88843769e-001
,,,1.44040000e-008,-4.99718755e-001
,,,1.44080000e-008,-5.08000016e-001
,,,1.44120000e-008,-5.01312494e-001
,,,1.44160000e-008,-4.83468771e-001
,,,1.44200000e-008,-4.73374993e-001
,,,1.44240000e-008,-4.76000011e-001
,,,1.44280000e-008,-4.79093760e-001
,,,1.44320000e-008,-4.76000011e-001
,,,1.44360000e-008,-4.79625016e-001
,,,1.44400000e-008,-4.83999997e-001
,,,1.44440000e-008,-4.79937494e-001
,,,1.44480000e-008,-4.76687521e-001
,,,1.44520000e-008,-4.72093761e-001
,,,1.44560000e-008,-4.71281260e-001
,,,1.44600000e-008,-4.82562512e-001
,,,1.44640000e-008,-4.98656243e-001
,,,1.44680000e-008,-5.00000000e-001
,,,1.44720000e-008,-4.86062497e-001
,,,1.44760000e-008,-4.83999997e-001
,,,1.44800000e-008,-4.79375005e-001
,,,1.44840000e-008,-4.75343764e-001
,,,1.44880000e-008,-4.67999995e-001
,,,1.44920000e-008,-4.75437492e-001
,,,1.44960000e-008,-4.73781258e-001
,,,1.45000000e-008,-4.87156272e-001
,,,1.45040000e-008,-4.92000014e-001
,,,1.45080000e-008,-4.85187501e-001
,,,1.45120000e-008,-4.83312517e-001
,,,1.45160000e-008,-4.86906260e-001
,,,1.45200000e-008,-4.79437500e-001
,,,1.45240000e-008,-4.84843761e-001
,,,1.45280000e-008,-4.88999993e-001
,,,1.45320000e-008,-4.83031243e-001
,,,1.45360000e-008,-4.76968765e-001
,,,1.45400000e-008,-4.76000011e-001
,,,1.45440000e-008,-4.78531271e-001
,,,1.45480000e-008,-4.76000011e-001
,,,1.45520000e-008,-4.76750016e-001
,,,1.45560000e-008,-4.82187510e-001
,,,1.45600000e-008,-4.83999997e-001
,,,1.45640000e-008,-4.86406267e-001
,,,1.45680000e-008,-4.92000014e-001
,,,1.45720000e-008,-4.84625012e-001
,,,1.45760000e-008,-4.83999997e-001
,,,1.45800000e-008,-4.76906270e-001
,,,1.45840000e-008,-4.73906249e-001
,,,1.45880000e-008,-4.76000011e-001
,,,1.45920000e-008,-4.72218752e-001
,,,1.45960000e-008,-4.75937515e-001
,,,1.46000000e-008,-4.82531250e-001
,,,1.46040000e-008,-4.83843744e-001
,,,1.46080000e-008,-4.80843753e-001
,,,1.46120000e-008,-4.82812494e-001
,,,1.46160000e-008,-4.87406254e-001
,,,1.46200000e-008,-4.88156259e-001
,,,1.46240000e-008,-4.83999997e-001
,,,1.46280000e-008,-4.72093761e-001
,,,1.46320000e-008,-4.74718750e-001
,,,1.46360000e-008,-4.76000011e-001
,,,1.46400000e-008,-4.70656246e-001
,,,1.46440000e-008,-4.73937511e-001
,,,1.46480000e-008,-4.84500021e-001
,,,1.46520000e-008,-4.83999997e-001
,,,1.46560000e-008,-4.77687508e-001
,,,1.46600000e-008,-4.76000011e-001
,,,1.46640000e-008,-4.74656254e-001
,,,1.46680000e-008,-4.84093755e-001
,,,1.46720000e-008,-4.87031251e-001
,,,1.46760000e-008,-4.83999997e-001
,,,1.46800000e-008,-4.74281251e-001
,,,1.46840000e-008,-4.76000011e-001
,,,1.46880000e-008,-4.76000011e-001
,,,1.46920000e-008,-4.80187505e-001
,,,1.46960000e-008,-4.88687515e-001
,,,1.47000000e-008,-4.90312517e-001
,,,1.47040000e-008,-4.83999997e-001
,,,1.47080000e-008,-4.81124997e-001
,,,1.47120000e-008,-4.78500009e-001
,,,1.47160000e-008,-4.76624995e-001
,,,1.47200000e-008,-4.83999997e-001
,,,1.47240000e-008,-4.83999997e-001
,,,1.47280000e-008,-4.77687508e-001
,,,1.47320000e-008,-4.79531258e-001
,,,1.47360000e-008,-4.81062502e-001
,,,1.47400000e-008,-4.76000011e-001
,,,1.47440000e-008,-4.76375014e-001
,,,1.47480000e-008,-4.76249993e-001
,,,1.47520000e-008,-4.84718770e-001
,,,1.47560000e-008,-4.83999997e-001
,,,1.47600000e-008,-4.73968744e-001
,,,1.47640000e-008,-4.73875016e-001
,,,1.47680000e-008,-4.82093751e-001
,,,1.47720000e-008,-4.83999997e-001
,,,1.47760000e-008,-4.81375009e-001
,,,1.47800000e-008,-4.83999997e-001
,,,1.47840000e-008,-4.83593762e-001
,,,1.47880000e-008,-4.76531267e-001
,,,1.47920000e-008,-4.76500005e-001
,,,1.47960000e-008,-4.85937506e-001
,,,1.48000000e-008,-4.92000014e-001
,,,1.48040000e-008,-4.87125009e-001
,,,1.48080000e-008,-4.75062519e-001
,,,1.48120000e-008,-4.78093743e-001
,,,1.48160000e-008,-4.80093747e-001
,,,1.48200000e-008,-4.83999997e-001
,,,1.48240000e-008,-4.84718770e-001
,,,1.48280000e-008,-4.83999997e-001
,,,1.48320000e-008,-4.83999997e-001
,,,1.48360000e-008,-4.78968769e-001
,,,1.48400000e-008,-4.76437509e-001
,,,1.48440000e-008,-4.80562508e-001
,,,1.48480000e-008,-4.83999997e-001
,,,1.48520000e-008,-4.83906269e-001
,,,1.48560000e-008,-4.92000014e-001
,,,1.48600000e-008,-4.87687498e-001
,,,1.48640000e-008,-4.76000011e-001
,,,1.48680000e-008,-4.75374997e-001
,,,1.48720000e-008,-4.77281243e-001
,,,1.48760000e-008,-4.77281243e-001
,,,1.48800000e-008,-4.90468770e-001
,,,1.48840000e-008,-4.92000014e-001
,,,1.48880000e-008,-4.85812515e-001
,,,1.48920000e-008,-4.92062509e-001
,,,1.48960000e-008,-5.00218749e-001
,,,1.49000000e-008,-5.00000000e-001
,,,1.49040000e-008,-4.90750015e-001
,,,1.49080000e-008,-4.83999997e-001
,,,1.49120000e-008,-4.98937517e-001
,,,1.49160000e-008,-5.03687501e-001
,,,1.49200000e-008,-4.97624993e-001
,,,1.49240000e-008,-4.83999997e-001
,,,1.49280000e-008,-4.76000011e-001
,,,1.49320000e-008,-4.79187518e-001
,,,1.49360000e-008,-4.81531262e-001
,,,1.49400000e-008,-4.83999997e-001
,,,1.49440000e-008,-4.79250014e-001
,,,1.49480000e-008,-4.83999997e-001
,,,1.49520000e-008,-4.81156260e-001
,,,1.49560000e-008,-4.82250005e-001
,,,1.49600000e-008,-4.80656266e-001
,,,1.49640000e-008,-4.81906265e-001
,,,1.49680000e-008,-4.92406249e-001
,,,1.49720000e-008,-4.90531266e-001
,,,1.49760000e-008,-4.79468763e-001
,,,1.49800000e-008,-4.76281255e-001
,,,1.49840000e-008,-4.93343771e-001
,,,1.49880000e-008,-5.00000000e-001
,,,1.49920000e-008,-5.08437514e-001
,,,1.49960000e-008,-5.08000016e-001
,,,1.50000000e-008,-4.95000005e-001
,,,1.50040000e-008,-4.85093743e-001
,,,1.50080000e-008,-4.89656270e-001
,,,1.50120000e-008,-4.90125000e-001
,,,1.50160000e-008,-4.84937519e-001
,,,1.50200000e-008,-4.85531271e-001
,,,1.50240000e-008,-4.89062518e-001
,,,1.50280000e-008,-4.87656265e-001
,,,1.50320000e-008,-4.87625003e-001
,,,1.50360000e-008,-4.90187496e-001
,,,1.50400000e-008,-4.84437495e-001
,,,1.50440000e-008,-4.97000009e-001
,,,1.50480000e-008,-5.07656276e-001
,,,1.50520000e-008,-5.08000016e-001
,,,1.50560000e-008,-4.96781260e-001
,,,1.50600000e-008,-4.82156247e-001
,,,1.50640000e-008,-4.83999997e-001
,,,1.50680000e-008,-4.92000014e-001
,,,1.50720000e-008,-4.95250016e-001
,,,1.50760000e-008,-4.88437504e-001
,,,1.50800000e-008,-4.81968760e-001
,,,1.50840000e-008,-4.83999997e-001
,,,1.50880000e-008,-4.83999997e-001
,,,1.50920000e-008,-4.89593744e-001
,,,1.50960000e-008,-5.00000000e-001
,,,1.51000000e-008,-5.00468731e-001
,,,1.51040000e-008,-4.91750002e-001
,,,1.51080000e-008,-4.93281245e-001
,,,1.51120000e-008,-4.90062505e-001
,,,1.51160000e-008,-4.94312495e-001
,,,1.51200000e-008,-4.92000014e-001
,,,1.51240000e-008,-4.82749999e-001
,,,1.51280000e-008,-4.83250022e-001
,,,1.51320000e-008,-4.81468767e-001
,,,1.51360000e-008,-4.82875019e-001
,,,1.51400000e-008,-4.91968751e-001
,,,1.51440000e-008,-4.92000014e-001
,,,1.51480000e-008,-4.94781256e-001
,,,1.51520000e-008,-5.00656247e-001
,,,1.51560000e-008,-4.97656256e-001
,,,1.51600000e-008,-4.84656245e-001
,,,1.51640000e-008,-5.00000000e-001
,,,1.51680000e-008,-5.07875025e-001
,,,1.51720000e-008,-5.00937521e-001
,,,1.51760000e-008,-4.98281270e-001
,,,1.51800000e-008,-5.00000000e-001
,,,1.51840000e-008,-4.92000014e-001
,,,1.51880000e-008,-4.84750003e-001
,,,1.51920000e-008,-4.85375017e-001
,,,1.51960000e-008,-4.84187514e-001
,,,1.52000000e-008,-4.85093743e-001
,,,1.52040000e-008,-4.98562515e-001
,,,1.52080000e-008,-5.00000000e-001
,,,1.52120000e-008,-4.89687502e-001
,,,1.52160000e-008,-5.06906271e-001
,,,1.52200000e-008,-5.11031270e-001
,,,1.52240000e-008,-5.00000000e-001
,,,1.52280000e-008,-4.85249996e-001
,,,1.52320000e-008,-4.87031251e-001
,,,1.52360000e-008,-4.85249996e-001
,,,1.52400000e-008,-4.92531270e-001
,,,1.52440000e-008,-4.95937496e-001
,,,1.52480000e-008,-4.98312503e-001
,,,1.52520000e-008,-4.95406270e-001
,,,1.52560000e-008,-4.99218762e-001
,,,1.52600000e-008,-4.92000014e-001
,,,1.52640000e-008,-5.08000016e-001
,,,1.52680000e-008,-5.11156261e-001
,,,1.52720000e-008,-5.10781229e-001
,,,1.52760000e-008,-5.10468781e-001
,,,1.52800000e-008,-5.00000000e-001
,,,1.52840000e-008,-4.88687515e-001
,,,1.52880000e-008,-4.95750010e-001
,,,1.52920000e-008,-5.00906229e-001
,,,1.52960000e-008,-4.97125000e-001
,,,1.53000000e-008,-4.91218746e-001
,,,1.53040000e-008,-4.92843747e-001
,,,1.53080000e-008,-4.88031268e-001
,,,1.53120000e-008,-5.00000000e-001
,,,1.53160000e-008,-5.03875017e-001
,,,1.53200000e-008,-4.95093763e-001
,,,1.53240000e-008,-4.96125013e-001
,,,1.53280000e-008,-5.02906263e-001
,,,1.53320000e-008,-5.00000000e-001
,,,1.53360000e-008,-5.03843784e-001
,,,1.53400000e-008,-5.05656242e-001
,,,1.53440000e-008,-4.98593748e-001
,,,1.53480000e-008,-4.96343762e-001
,,,1.53520000e-008,-5.08000016e-001
,,,1.53560000e-008,-5.08656263e-001
,,,1.53600000e-008,-5.00000000e-001
,,,1.53640000e-008,-5.03343761e-001
,,,1.53680000e-008,-5.08000016e-001
,,,1.53720000e-008,-5.06312490e-001
,,,1.53760000e-008,-5.02156258e-001
,,,1.53800000e-008,-4.92562503e-001
,,,1.53840000e-008,-4.93968755e-001
,,,1.53880000e-008,-4.94875014e-001
,,,1.53920000e-008,-5.02937496e-001
,,,1.53960000e-008,-5.01968741e-001
,,,1.54000000e-008,-4.92000014e-001
,,,1.54040000e-008,-4.92000014e-001
,,,1.54080000e-008,-5.00000000e-001
,,,1.54120000e-008,-5.03562510e-001
,,,1.54160000e-008,-4.98406261e-001
,,,1.54200000e-008,-5.09437501e-001
,,,1.54240000e-008,-5.10937512e-001
,,,1.54280000e-008,-5.00000000e-001
,,,1.54320000e-008,-4.95124996e-001
,,,1.54360000e-008,-5.02375007e-001
,,,1.54400000e-008,-5.08000016e-001
,,,1.54440000e-008,-5.03437519e-001
,,,1.54480000e-008,-5.02656281e-001
,,,1.54520000e-008,-5.00000000e-001
,,,1.54560000e-008,-4.99062508e-001
,,,1.54600000e-008,-5.05812526e-001
,,,1.54640000e-008,-5.08000016e-001
,,,1.54680000e-008,-5.00000000e-001
,,,1.54720000e-008,-5.07593751e-001
,,,1.54760000e-008,-5.09062529e-001
,,,1.54800000e-008,-4.98562515e-001
,,,1.54840000e-008,-5.00000000e-001
,,,1.54880000e-008,-4.96749997e-001
,,,1.54920000e-008,-4.95250016e-001
,,,1.54960000e-008,-4.98625010e-001
,,,1.55000000e-008,-5.00156283e-001
,,,1.55040000e-008,-5.03875017e-001
,,,1.55080000e-008,-4.99875009e-001
,,,1.55120000e-008,-5.00718772e-001
,,,1.55160000e-008,-5.10874987e-001
,,,1.55200000e-008,-5.19749999e-001
,,,1.55240000e-008,-5.16218781e-001
,,,1.55280000e-008,-5.03625035e-001
,,,1.55320000e-008,-5.08000016e-001
,,,1.55360000e-008,-5.05750000e-001
,,,1.55400000e-008,-5.04781246e-001
,,,1.55440000e-008,-5.15343785e-001
,,,1.55480000e-008,-5.16781271e-001
,,,1.55520000e-008,-5.25624990e-001
,,,1.55560000e-008,-5.22843778e-001
,,,1.55600000e-008,-5.08000016e-001
,,,1.55640000e-008,-4.94031250e-001
,,,1.55680000e-008,-5.16000032e-001
,,,1.55720000e-008,-5.25187492e-001
,,,1.55760000e-008,-5.21250010e-001
,,,1.55800000e-008,-5.07031262e-001
,,,1.55840000e-008,-4.95031267e-001
,,,1.55880000e-008,-4.94437516e-001
,,,1.55920000e-008,-5.08000016e-001
,,,1.55960000e-008,-5.21593750e-001
,,,1.56000000e-008,-5.22562504e-001
,,,1.56040000e-008,-5.11718750e-001
,,,1.56080000e-008,-4.95562494e-001
,,,1.56120000e-008,-4.99312520e-001
,,,1.56160000e-008,-4.98031259e-001
,,,1.56200000e-008,-5.06031275e-001
,,,1.56240000e-008,-5.05906284e-001
,,,1.56280000e-008,-4.95718747e-001
,,,1.56320000e-008,-5.00000000e-001
,,,1.56360000e-008,-5.09937525e-001
,,,1.56400000e-008,-5.10031283e-001
,,,1.56440000e-008,-5.00937521e-001
,,,1.56480000e-008,-5.00249982e-001
,,,1.56520000e-008,-4.92000014e-001
,,,1.56560000e-008,-5.00218749e-001
,,,1.56600000e-008,-5.08000016e-001
,,,1.56640000e-008,-5.09093761e-001
,,,1.56680000e-008,-5.04093766e-001
,,,1.56720000e-008,-5.05781233e-001
,,,1.56760000e-008,-4.98156250e-001
,,,1.56800000e-008,-5.00000000e-001
,,,1.56840000e-008,-4.98906255e-001
,,,1.56880000e-008,-4.96062517e-001
,,,1.56920000e-008,-4.92000014e-001
,,,1.56960000e-008,-4.94500011e-001
,,,1.57000000e-008,-5.00000000e-001
,,,1.57040000e-008,-4.97000009e-001
,,,1.57080000e-008,-4.92906243e-001
,,,1.57120000e-008,-4.94718760e-001
,,,1.57160000e-008,-4.99281257e-001
,,,1.57200000e-008,-5.08000016e-001
,,,1.57240000e-008,-5.07624984e-001
,,,1.57280000e-008,-5.03531277e-001
,,,1.57320000e-008,-5.00000000e-001
,,,1.57360000e-008,-5.03093779e-001
,,,1.57400000e-008,-5.16000032e-001
,,,1.57440000e-008,-5.15593767e-001
,,,1.57480000e-008,-5.03031254e-001
,,,1.57520000e-008,-5.00000000e-001
,,,1.57560000e-008,-5.05343735e-001
,,,1.57600000e-008,-5.02531230e-001
,,,1.57640000e-008,-4.96843755e-001
,,,1.57680000e-008,-5.00000000e-001
,,,1.57720000e-008,-5.03281236e-001
,,,1.57760000e-008,-4.99906272e-001
,,,1.57800000e-008,-5.05937517e-001
,,,1.57840000e-008,-5.01437485e-001
,,,1.57880000e-008,-4.93312508e-001
,,,1.57920000e-008,-4.91656244e-001
,,,1.57960000e-008,-5.01406252e-001
,,,1.58000000e-008,-5.00000000e-001
,,,1.58040000e-008,-4.93031263e-001
,,,1.58080000e-008,-5.02375007e-001
,,,1.58120000e-008,-5.02437532e-001
,,,1.58160000e-008,-5.00375032e-001
,,,1.58200000e-008,-4.96156245e-001
,,,1.58240000e-008,-4.87531245e-001
,,,1.58280000e-008,-4.92000014e-001
,,,1.58320000e-008,-4.88343745e-001
,,,1.58360000e-008,-4.90500003e-001
,,,1.58400000e-008,-5.00000000e-001
,,,1.58440000e-008,-5.02968729e-001
,,,1.58480000e-008,-5.00000000e-001
,,,1.58520000e-008,-5.00000000e-001
,,,1.58560000e-008,-4.96687502e-001
,,,1.58600000e-008,-4.97656256e-001
,,,1.58640000e-008,-4.94562507e-001
,,,1.58680000e-008,-4.90093768e-001
,,,1.58720000e-008,-4.97656256e-001
,,,1.58760000e-008,-4.99281257e-001
,,,1.58800000e-008,-4.92000014e-001
,,,1.58840000e-008,-4.88343745e-001
,,,1.58880000e-008,-4.92000014e-001
,,,1.58920000e-008,-4.91187513e-001
,,,1.58960000e-008,-4.89437521e-001
,,,1.59000000e-008,-4.92000014e-001
,,,1.59040000e-008,-4.84593749e-001
,,,1.59080000e-008,-4.93906260e-001
,,,1.59120000e-008,-4.97718751e-001
,,,1.59160000e-008,-4.94250000e-001
,,,1.59200000e-008,-4.98781264e-001
,,,1.59240000e-008,-5.00000000e-001
,,,1.59280000e-008,-4.94000018e-001
,,,1.59320000e-008,-4.94281262e-001
,,,1.59360000e-008,-5.05625010e-001
,,,1.59400000e-008,-5.08000016e-001
,,,1.59440000e-008,-5.00375032e-001
,,,1.59480000e-008,-4.92000014e-001
,,,1.59520000e-008,-5.00812531e-001
,,,1.59560000e-008,-4.98750001e-001
,,,1.59600000e-008,-5.00000000e-001
,,,1.59640000e-008,-5.02718747e-001
,,,1.59680000e-008,-5.00000000e-001
,,,1.59720000e-008,-4.99406248e-001
,,,1.59760000e-008,-4.97437507e-001
,,,1.59800000e-008,-5.00031233e-001
,,,1.59840000e-008,-5.03625035e-001
,,,1.59880000e-008,-5.00000000e-001
,,,1.59920000e-008,-4.95187521e-001
,,,1.59960000e-008,-4.89062518e-001
,,,1.60000000e-008,-4.83999997e-001
,,,1.60040000e-008,-4.83999997e-001
,,,1.60080000e-008,-4.86937493e-001
,,,1.60120000e-008,-5.02375007e-001
,,,1.60160000e-008,-5.08031249e-001
,,,1.60200000e-008,-5.00000000e-001
,,,1.60240000e-008,-4.98156250e-001
,,,1.60280000e-008,-5.04156232e-001
,,,1.60320000e-008,-5.08656263e-001
,,,1.60360000e-008,-5.01687527e-001
,,,1.60400000e-008,-4.86437500e-001
,,,1.60440000e-008,-4.92000014e-001
,,,1.60480000e-008,-4.87562507e-001
,,,1.60520000e-008,-4.92000014e-001
,,,1.60560000e-008,-4.94937509e-001
,,,1.60600000e-008,-4.97906268e-001
,,,1.60640000e-008,-4.95750010e-001
,,,1.60680000e-008,-5.03156245e-001
,,,1.60720000e-008,-4.98500019e-001
,,,1.60760000e-008,-4.95812505e-001
,,,1.60800000e-008,-4.92000014e-001
,,,1.60840000e-008,-4.98187512e-001
,,,1.60880000e-008,-4.97812510e-001
,,,1.60920000e-008,-4.89875019e-001
,,,1.60960000e-008,-4.92000014e-001
,,,1.61000000e-008,-4.94375020e-001
,,,1.61040000e-008,-4.95593756e-001
,,,1.61080000e-008,-5.00000000e-001
,,,1.61120000e-008,-4.96968746e-001
,,,1.61160000e-008,-5.01281261e-001
,,,1.61200000e-008,-4.97687519e-001
,,,1.61240000e-008,-4.89281267e-001
,,,1.61280000e-008,-4.92000014e-001
,,,1.61320000e-008,-4.87875015e-001
,,,1.61360000e-008,-4.89593744e-001
,,,1.61400000e-008,-5.00000000e-001
,,,1.61440000e-008,-5.00312507e-001
,,,1.61480000e-008,-4.98250008e-001
,,,1.61520000e-008,-4.87312496e-001
,,,1.61560000e-008,-4.86937493e-001
,,,1.61600000e-008,-4.92000014e-001
,,,1.61640000e-008,-4.92000014e-001
,,,1.61680000e-008,-4.93062496e-001
,,,1.61720000e-008,-4.85343754e-001
,,,1.61760000e-008,-4.89187509e-001
,,,1.61800000e-008,-4.88000005e-001
,,,1.61840000e-008,-4.83999997e-001
,,,1.61880000e-008,-4.88718748e-001
,,,1.61920000e-008,-5.00000000e-001
,,,1.61960000e-008,-4.98156250e-001
,,,1.62000000e-008,-4.84062493e-001
,,,1.62040000e-008,-4.77062494e-001
,,,1.62080000e-008,-4.85375017e-001
,,,1.62120000e-008,-4.91531253e-001
,,,1.62160000e-008,-4.91593748e-001
,,,1.62200000e-008,-4.87187505e-001
,,,1.62240000e-008,-4.91343766e-001
,,,1.62280000e-008,-5.00000000e-001
,,,1.62320000e-008,-4.99531269e-001
,,,1.62360000e-008,-4.94593769e-001
,,,1.62400000e-008,-5.00750005e-001
,,,1.62440000e-008,-5.00000000e-001
,,,1.62480000e-008,-4.90218759e-001
,,,1.62520000e-008,-4.95187521e-001
,,,1.62560000e-008,-4.91218746e-001
,,,1.62600000e-008,-4.83999997e-001
,,,1.62640000e-008,-4.94500011e-001
,,,1.62680000e-008,-4.98812497e-001
,,,1.62720000e-008,-5.02343774e-001
,,,1.62760000e-008,-4.97062504e-001
,,,1.62800000e-008,-4.92000014e-001
,,,1.62840000e-008,-4.93281245e-001
,,,1.62880000e-008,-4.92000014e-001
,,,1.62920000e-008,-4.91468757e-001
,,,1.62960000e-008,-4.88218755e-001
,,,1.63000000e-008,-4.92000014e-001
,,,1.63040000e-008,-4.88687515e-001
,,,1.63080000e-008,-4.92000014e-001
,,,1.63120000e-008,-4.88718748e-001
,,,1.63160000e-008,-4.93312508e-001
,,,1.63200000e-008,-4.98406261e-001
,,,1.63240000e-008,-4.94656265e-001
,,,1.63280000e-008,-5.00000000e-001
,,,1.63320000e-008,-4.89875019e-001
,,,1.63360000e-008,-4.92218763e-001
,,,1.63400000e-008,-4.92000014e-001
,,,1.63440000e-008,-4.81937498e-001
,,,1.63480000e-008,-4.84500021e-001
,,,1.63520000e-008,-4.86062497e-001
,,,1.63560000e-008,-4.87062514e-001
,,,1.63600000e-008,-4.87906247e-001
,,,1.63640000e-008,-4.86593753e-001
,,,1.63680000e-008,-4.92000014e-001
,,,1.63720000e-008,-4.92000014e-001
,,,1.63760000e-008,-5.00093758e-001
,,,1.63800000e-008,-4.99187499e-001
,,,1.63840000e-008,-4.92000014e-001
,,,1.63880000e-008,-4.94437516e-001
,,,1.63920000e-008,-4.98593748e-001
,,,1.63960000e-008,-4.95031267e-001
,,,1.64000000e-008,-4.83999997e-001
,,,1.64040000e-008,-4.83875006e-001
,,,1.64080000e-008,-4.89156246e-001
,,,1.64120000e-008,-4.86218750e-001
,,,1.64160000e-008,-4.88750011e-001
,,,1.64200000e-008,-4.92000014e-001
,,,1.64240000e-008,-4.90406245e-001
,,,1.64280000e-008,-4.82562512e-001
,,,1.64320000e-008,-4.84718770e-001
,,,1.64360000e-008,-4.87749994e-001
,,,1.64400000e-008,-4.92000014e-001
,,,1.64440000e-008,-4.87281263e-001
,,,1.64480000e-008,-4.92000014e-001
,,,1.64520000e-008,-4.94093746e-001
,,,1.64560000e-008,-4.92218763e-001
,,,1.64600000e-008,-4.89218771e-001
,,,1.64640000e-008,-4.89312500e-001
,,,1.64680000e-008,-4.85562503e-001
,,,1.64720000e-008,-4.86156255e-001
,,,1.64760000e-008,-4.88218755e-001
,,,1.64800000e-008,-4.92000014e-001
,,,1.64840000e-008,-4.85656261e-001
,,,1.64880000e-008,-4.88687515e-001
,,,1.64920000e-008,-4.92000014e-001
,,,1.64960000e-008,-4.91125017e-001
,,,1.65000000e-008,-4.92000014e-001
,,,1.65040000e-008,-4.87875015e-001
,,,1.65080000e-008,-4.81343746e-001
,,,1.65120000e-008,-4.79187518e-001
,,,1.65160000e-008,-4.86250013e-001
,,,1.65200000e-008,-4.95312512e-001
,,,1.65240000e-008,-4.92000014e-001
,,,1.65280000e-008,-4.85000014e-001
,,,1.65320000e-008,-4.86812502e-001
,,,1.65360000e-008,-4.85187501e-001
,,,1.65400000e-008,-5.00000000e-001
,,,1.65440000e-008,-4.99249995e-001
,,,1.65480000e-008,-4.84187514e-001
,,,1.65520000e-008,-4.83437508e-001
,,,1.65560000e-008,-4.94531244e-001
,,,1.65600000e-008,-5.00000000e-001
,,,1.65640000e-008,-4.98968750e-001
,,,1.65680000e-008,-5.01562536e-001
,,,1.65720000e-008,-4.92000014e-001
,,,1.65760000e-008,-4.85312521e-001
,,,1.65800000e-008,-4.86906260e-001
,,,1.65840000e-008,-4.86593753e-001
,,,1.65880000e-008,-4.83999997e-001
,,,1.65920000e-008,-4.80906248e-001
,,,1.65960000e-008,-4.82125014e-001
,,,1.66000000e-008,-4.85843748e-001
,,,1.66040000e-008,-4.92000014e-001
,,,1.66080000e-008,-4.85843748e-001
,,,1.66120000e-008,-4.83999997e-001
,,,1.66160000e-008,-4.93250012e-001
,,,1.66200000e-008,-4.91125017e-001
,,,1.66240000e-008,-4.81031269e-001
,,,1.66280000e-008,-4.75843757e-001
,,,1.66320000e-008,-4.83999997e-001
,,,1.66360000e-008,-4.83999997e-001
,,,1.66400000e-008,-4.79656249e-001
,,,1.66440000e-008,-4.82937515e-001
,,,1.66480000e-008,-4.89125013e-001
,,,1.66520000e-008,-4.91500020e-001
,,,1.66560000e-008,-4.83999997e-001
,,,1.66600000e-008,-4.80062515e-001
,,,1.66640000e-008,-4.76000011e-001
,,,1.66680000e-008,-4.83656257e-001
,,,1.66720000e-008,-4.83999997e-001
,,,1.66760000e-008,-4.78875011e-001
,,,1.66800000e-008,-4.72937495e-001
,,,1.66840000e-008,-4.76000011e-001
,,,1.66880000e-008,-4.72218752e-001
,,,1.66920000e-008,-4.69343752e-001
,,,1.66960000e-008,-4.80187505e-001
,,,1.67000000e-008,-4.83999997e-001
,,,1.67040000e-008,-4.79750007e-001
,,,1.67080000e-008,-4.84031260e-001
,,,1.67120000e-008,-4.76000011e-001
,,,1.67160000e-008,-4.73500013e-001
,,,1.67200000e-008,-4.67999995e-001
,,,1.67240000e-008,-4.66031253e-001
,,,1.67280000e-008,-4.72687513e-001
,,,1.67320000e-008,-4.76000011e-001
,,,1.67360000e-008,-4.74250019e-001
,,,1.67400000e-008,-4.70937520e-001
,,,1.67440000e-008,-4.76000011e-001
,,,1.67480000e-008,-4.71156269e-001
,,,1.67520000e-008,-4.76000011e-001
,,,1.67560000e-008,-4.84281272e-001
,,,1.67600000e-008,-4.79593754e-001
,,,1.67640000e-008,-4.76000011e-001
,,,1.67680000e-008,-4.78781253e-001
,,,1.67720000e-008,-4.76000011e-001
,,,1.67760000e-008,-4.72718745e-001
,,,1.67800000e-008,-4.83999997e-001
,,,1.67840000e-008,-4.83999997e-001
,,,1.67880000e-008,-4.79499996e-001
,,,1.67920000e-008,-4.64062512e-001
,,,1.67960000e-008,-4.70499992e-001
,,,1.68000000e-008,-4.74062502e-001
,,,1.68040000e-008,-4.72906262e-001
,,,1.68080000e-008,-4.65406269e-001
,,,1.68120000e-008,-4.70499992e-001
,,,1.68160000e-008,-4.68718767e-001
,,,1.68200000e-008,-4.76000011e-001
,,,1.68240000e-008,-4.71593767e-001
,,,1.68280000e-008,-4.76000011e-001
,,,1.68320000e-008,-4.76468772e-001
,,,1.68360000e-008,-4.77406263e-001
,,,1.68400000e-008,-4.69031245e-001
,,,1.68440000e-008,-4.67999995e-001
,,,1.68480000e-008,-4.77312505e-001
,,,1.68520000e-008,-4.83999997e-001
,,,1.68560000e-008,-4.79437500e-001
,,,1.68600000e-008,-4.74124998e-001
,,,1.68640000e-008,-4.67999995e-001
,,,1.68680000e-008,-4.65499997e-001
,,,1.68720000e-008,-4.62187499e-001
,,,1.68760000e-008,-4.62406248e-001
,,,1.68800000e-008,-4.67999995e-001
,,,1.68840000e-008,-4.70281243e-001
,,,1.68880000e-008,-4.66468751e-001
,,,1.68920000e-008,-4.61312503e-001
,,,1.68960000e-008,-4.67281252e-001
,,,1.69000000e-008,-4.73093748e-001
,,,1.69040000e-008,-4.68687505e-001
,,,1.69080000e-008,-4.64343756e-001
,,,1.69120000e-008,-4.70406264e-001
,,,1.69160000e-008,-4.68968749e-001
,,,1.69200000e-008,-4.60000008e-001
,,,1.69240000e-008,-4.60531265e-001
,,,1.69280000e-008,-4.52656269e-001
,,,1.69320000e-008,-4.64812517e-001
,,,1.69360000e-008,-4.72656250e-001
,,,1.69400000e-008,-4.67999995e-001
,,,1.69440000e-008,-4.67999995e-001
,,,1.69480000e-008,-4.60656255e-001
,,,1.69520000e-008,-4.59500015e-001
,,,1.69560000e-008,-4.69875008e-001
,,,1.69600000e-008,-4.67999995e-001
,,,1.69640000e-008,-4.64125007e-001
,,,1.69680000e-008,-4.67999995e-001
,,,1.69720000e-008,-4.61437494e-001
,,,1.69760000e-008,-4.46843743e-001
,,,1.69800000e-008,-4.51593757e-001
,,,1.69840000e-008,-4.53343749e-001
,,,1.69880000e-008,-4.56468761e-001
,,,1.69920000e-008,-4.52656269e-001
,,,1.69960000e-008,-4.47843760e-001
,,,1.70000000e-008,-4.44000006e-001
,,,1.70040000e-008,-4.51250017e-001
,,,1.70080000e-008,-4.51906264e-001
,,,1.70120000e-008,-4.52937514e-001
,,,1.70160000e-008,-4.53937501e-001
,,,1.70200000e-008,-4.53125000e-001
,,,1.70240000e-008,-4.54343766e-001
,,,1.70280000e-008,-4.60000008e-001
,,,1.70320000e-008,-4.54250008e-001
,,,1.70360000e-008,-4.57749993e-001
,,,1.70400000e-008,-4.60624993e-001
,,,1.70440000e-008,-4.51999992e-001
,,,1.70480000e-008,-4.56468761e-001
,,,1.70520000e-008,-4.60000008e-001
,,,1.70560000e-008,-4.59781259e-001
,,,1.70600000e-008,-4.60000008e-001
,,,1.70640000e-008,-4.49312508e-001
,,,1.70680000e-008,-4.51999992e-001
,,,1.70720000e-008,-4.51999992e-001
,,,1.70760000e-008,-4.47593749e-001
,,,1.70800000e-008,-4.45406258e-001
,,,1.70840000e-008,-4.51999992e-001
,,,1.70880000e-008,-4.56593752e-001
,,,1.70920000e-008,-4.60000008e-001
,,,1.70960000e-008,-4.57749993e-001
,,,1.71000000e-008,-4.44750011e-001
,,,1.71040000e-008,-4.49156255e-001
,,,1.71080000e-008,-4.51531261e-001
,,,1.71120000e-008,-4.44000006e-001
,,,1.71160000e-008,-4.50062513e-001
,,,1.71200000e-008,-4.48906243e-001
,,,1.71240000e-008,-4.42218751e-001
,,,1.71280000e-008,-4.41468745e-001
,,,1.71320000e-008,-4.49124992e-001
,,,1.71360000e-008,-4.51999992e-001
,,,1.71400000e-008,-4.47750002e-001
,,,1.71440000e-008,-4.40437496e-001
,,,1.71480000e-008,-4.48812515e-001
,,,1.71520000e-008,-4.60000008e-001
,,,1.71560000e-008,-4.59062517e-001
,,,1.71600000e-008,-4.48906243e-001
,,,1.71640000e-008,-4.45531249e-001
,,,1.71680000e-008,-4.45656270e-001
,,,1.71720000e-008,-4.47625011e-001
,,,1.71760000e-008,-4.44437504e-001
,,,1.71800000e-008,-4.48249996e-001
,,,1.71840000e-008,-4.51999992e-001
,,,1.71880000e-008,-4.57187504e-001
,,,1.71920000e-008,-4.50125009e-001
,,,1.71960000e-008,-4.40187514e-001
,,,1.72000000e-008,-4.44000006e-001
,,,1.72040000e-008,-4.51999992e-001
,,,1.72080000e-008,-4.49093759e-001
,,,1.72120000e-008,-4.44000006e-001
,,,1.72160000e-008,-4.46437508e-001
,,,1.72200000e-008,-4.48000014e-001
,,,1.72240000e-008,-4.47843760e-001
,,,1.72280000e-008,-4.44000006e-001
,,,1.72320000e-008,-4.51999992e-001
,,,1.72360000e-008,-4.51999992e-001
,,,1.72400000e-008,-4.47468758e-001
,,,1.72440000e-008,-4.46062505e-001
,,,1.72480000e-008,-4.46250021e-001
,,,1.72520000e-008,-4.49625015e-001
,,,1.72560000e-008,-4.51999992e-001
,,,1.72600000e-008,-4.51999992e-001
,,,1.72640000e-008,-4.59374994e-001
,,,1.72680000e-008,-4.58843768e-001
,,,1.72720000e-008,-4.50781256e-001
,,,1.72760000e-008,-4.48593765e-001
,,,1.72800000e-008,-4.42906260e-001
,,,1.72840000e-008,-4.44000006e-001
,,,1.72880000e-008,-4.51593757e-001
,,,1.72920000e-008,-4.51999992e-001
,,,1.72960000e-008,-4.49343771e-001
,,,1.73000000e-008,-4.55000013e-001
,,,1.73040000e-008,-4.60000008e-001
,,,1.73080000e-008,-4.56000000e-001
,,,1.73120000e-008,-4.44656253e-001
,,,1.73160000e-008,-4.47468758e-001
,,,1.73200000e-008,-4.51999992e-001
,,,1.73240000e-008,-4.53562498e-001
,,,1.73280000e-008,-4.58437502e-001
,,,1.73320000e-008,-4.51999992e-001
,,,1.73360000e-008,-4.52562511e-001
,,,1.73400000e-008,-4.51999992e-001
,,,1.73440000e-008,-4.45250005e-001
,,,1.73480000e-008,-4.44000006e-001
,,,1.73520000e-008,-4.44000006e-001
,,,1.73560000e-008,-4.51999992e-001
,,,1.73600000e-008,-4.54312503e-001
,,,1.73640000e-008,-4.59281266e-001
,,,1.73680000e-008,-4.60000008e-001
,,,1.73720000e-008,-4.56000000e-001
,,,1.73760000e-008,-4.52500015e-001
,,,1.73800000e-008,-4.51968759e-001
,,,1.73840000e-008,-4.51999992e-001
,,,1.73880000e-008,-4.56812501e-001
,,,1.73920000e-008,-4.57375020e-001
,,,1.73960000e-008,-4.51999992e-001
,,,1.74000000e-008,-4.59343761e-001
,,,1.74040000e-008,-4.63468760e-001
,,,1.74080000e-008,-4.61062521e-001
,,,1.74120000e-008,-4.55687493e-001
,,,1.74160000e-008,-4.59062517e-001
,,,1.74200000e-008,-4.60000008e-001
,,,1.74240000e-008,-4.64875013e-001
,,,1.74280000e-008,-4.61125016e-001
,,,1.74320000e-008,-4.57749993e-001
,,,1.74360000e-008,-4.52749997e-001
,,,1.74400000e-008,-4.53718752e-001
,,,1.74440000e-008,-4.49874997e-001
,,,1.74480000e-008,-4.56687510e-001
,,,1.74520000e-008,-4.60000008e-001
,,,1.74560000e-008,-4.67999995e-001
,,,1.74600000e-008,-4.69312519e-001
,,,1.74640000e-008,-4.61406261e-001
,,,1.74680000e-008,-4.55125004e-001
,,,1.74720000e-008,-4.60000008e-001
,,,1.74760000e-008,-4.51875001e-001
,,,1.74800000e-008,-4.58656251e-001
,,,1.74840000e-008,-4.64312494e-001
,,,1.74880000e-008,-4.60187495e-001
,,,1.74920000e-008,-4.51999992e-001
,,,1.74960000e-008,-4.44750011e-001
,,,1.75000000e-008,-4.56499994e-001
,,,1.75040000e-008,-4.62624997e-001
,,,1.75080000e-008,-4.60000008e-001
,,,1.75120000e-008,-4.53624994e-001
,,,1.75160000e-008,-4.68687505e-001
,,,1.75200000e-008,-4.83999997e-001
,,,1.75240000e-008,-4.85031247e-001
,,,1.75280000e-008,-4.73000020e-001
,,,1.75320000e-008,-4.60000008e-001
,,,1.75360000e-008,-4.60000008e-001
,,,1.75400000e-008,-4.60000008e-001
,,,1.75440000e-008,-4.54781264e-001
,,,1.75480000e-008,-4.60000008e-001
,,,1.75520000e-008,-4.63718742e-001
,,,1.75560000e-008,-4.60000008e-001
,,,1.75600000e-008,-4.62281257e-001
,,,1.75640000e-008,-4.53687519e-001
,,,1.75680000e-008,-4.61468756e-001
,,,1.75720000e-008,-4.60031271e-001
,,,1.75760000e-008,-4.51062500e-001
,,,1.75800000e-008,-4.60000008e-001
,,,1.75840000e-008,-4.62562501e-001
,,,1.75880000e-008,-4.69937503e-001
,,,1.75920000e-008,-4.68343765e-001
,,,1.75960000e-008,-4.58656251e-001
,,,1.76000000e-008,-4.60000008e-001
,,,1.76040000e-008,-4.69843745e-001
,,,1.76080000e-008,-4.71500009e-001
,,,1.76120000e-008,-4.65187520e-001
,,,1.76160000e-008,-4.64156270e-001
,,,1.76200000e-008,-4.60000008e-001
,,,1.76240000e-008,-4.62593764e-001
,,,1.76280000e-008,-4.67999995e-001
,,,1.76320000e-008,-4.67531264e-001
,,,1.76360000e-008,-4.59000021e-001
,,,1.76400000e-008,-4.61374998e-001
,,,1.76440000e-008,-4.67999995e-001
,,,1.76480000e-008,-4.64125007e-001
,,,1.76520000e-008,-4.64812517e-001
,,,1.76560000e-008,-4.60000008e-001
,,,1.76600000e-008,-4.58437502e-001
,,,1.76640000e-008,-4.60000008e-001
,,,1.76680000e-008,-4.60500002e-001
,,,1.76720000e-008,-4.53500003e-001
,,,1.76760000e-008,-4.57468748e-001
,,,1.76800000e-008,-4.63031262e-001
,,,1.76840000e-008,-4.61843759e-001
,,,1.76880000e-008,-4.67718750e-001
,,,1.76920000e-008,-4.67062503e-001
,,,1.76960000e-008,-4.60250020e-001
,,,1.77000000e-008,-4.67999995e-001
,,,1.77040000e-008,-4.65218753e-001
,,,1.77080000e-008,-4.67999995e-001
,,,1.77120000e-008,-4.66312498e-001
,,,1.77160000e-008,-4.57406253e-001
,,,1.77200000e-008,-4.53781247e-001
,,,1.77240000e-008,-4.53531265e-001
,,,1.77280000e-008,-4.60000008e-001
,,,1.77320000e-008,-4.61531252e-001
,,,1.77360000e-008,-4.60624993e-001
,,,1.77400000e-008,-4.62062508e-001
,,,1.77440000e-008,-4.59937513e-001
,,,1.77480000e-008,-4.67031270e-001
,,,1.77520000e-008,-4.67999995e-001
,,,1.77560000e-008,-4.56468761e-001
,,,1.77600000e-008,-4.49812502e-001
,,,1.77640000e-008,-4.53218758e-001
,,,1.77680000e-008,-4.56375003e-001
,,,1.77720000e-008,-4.67999995e-001
,,,1.77760000e-008,-4.69656259e-001
,,,1.77800000e-008,-4.62187499e-001
,,,1.77840000e-008,-4.59406257e-001
,,,1.77880000e-008,-4.67999995e-001
,,,1.77920000e-008,-4.63968754e-001
,,,1.77960000e-008,-4.54781264e-001
,,,1.78000000e-008,-4.53656256e-001
,,,1.78040000e-008,-4.55750018e-001
,,,1.78080000e-008,-4.53843743e-001
,,,1.78120000e-008,-4.51999992e-001
,,,1.78160000e-008,-4.57531244e-001
,,,1.78200000e-008,-4.57968771e-001
,,,1.78240000e-008,-4.60000008e-001
,,,1.78280000e-008,-4.60000008e-001
,,,1.78320000e-008,-4.60000008e-001
,,,1.78360000e-008,-4.60750014e-001
,,,1.78400000e-008,-4.60000008e-001
,,,1.78440000e-008,-4.62312520e-001
,,,1.78480000e-008,-4.60000008e-001
,,,1.78520000e-008,-4.54125017e-001
,,,1.78560000e-008,-4.61125016e-001
,,,1.78600000e-008,-4.60000008e-001
,,,1.78640000e-008,-4.51937497e-001
,,,1.78680000e-008,-4.52687502e-001
,,,1.78720000e-008,-4.60250020e-001
,,,1.78760000e-008,-4.63031262e-001
,,,1.78800000e-008,-4.70593750e-001
,,,1.78840000e-008,-4.70625013e-001
,,,1.78880000e-008,-4.76999998e-001
,,,1.78920000e-008,-4.83999997e-001
,,,1.78960000e-008,-4.76062506e-001
,,,1.79000000e-008,-4.60062504e-001
,,,1.79040000e-008,-4.68125015e-001
,,,1.79080000e-008,-4.73156244e-001
,,,1.79120000e-008,-4.66656268e-001
,,,1.79160000e-008,-4.56375003e-001
,,,1.79200000e-008,-4.60000008e-001
,,,1.79240000e-008,-4.56468761e-001
,,,1.79280000e-008,-4.55312520e-001
,,,1.79320000e-008,-4.51999992e-001
,,,1.79360000e-008,-4.56750005e-001
,,,1.79400000e-008,-4.67124999e-001
,,,1.79440000e-008,-4.86437500e-001
,,,1.79480000e-008,-4.92000014e-001
,,,1.79520000e-008,-4.81999993e-001
,,,1.79560000e-008,-4.65718746e-001
,,,1.79600000e-008,-4.60000008e-001
,,,1.79640000e-008,-4.60281253e-001
,,,1.79680000e-008,-4.64656264e-001
,,,1.79720000e-008,-4.60000008e-001
,,,1.79760000e-008,-4.60624993e-001
,,,1.79800000e-008,-4.60000008e-001
,,,1.79840000e-008,-4.55531269e-001
,,,1.79880000e-008,-4.53468770e-001
,,,1.79920000e-008,-4.67999995e-001
,,,1.79960000e-008,-4.71312493e-001
,,,1.80000000e-008,-4.62750018e-001
,,,1.80040000e-008,-4.60000008e-001
,,,1.80080000e-008,-4.59906250e-001
,,,1.80120000e-008,-4.63781267e-001
,,,1.80160000e-008,-4.65124995e-001
,,,1.80200000e-008,-4.68781263e-001
,,,1.80240000e-008,-4.67999995e-001
,,,1.80280000e-008,-4.59156245e-001
,,,1.80320000e-008,-4.50625002e-001
,,,1.80360000e-008,-4.56499994e-001
,,,1.80400000e-008,-4.63031262e-001
,,,1.80440000e-008,-4.71906245e-001
,,,1.80480000e-008,-4.67999995e-001
,,,1.80520000e-008,-4.56187516e-001
,,,1.80560000e-008,-4.56406265e-001
,,,1.80600000e-008,-4.59625006e-001
,,,1.80640000e-008,-4.62062508e-001
,,,1.80680000e-008,-4.62718755e-001
,,,1.80720000e-008,-4.60000008e-001
,,,1.80760000e-008,-4.58968759e-001
,,,1.80800000e-008,-4.57937509e-001
,,,1.80840000e-008,-4.57812518e-001
,,,1.80880000e-008,-4.55875009e-001
,,,1.80920000e-008,-4.54937518e-001
,,,1.80960000e-008,-4.58437502e-001
,,,1.81000000e-008,-4.67999995e-001
,,,1.81040000e-008,-4.66437519e-001
,,,1.81080000e-008,-4.70656246e-001
,,,1.81120000e-008,-4.67999995e-001
,,,1.81160000e-008,-4.75281268e-001
,,,1.81200000e-008,-4.83999997e-001
,,,1.81240000e-008,-4.82250005e-001
,,,1.81280000e-008,-4.71343756e-001
,,,1.81320000e-008,-4.58093762e-001
,,,1.81360000e-008,-4.78625000e-001
,,,1.81400000e-008,-4.88250017e-001
,,,1.81440000e-008,-4.83999997e-001
,,,1.81480000e-008,-4.78500009e-001
,,,1.81520000e-008,-4.76000011e-001
,,,1.81560000e-008,-4.69593763e-001
,,,1.81600000e-008,-4.70812500e-001
,,,1.81640000e-008,-4.74625021e-001
,,,1.81680000e-008,-4.70781267e-001
,,,1.81720000e-008,-4.72499996e-001
,,,1.81760000e-008,-4.69531268e-001
,,,1.81800000e-008,-4.59749997e-001
,,,1.81840000e-008,-4.61093754e-001
,,,1.81880000e-008,-4.63312507e-001
,,,1.81920000e-008,-4.63625014e-001
,,,1.81960000e-008,-4.59187508e-001
,,,1.82000000e-008,-4.60000008e-001
,,,1.82040000e-008,-4.64093745e-001
,,,1.82080000e-008,-4.60750014e-001
,,,1.82120000e-008,-4.61406261e-001
,,,1.82160000e-008,-4.68187511e-001
,,,1.82200000e-008,-4.67718750e-001
,,,1.82240000e-008,-4.59250003e-001
,,,1.82280000e-008,-4.60000008e-001
,,,1.82320000e-008,-4.60000008e-001
,,,1.82360000e-008,-4.60937500e-001
,,,1.82400000e-008,-4.65687513e-001
,,,1.82440000e-008,-4.60000008e-001
,,,1.82480000e-008,-4.62187499e-001
,,,1.82520000e-008,-4.74031270e-001
,,,1.82560000e-008,-4.76968765e-001
,,,1.82600000e-008,-4.67999995e-001
,,,1.82640000e-008,-4.67999995e-001
,,,1.82680000e-008,-4.64468747e-001
,,,1.82720000e-008,-4.58968759e-001
,,,1.82760000e-008,-4.59812492e-001
,,,1.82800000e-008,-4.60000008e-001
,,,1.82840000e-008,-4.59343761e-001
,,,1.82880000e-008,-4.60937500e-001
,,,1.82920000e-008,-4.59374994e-001
,,,1.82960000e-008,-4.58093762e-001
,,,1.83000000e-008,-4.67999995e-001
,,,1.83040000e-008,-4.77343768e-001
,,,1.83080000e-008,-4.73656267e-001
,,,1.83120000e-008,-4.63187516e-001
,,,1.83160000e-008,-4.59562510e-001
,,,1.83200000e-008,-4.62062508e-001
,,,1.83240000e-008,-4.61093754e-001
,,,1.83280000e-008,-4.56250012e-001
,,,1.83320000e-008,-4.59062517e-001
,,,1.83360000e-008,-4.68156248e-001
,,,1.83400000e-008,-4.67999995e-001
,,,1.83440000e-008,-4.68750000e-001
,,,1.83480000e-008,-4.59843755e-001
,,,1.83520000e-008,-4.60000008e-001
,,,1.83560000e-008,-4.69843745e-001
,,,1.83600000e-008,-4.76000011e-001
,,,1.83640000e-008,-4.67999995e-001
,,,1.83680000e-008,-4.67375010e-001
,,,1.83720000e-008,-4.61968750e-001
,,,1.83760000e-008,-4.62812513e-001
,,,1.83800000e-008,-4.59250003e-001
,,,1.83840000e-008,-4.54312503e-001
,,,1.83880000e-008,-4.55281258e-001
,,,1.83920000e-008,-4.55249995e-001
,,,1.83960000e-008,-4.67999995e-001
,,,1.84000000e-008,-4.71750021e-001
,,,1.84040000e-008,-4.73156244e-001
,,,1.84080000e-008,-4.85375017e-001
,,,1.84120000e-008,-4.86812502e-001
,,,1.84160000e-008,-4.77656245e-001
,,,1.84200000e-008,-4.81468767e-001
,,,1.84240000e-008,-4.83437508e-001
,,,1.84280000e-008,-4.76000011e-001
,,,1.84320000e-008,-4.59781259e-001
,,,1.84360000e-008,-4.60812509e-001
,,,1.84400000e-008,-4.67999995e-001
,,,1.84440000e-008,-4.61500019e-001
,,,1.84480000e-008,-4.76000011e-001
,,,1.84520000e-008,-4.78906244e-001
,,,1.84560000e-008,-4.67750013e-001
,,,1.84600000e-008,-4.76000011e-001
,,,1.84640000e-008,-4.78062510e-001
,,,1.84680000e-008,-4.72718745e-001
,,,1.84720000e-008,-4.65656251e-001
,,,1.84760000e-008,-4.63750005e-001
,,,1.84800000e-008,-4.60000008e-001
,,,1.84840000e-008,-4.63093758e-001
,,,1.84880000e-008,-4.59500015e-001
,,,1.84920000e-008,-4.62843746e-001
,,,1.84960000e-008,-4.60000008e-001
,,,1.85000000e-008,-4.60937500e-001
,,,1.85040000e-008,-4.62531269e-001
,,,1.85080000e-008,-4.60000008e-001
,,,1.85120000e-008,-4.65750009e-001
,,,1.85160000e-008,-4.63656247e-001
,,,1.85200000e-008,-4.66250002e-001
,,,1.85240000e-008,-4.67999995e-001
,,,1.85280000e-008,-4.67968762e-001
,,,1.85320000e-008,-4.69843745e-001
,,,1.85360000e-008,-4.68625009e-001
,,,1.85400000e-008,-4.83500004e-001
,,,1.85440000e-008,-4.83999997e-001
,,,1.85480000e-008,-4.68843758e-001
,,,1.85520000e-008,-4.66468751e-001
,,,1.85560000e-008,-4.68687505e-001
,,,1.85600000e-008,-4.60000008e-001
,,,1.85640000e-008,-4.57875013e-001
,,,1.85680000e-008,-4.60031271e-001
,,,1.85720000e-008,-4.59156245e-001
,,,1.85760000e-008,-4.52781260e-001
,,,1.85800000e-008,-4.51999992e-001
,,,1.85840000e-008,-4.53656256e-001
,,,1.85880000e-008,-4.54687506e-001
,,,1.85920000e-008,-4.60000008e-001
,,,1.85960000e-008,-4.63000000e-001
,,,1.86000000e-008,-4.58562493e-001
,,,1.86040000e-008,-4.51562494e-001
,,,1.86080000e-008,-4.62343752e-001
,,,1.86120000e-008,-4.69750017e-001
,,,1.86160000e-008,-4.65968758e-001
,,,1.86200000e-008,-4.61031258e-001
,,,1.86240000e-008,-4.63343769e-001
,,,1.86280000e-008,-4.60000008e-001
,,,1.86320000e-008,-4.58406270e-001
,,,1.86360000e-008,-4.57531244e-001
,,,1.86400000e-008,-4.49687511e-001
,,,1.86440000e-008,-4.56062496e-001
,,,1.86480000e-008,-4.60000008e-001
,,,1.86520000e-008,-4.58687514e-001
,,,1.86560000e-008,-4.58406270e-001
,,,1.86600000e-008,-4.60000008e-001
,,,1.86640000e-008,-4.59625006e-001
,,,1.86680000e-008,-4.55031246e-001
,,,1.86720000e-008,-4.59937513e-001
,,,1.86760000e-008,-4.67999995e-001
,,,1.86800000e-008,-4.62249994e-001
,,,1.86840000e-008,-4.53406245e-001
,,,1.86880000e-008,-4.55187500e-001
,,,1.86920000e-008,-4.56937492e-001
,,,1.86960000e-008,-4.60000008e-001
,,,1.87000000e-008,-4.60000008e-001
,,,1.87040000e-008,-4.52812493e-001
,,,1.87080000e-008,-4.51999992e-001
,,,1.87120000e-008,-4.53812510e-001
,,,1.87160000e-008,-4.48656261e-001
,,,1.87200000e-008,-4.51999992e-001
,,,1.87240000e-008,-4.53562498e-001
,,,1.87280000e-008,-4.47093755e-001
,,,1.87320000e-008,-4.51999992e-001
,,,1.87360000e-008,-4.53906268e-001
,,,1.87400000e-008,-4.51999992e-001
,,,1.87440000e-008,-4.51593757e-001
,,,1.87480000e-008,-4.53250021e-001
,,,1.87520000e-008,-4.54218745e-001
,,,1.87560000e-008,-4.51999992e-001
,,,1.87600000e-008,-4.53468770e-001
,,,1.87640000e-008,-4.57843751e-001
,,,1.87680000e-008,-4.51999992e-001
,,,1.87720000e-008,-4.47750002e-001
,,,1.87760000e-008,-4.49437499e-001
,,,1.87800000e-008,-4.54218745e-001
,,,1.87840000e-008,-4.51999992e-001
,,,1.87880000e-008,-4.54156250e-001
,,,1.87920000e-008,-4.61562514e-001
,,,1.87960000e-008,-4.60000008e-001
,,,1.88000000e-008,-4.53156263e-001
,,,1.88040000e-008,-4.54874992e-001
,,,1.88080000e-008,-4.48968768e-001
,,,1.88120000e-008,-4.48562503e-001
,,,1.88160000e-008,-4.50437516e-001
,,,1.88200000e-008,-4.52937514e-001
,,,1.88240000e-008,-4.60000008e-001
,,,1.88280000e-008,-4.57500011e-001
,,,1.88320000e-008,-4.49124992e-001
,,,1.88360000e-008,-4.49062496e-001
,,,1.88400000e-008,-4.55500007e-001
,,,1.88440000e-008,-4.59031254e-001
,,,1.88480000e-008,-4.53624994e-001
,,,1.88520000e-008,-4.60000008e-001
,,,1.88560000e-008,-4.62656260e-001
,,,1.88600000e-008,-4.60000008e-001
,,,1.88640000e-008,-4.54500020e-001
,,,1.88680000e-008,-4.53187495e-001
,,,1.88720000e-008,-4.54343766e-001
,,,1.88760000e-008,-4.53812510e-001
,,,1.88800000e-008,-4.46812510e-001
,,,1.88840000e-008,-4.54312503e-001
,,,1.88880000e-008,-4.67718750e-001
,,,1.88920000e-008,-4.73781258e-001
,,,1.88960000e-008,-4.71187502e-001
,,,1.89000000e-008,-4.60000008e-001
,,,1.89040000e-008,-4.44000006e-001
,,,1.89080000e-008,-4.55468744e-001
,,,1.89120000e-008,-4.63250011e-001
,,,1.89160000e-008,-4.62031245e-001
,,,1.89200000e-008,-4.51999992e-001
,,,1.89240000e-008,-4.53999996e-001
,,,1.89280000e-008,-4.52656269e-001
,,,1.89320000e-008,-4.50250000e-001
,,,1.89360000e-008,-4.53218758e-001
,,,1.89400000e-008,-4.49593753e-001
,,,1.89440000e-008,-4.52468753e-001
,,,1.89480000e-008,-4.51999992e-001
,,,1.89520000e-008,-4.45374995e-001
,,,1.89560000e-008,-4.49000001e-001
,,,1.89600000e-008,-4.51999992e-001
,,,1.89640000e-008,-4.42437500e-001
,,,1.89680000e-008,-4.44000006e-001
,,,1.89720000e-008,-4.43031251e-001
,,,1.89760000e-008,-4.44437504e-001
,,,1.89800000e-008,-4.44000006e-001
,,,1.89840000e-008,-4.48312521e-001
,,,1.89880000e-008,-4.53156263e-001
,,,1.89920000e-008,-4.49468762e-001
,,,1.89960000e-008,-4.45593745e-001
,,,1.90000000e-008,-4.44000006e-001
,,,1.90040000e-008,-4.63187516e-001
,,,1.90080000e-008,-4.72593755e-001
,,,1.90120000e-008,-4.70593750e-001
,,,1.90160000e-008,-4.57593769e-001
,,,1.90200000e-008,-4.44000006e-001
,,,1.90240000e-008,-4.50437516e-001
,,,1.90280000e-008,-4.53468770e-001
,,,1.90320000e-008,-4.45031255e-001
,,,1.90360000e-008,-4.53187495e-001
,,,1.90400000e-008,-4.51999992e-001
,,,1.90440000e-008,-4.40593749e-001
,,,1.90480000e-008,-4.39062506e-001
,,,1.90520000e-008,-4.39687520e-001
,,,1.90560000e-008,-4.45906252e-001
,,,1.90600000e-008,-4.51999992e-001
,,,1.90640000e-008,-4.48500007e-001
,,,1.90680000e-008,-4.44000006e-001
,,,1.90720000e-008,-4.50031251e-001
,,,1.90760000e-008,-4.48343754e-001
,,,1.90800000e-008,-4.48312521e-001
,,,1.90840000e-008,-4.53093767e-001
,,,1.90880000e-008,-4.54156250e-001
,,,1.90920000e-008,-4.51999992e-001
,,,1.90960000e-008,-4.55562502e-001
,,,1.91000000e-008,-4.53624994e-001
,,,1.91040000e-008,-4.46343750e-001
,,,1.91080000e-008,-4.43343759e-001
,,,1.91120000e-008,-4.44687515e-001
,,,1.91160000e-008,-4.50500011e-001
,,,1.91200000e-008,-4.67999995e-001
,,,1.91240000e-008,-4.71937507e-001
,,,1.91280000e-008,-4.61937517e-001
,,,1.91320000e-008,-4.45406258e-001
,,,1.91360000e-008,-4.56093758e-001
,,,1.91400000e-008,-4.59593743e-001
,,,1.91440000e-008,-4.51999992e-001
,,,1.91480000e-008,-4.44000006e-001
,,,1.91520000e-008,-4.52187508e-001
,,,1.91560000e-008,-4.49968755e-001
,,,1.91600000e-008,-4.44000006e-001
,,,1.91640000e-008,-4.48375016e-001
,,,1.91680000e-008,-4.54812497e-001
,,,1.91720000e-008,-4.58812505e-001
,,,1.91760000e-008,-4.59968746e-001
,,,1.91800000e-008,-4.56343770e-001
,,,1.91840000e-008,-4.75374997e-001
,,,1.91880000e-008,-4.79968756e-001
,,,1.91920000e-008,-4.67999995e-001
,,,1.91960000e-008,-4.49531257e-001
,,,1.92000000e-008,-4.44000006e-001
,,,1.92040000e-008,-4.46375012e-001
,,,1.92080000e-008,-4.45468754e-001
,,,1.92120000e-008,-4.49781269e-001
,,,1.92160000e-008,-4.49156255e-001
,,,1.92200000e-008,-4.60000008e-001
,,,1.92240000e-008,-4.60218757e-001
,,,1.92280000e-008,-4.48031247e-001
,,,1.92320000e-008,-4.45656270e-001
,,,1.92360000e-008,-4.52968746e-001
,,,1.92400000e-008,-4.55624998e-001
,,,1.92440000e-008,-4.48562503e-001
,,,1.92480000e-008,-4.52687502e-001
,,,1.92520000e-008,-4.48218763e-001
,,,1.92560000e-008,-4.44000006e-001
,,,1.92600000e-008,-4.44000006e-001
,,,1.92640000e-008,-4.44000006e-001
,,,1.92680000e-008,-4.41718757e-001
,,,1.92720000e-008,-4.51499999e-001
,,,1.92760000e-008,-4.52343762e-001
,,,1.92800000e-008,-4.44000006e-001
,,,1.92840000e-008,-4.39375013e-001
,,,1.92880000e-008,-4.45312500e-001
,,,1.92920000e-008,-4.51999992e-001
,,,1.92960000e-008,-4.49000001e-001
,,,1.93000000e-008,-4.44000006e-001
,,,1.93040000e-008,-4.44000006e-001
,,,1.93080000e-008,-4.47218746e-001
,,,1.93120000e-008,-4.46968764e-001
,,,1.93160000e-008,-4.38562512e-001
,,,1.93200000e-008,-4.44000006e-001
,,,1.93240000e-008,-4.50031251e-001
,,,1.93280000e-008,-4.44812506e-001
,,,1.93320000e-008,-4.45968747e-001
,,,1.93360000e-008,-4.42781270e-001
,,,1.93400000e-008,-4.51999992e-001
,,,1.93440000e-008,-4.47968751e-001
,,,1.93480000e-008,-4.37406242e-001
,,,1.93520000e-008,-4.46187496e-001
,,,1.93560000e-008,-4.48187500e-001
,,,1.93600000e-008,-4.51999992e-001
,,,1.93640000e-008,-4.49187517e-001
,,,1.93680000e-008,-4.50937510e-001
,,,1.93720000e-008,-4.51999992e-001
,,,1.93760000e-008,-4.55000013e-001
,,,1.93800000e-008,-4.56625015e-001
,,,1.93840000e-008,-4.48718756e-001
,,,1.93880000e-008,-4.48312521e-001
,,,1.93920000e-008,-4.47843760e-001
,,,1.93960000e-008,-4.44718748e-001
,,,1.94000000e-008,-4.44468766e-001
,,,1.94040000e-008,-4.44000006e-001
,,,1.94080000e-008,-4.51999992e-001
,,,1.94120000e-008,-4.52281266e-001
,,,1.94160000e-008,-4.45875019e-001
,,,1.94200000e-008,-4.43187505e-001
,,,1.94240000e-008,-4.44000006e-001
,,,1.94280000e-008,-4.46281254e-001
,,,1.94320000e-008,-4.40687507e-001
,,,1.94360000e-008,-4.44000006e-001
,,,1.94400000e-008,-4.44000006e-001
,,,1.94440000e-008,-4.47843760e-001
,,,1.94480000e-008,-4.46500003e-001
,,,1.94520000e-008,-4.45625007e-001
,,,1.94560000e-008,-4.46281254e-001
,,,1.94600000e-008,-4.47218746e-001
,,,1.94640000e-008,-4.44000006e-001
,,,1.94680000e-008,-4.36000019e-001
,,,1.94720000e-008,-4.37937498e-001
,,,1.94760000e-008,-4.41562504e-001
,,,1.94800000e-008,-4.51999992e-001
,,,1.94840000e-008,-4.57218766e-001
,,,1.94880000e-008,-4.53156263e-001
,,,1.94920000e-008,-4.46999997e-001
,,,1.94960000e-008,-4.44000006e-001
,,,1.95000000e-008,-4.44124997e-001
,,,1.95040000e-008,-4.44000006e-001
,,,1.95080000e-008,-4.43843752e-001
,,,1.95120000e-008,-4.48406249e-001
,,,1.95160000e-008,-4.45843756e-001
,,,1.95200000e-008,-4.51999992e-001
,,,1.95240000e-008,-4.49312508e-001
,,,1.95280000e-008,-4.37124997e-001
,,,1.95320000e-008,-4.46437508e-001
,,,1.95360000e-008,-4.57625002e-001
,,,1.95400000e-008,-4.60000008e-001
,,,1.95440000e-008,-4.49250013e-001
,,,1.95480000e-008,-4.36000019e-001
,,,1.95520000e-008,-4.37468767e-001
,,,1.95560000e-008,-4.37750012e-001
,,,1.95600000e-008,-4.30687517e-001
,,,1.95640000e-008,-4.36406255e-001
,,,1.95680000e-008,-4.36000019e-001
,,,1.95720000e-008,-4.33468759e-001
,,,1.95760000e-008,-4.28000003e-001
,,,1.95800000e-008,-4.28812504e-001
,,,1.95840000e-008,-4.32281256e-001
,,,1.95880000e-008,-4.41812515e-001
,,,1.95920000e-008,-4.45812494e-001
,,,1.95960000e-008,-4.45125014e-001
,,,1.96000000e-008,-4.38500017e-001
,,,1.96040000e-008,-4.44000006e-001
,,,1.96080000e-008,-4.37281251e-001
,,,1.96120000e-008,-4.44000006e-001
,,,1.96160000e-008,-4.45343763e-001
,,,1.96200000e-008,-4.44499999e-001
,,,1.96240000e-008,-4.44000006e-001
,,,1.96280000e-008,-4.39875007e-001
,,,1.96320000e-008,-4.37124997e-001
,,,1.96360000e-008,-4.37625021e-001
,,,1.96400000e-008,-4.44812506e-001
,,,1.96440000e-008,-4.48500007e-001
,,,1.96480000e-008,-4.50281262e-001
,,,1.96520000e-008,-4.41750020e-001
,,,1.96560000e-008,-4.41093743e-001
,,,1.96600000e-008,-4.36000019e-001
,,,1.96640000e-008,-4.38781261e-001
,,,1.96680000e-008,-4.36718762e-001
,,,1.96720000e-008,-4.30999994e-001
,,,1.96760000e-008,-4.38500017e-001
,,,1.96800000e-008,-4.36156243e-001
,,,1.96840000e-008,-4.36781257e-001
,,,1.96880000e-008,-4.43531245e-001
,,,1.96920000e-008,-4.51999992e-001
,,,1.96960000e-008,-4.48437512e-001
,,,1.97000000e-008,-4.40437496e-001
,,,1.97040000e-008,-4.51375008e-001
,,,1.97080000e-008,-4.51999992e-001
,,,1.97120000e-008,-4.41437513e-001
,,,1.97160000e-008,-4.47500020e-001
,,,1.97200000e-008,-4.51999992e-001
,,,1.97240000e-008,-4.44124997e-001
,,,1.97280000e-008,-4.40093756e-001
,,,1.97320000e-008,-4.36000019e-001
,,,1.97360000e-008,-4.32125002e-001
,,,1.97400000e-008,-4.36000019e-001
,,,1.97440000e-008,-4.33125019e-001
,,,1.97480000e-008,-4.36000019e-001
,,,1.97520000e-008,-4.33281243e-001
,,,1.97560000e-008,-4.28843766e-001
,,,1.97600000e-008,-4.28000003e-001
,,,1.97640000e-008,-4.25000012e-001
,,,1.97680000e-008,-4.36000019e-001
,,,1.97720000e-008,-4.41968769e-001
,,,1.97760000e-008,-4.36875015e-001
,,,1.97800000e-008,-4.36000019e-001
,,,1.97840000e-008,-4.34249997e-001
,,,1.97880000e-008,-4.32718754e-001
,,,1.97920000e-008,-4.35781270e-001
,,,1.97960000e-008,-4.38500017e-001
,,,1.98000000e-008,-4.28000003e-001
,,,1.98040000e-008,-4.20000017e-001
,,,1.98080000e-008,-4.24781263e-001
,,,1.98120000e-008,-4.27843750e-001
,,,1.98160000e-008,-4.26968753e-001
,,,1.98200000e-008,-4.28000003e-001
,,,1.98240000e-008,-4.32468742e-001
,,,1.98280000e-008,-4.29250002e-001
,,,1.98320000e-008,-4.33375001e-001
,,,1.98360000e-008,-4.31562513e-001
,,,1.98400000e-008,-4.31468755e-001
,,,1.98440000e-008,-4.43000019e-001
,,,1.98480000e-008,-4.44000006e-001
,,,1.98520000e-008,-4.33375001e-001
,,,1.98560000e-008,-4.37093765e-001
,,,1.98600000e-008,-4.33250010e-001
,,,1.98640000e-008,-4.28000003e-001
,,,1.98680000e-008,-4.32624996e-001
,,,1.98720000e-008,-4.32031244e-001
,,,1.98760000e-008,-4.29687500e-001
,,,1.98800000e-008,-4.36000019e-001
,,,1.98840000e-008,-4.39218760e-001
,,,1.98880000e-008,-4.36000019e-001
,,,1.98920000e-008,-4.32500005e-001
,,,1.98960000e-008,-4.31781262e-001
,,,1.99000000e-008,-4.30500001e-001
,,,1.99040000e-008,-4.31937516e-001
,,,1.99080000e-008,-4.34218764e-001
,,,1.99120000e-008,-4.36000019e-001
,,,1.99160000e-008,-4.26156253e-001
,,,1.99200000e-008,-4.28000003e-001
,,,1.99240000e-008,-4.36281264e-001
,,,1.99280000e-008,-4.36562508e-001
,,,1.99320000e-008,-4.33968753e-001
,,,1.99360000e-008,-4.43812519e-001
,,,1.99400000e-008,-4.44000006e-001
,,,1.99440000e-008,-4.33375001e-001
,,,1.99480000e-008,-4.28000003e-001
,,,1.99520000e-008,-4.28312510e-001
,,,1.99560000e-008,-4.28281248e-001
,,,1.99600000e-008,-4.25312519e-001
,,,1.99640000e-008,-4.22531247e-001
,,,1.99680000e-008,-4.22625005e-001
,,,1.99720000e-008,-4.20125008e-001
,,,1.99760000e-008,-4.27875012e-001
,,,1.99800000e-008,-4.28000003e-001
,,,1.99840000e-008,-4.28000003e-001
,,,1.99880000e-008,-4.24374998e-001
,,,1.99920000e-008,-4.29437518e-001
,,,1.99960000e-008,-4.28000003e-001
,,,2.00000000e-008,-4.28000003e-001
,,,2.00040000e-008,-4.34156269e-001
,,,2.00080000e-008,-4.31031257e-001
,,,2.00120000e-008,-4.28375006e-001
,,,2.00160000e-008,-4.27562505e-001
,,,2.00200000e-008,-4.28000003e-001
,,,2.00240000e-008,-4.21343744e-001
,,,2.00280000e-008,-4.24187511e-001
,,,2.00320000e-008,-4.28000003e-001
,,,2.00360000e-008,-4.34093744e-001
,,,2.00400000e-008,-4.31625009e-001
,,,2.00440000e-008,-4.28000003e-001
,,,2.00480000e-008,-4.27187502e-001
,,,2.00520000e-008,-4.36000019e-001
,,,2.00560000e-008,-4.41406250e-001
,,,2.00600000e-008,-4.36406255e-001
,,,2.00640000e-008,-4.37906265e-001
,,,2.00680000e-008,-4.32312518e-001
,,,2.00720000e-008,-4.22500014e-001
,,,2.00760000e-008,-4.21562493e-001
,,,2.00800000e-008,-4.28812504e-001
,,,2.00840000e-008,-4.37625021e-001
,,,2.00880000e-008,-4.36000019e-001
,,,2.00920000e-008,-4.23656255e-001
,,,2.00960000e-008,-4.19125021e-001
,,,2.01000000e-008,-4.30750012e-001
,,,2.01040000e-008,-4.33906257e-001
,,,2.01080000e-008,-4.30375010e-001
,,,2.01120000e-008,-4.23781246e-001
,,,2.01160000e-008,-4.30812508e-001
,,,2.01200000e-008,-4.28000003e-001
,,,2.01240000e-008,-4.29062515e-001
,,,2.01280000e-008,-4.23437506e-001
,,,2.01320000e-008,-4.18718755e-001
,,,2.01360000e-008,-4.19906259e-001
,,,2.01400000e-008,-4.18249995e-001
,,,2.01440000e-008,-4.19406265e-001
,,,2.01480000e-008,-4.24718767e-001
,,,2.01520000e-008,-4.34937507e-001
,,,2.01560000e-008,-4.40437496e-001
,,,2.01600000e-008,-4.35156256e-001
,,,2.01640000e-008,-4.20000017e-001
,,,2.01680000e-008,-4.23656255e-001
,,,2.01720000e-008,-4.28000003e-001
,,,2.01760000e-008,-4.21593755e-001
,,,2.01800000e-008,-4.15656269e-001
,,,2.01840000e-008,-4.17562515e-001
,,,2.01880000e-008,-4.22656268e-001
,,,2.01920000e-008,-4.26312506e-001
,,,2.01960000e-008,-4.22437519e-001
,,,2.02000000e-008,-4.20531243e-001
,,,2.02040000e-008,-4.25718755e-001
,,,2.02080000e-008,-4.20000017e-001
,,,2.02120000e-008,-4.20000017e-001
,,,2.02160000e-008,-4.17562515e-001
,,,2.02200000e-008,-4.29843754e-001
,,,2.02240000e-008,-4.39312518e-001
,,,2.02280000e-008,-4.35750008e-001
,,,2.02320000e-008,-4.20000017e-001
,,,2.02360000e-008,-4.25500005e-001
,,,2.02400000e-008,-4.38781261e-001
,,,2.02440000e-008,-4.43031251e-001
,,,2.02480000e-008,-4.36000019e-001
,,,2.02520000e-008,-4.17906255e-001
,,,2.02560000e-008,-4.21156257e-001
,,,2.02600000e-008,-4.30062503e-001
,,,2.02640000e-008,-4.29437518e-001
,,,2.02680000e-008,-4.20000017e-001
,,,2.02720000e-008,-4.20000017e-001
,,,2.02760000e-008,-4.17687505e-001
,,,2.02800000e-008,-4.20000017e-001
,,,2.02840000e-008,-4.23562497e-001
,,,2.02880000e-008,-4.17656243e-001
,,,2.02920000e-008,-4.19187516e-001
,,,2.02960000e-008,-4.21718746e-001
,,,2.03000000e-008,-4.18968767e-001
,,,2.03040000e-008,-4.12000000e-001
,,,2.03080000e-008,-4.14843768e-001
,,,2.03120000e-008,-4.18500006e-001
,,,2.03160000e-008,-4.20500010e-001
,,,2.03200000e-008,-4.23937500e-001
,,,2.03240000e-008,-4.25593764e-001
,,,2.03280000e-008,-4.21281248e-001
,,,2.03320000e-008,-4.20281261e-001
,,,2.03360000e-008,-4.29468751e-001
,,,2.03400000e-008,-4.28000003e-001
,,,2.03440000e-008,-4.20468748e-001
,,,2.03480000e-008,-4.20000017e-001
,,,2.03520000e-008,-4.16218758e-001
,,,2.03560000e-008,-4.19687510e-001
,,,2.03600000e-008,-4.19687510e-001
,,,2.03640000e-008,-4.16031241e-001
,,,2.03680000e-008,-4.17437494e-001
,,,2.03720000e-008,-4.18000013e-001
,,,2.03760000e-008,-4.17374998e-001
,,,2.03800000e-008,-4.22281265e-001
,,,2.03840000e-008,-4.20000017e-001
,,,2.03880000e-008,-4.18562502e-001
,,,2.03920000e-008,-4.18125004e-001
,,,2.03960000e-008,-4.09999996e-001
,,,2.04000000e-008,-4.07718748e-001
,,,2.04040000e-008,-4.12781268e-001
,,,2.04080000e-008,-4.12531257e-001
,,,2.04120000e-008,-4.11437511e-001
,,,2.04160000e-008,-4.13937509e-001
,,,2.04200000e-008,-4.12000000e-001
,,,2.04240000e-008,-4.14093763e-001
,,,2.04280000e-008,-4.20000017e-001
,,,2.04320000e-008,-4.21062499e-001
,,,2.04360000e-008,-4.20093745e-001
,,,2.04400000e-008,-4.09812510e-001
,,,2.04440000e-008,-4.12000000e-001
,,,2.04480000e-008,-4.08968747e-001
,,,2.04520000e-008,-4.12000000e-001
,,,2.04560000e-008,-4.11562502e-001
,,,2.04600000e-008,-4.12000000e-001
,,,2.04640000e-008,-4.10187513e-001
,,,2.04680000e-008,-4.11656260e-001
,,,2.04720000e-008,-4.12000000e-001
,,,2.04760000e-008,-4.21499997e-001
,,,2.04800000e-008,-4.19281244e-001
,,,2.04840000e-008,-4.13437515e-001
,,,2.04880000e-008,-4.12000000e-001
,,,2.04920000e-008,-4.10374999e-001
,,,2.04960000e-008,-4.07062501e-001
,,,2.05000000e-008,-4.05687511e-001
,,,2.05040000e-008,-4.08562511e-001
,,,2.05080000e-008,-4.08062518e-001
,,,2.05120000e-008,-4.12000000e-001
,,,2.05160000e-008,-4.08875018e-001
,,,2.05200000e-008,-4.06625003e-001
,,,2.05240000e-008,-4.05499995e-001
,,,2.05280000e-008,-4.11249995e-001
,,,2.05320000e-008,-4.12000000e-001
,,,2.05360000e-008,-4.06250000e-001
,,,2.05400000e-008,-4.12000000e-001
,,,2.05440000e-008,-4.13625002e-001
,,,2.05480000e-008,-4.12000000e-001
,,,2.05520000e-008,-4.12000000e-001
,,,2.05560000e-008,-4.11031246e-001
,,,2.05600000e-008,-4.08875018e-001
,,,2.05640000e-008,-4.18687493e-001
,,,2.05680000e-008,-4.20000017e-001
,,,2.05720000e-008,-4.13093746e-001
,,,2.05760000e-008,-4.12000000e-001
,,,2.05800000e-008,-4.04000014e-001
,,,2.05840000e-008,-4.09125000e-001
,,,2.05880000e-008,-4.12000000e-001
,,,2.05920000e-008,-4.06093746e-001
,,,2.05960000e-008,-4.04468745e-001
,,,2.06000000e-008,-4.14593756e-001
,,,2.06040000e-008,-4.19250011e-001
,,,2.06080000e-008,-4.12906259e-001
,,,2.06120000e-008,-4.14156258e-001
,,,2.06160000e-008,-4.18437511e-001
,,,2.06200000e-008,-4.12093759e-001
,,,2.06240000e-008,-4.04937506e-001
,,,2.06280000e-008,-4.07406271e-001
,,,2.06320000e-008,-4.06656265e-001
,,,2.06360000e-008,-4.05906260e-001
,,,2.06400000e-008,-4.04156268e-001
,,,2.06440000e-008,-3.95999998e-001
,,,2.06480000e-008,-3.99343759e-001
,,,2.06520000e-008,-4.03718770e-001
,,,2.06560000e-008,-4.02843744e-001
,,,2.06600000e-008,-4.08500016e-001
,,,2.06640000e-008,-4.05000001e-001
,,,2.06680000e-008,-4.06281263e-001
,,,2.06720000e-008,-4.04562503e-001
,,,2.06760000e-008,-4.04187500e-001
,,,2.06800000e-008,-4.04000014e-001
,,,2.06840000e-008,-4.04000014e-001
,,,2.06880000e-008,-4.04000014e-001
,,,2.06920000e-008,-4.18687493e-001
,,,2.06960000e-008,-4.27062511e-001
,,,2.07000000e-008,-4.24906254e-001
,,,2.07040000e-008,-4.12000000e-001
,,,2.07080000e-008,-4.11062509e-001
,,,2.07120000e-008,-4.12000000e-001
,,,2.07160000e-008,-4.06656265e-001
,,,2.07200000e-008,-4.07187492e-001
,,,2.07240000e-008,-4.00718749e-001
,,,2.07280000e-008,-3.98250014e-001
,,,2.07320000e-008,-3.98687512e-001
,,,2.07360000e-008,-4.01156247e-001
,,,2.07400000e-008,-4.06000018e-001
,,,2.07440000e-008,-4.02406245e-001
,,,2.07480000e-008,-4.12000000e-001
,,,2.07520000e-008,-4.07187492e-001
,,,2.07560000e-008,-4.03218746e-001
,,,2.07600000e-008,-4.00312513e-001
,,,2.07640000e-008,-3.99437517e-001
,,,2.07680000e-008,-4.04000014e-001
,,,2.07720000e-008,-4.02187496e-001
,,,2.07760000e-008,-4.07843769e-001
,,,2.07800000e-008,-4.05625015e-001
,,,2.07840000e-008,-4.01906252e-001
,,,2.07880000e-008,-4.12000000e-001
,,,2.07920000e-008,-4.08531249e-001
,,,2.07960000e-008,-4.01968747e-001
,,,2.08000000e-008,-4.03500021e-001
,,,2.08040000e-008,-4.00812507e-001
,,,2.08080000e-008,-3.95999998e-001
,,,2.08120000e-008,-3.92625004e-001
,,,2.08160000e-008,-3.97156268e-001
,,,2.08200000e-008,-3.95999998e-001
,,,2.08240000e-008,-3.94749999e-001
,,,2.08280000e-008,-3.99812520e-001
,,,2.08320000e-008,-3.95999998e-001
,,,2.08360000e-008,-3.99000019e-001
,,,2.08400000e-008,-3.95999998e-001
,,,2.08440000e-008,-3.99093747e-001
,,,2.08480000e-008,-4.06250000e-001
,,,2.08520000e-008,-4.04000014e-001
,,,2.08560000e-008,-3.95218760e-001
,,,2.08600000e-008,-4.01468754e-001
,,,2.08640000e-008,-3.96187514e-001
,,,2.08680000e-008,-4.07687515e-001
,,,2.08720000e-008,-4.13843751e-001
,,,2.08760000e-008,-4.09781247e-001
,,,2.08800000e-008,-4.04249996e-001
,,,2.08840000e-008,-4.17468756e-001
,,,2.08880000e-008,-4.20000017e-001
,,,2.08920000e-008,-4.10843760e-001
,,,2.08960000e-008,-3.97375017e-001
,,,2.09000000e-008,-3.88531268e-001
,,,2.09040000e-008,-3.99125010e-001
,,,2.09080000e-008,-4.12000000e-001
,,,2.09120000e-008,-4.14843768e-001
,,,2.09160000e-008,-4.04312491e-001
,,,2.09200000e-008,-3.88000011e-001
,,,2.09240000e-008,-3.88718754e-001
,,,2.09280000e-008,-3.91312510e-001
,,,2.09320000e-008,-3.93093765e-001
,,,2.09360000e-008,-3.95031244e-001
,,,2.09400000e-008,-4.03625011e-001
,,,2.09440000e-008,-4.04687494e-001
,,,2.09480000e-008,-4.02218759e-001
,,,2.09520000e-008,-3.92031252e-001
,,,2.09560000e-008,-3.94812495e-001
,,,2.09600000e-008,-3.95312518e-001
,,,2.09640000e-008,-3.93000007e-001
,,,2.09680000e-008,-3.94343764e-001
,,,2.09720000e-008,-4.00406241e-001
,,,2.09760000e-008,-3.98218751e-001
,,,2.09800000e-008,-3.98843765e-001
,,,2.09840000e-008,-4.02249992e-001
,,,2.09880000e-008,-3.95999998e-001
,,,2.09920000e-008,-3.90531242e-001
,,,2.09960000e-008,-4.01062518e-001
,,,2.10000000e-008,-4.03250009e-001
,,,2.10040000e-008,-3.95999998e-001
,,,2.10080000e-008,-4.01875019e-001
,,,2.10120000e-008,-4.12000000e-001
,,,2.10160000e-008,-4.10687506e-001
,,,2.10200000e-008,-3.99125010e-001
,,,2.10240000e-008,-3.88000011e-001
,,,2.10280000e-008,-3.88000011e-001
,,,2.10320000e-008,-3.89343768e-001
,,,2.10360000e-008,-3.88406247e-001
,,,2.10400000e-008,-3.89562517e-001
,,,2.10440000e-008,-3.88000011e-001
,,,2.10480000e-008,-3.86562496e-001
,,,2.10520000e-008,-3.91718745e-001
,,,2.10560000e-008,-3.94343764e-001
,,,2.10600000e-008,-4.02781248e-001
,,,2.10640000e-008,-4.00718749e-001
,,,2.10680000e-008,-3.90500009e-001
,,,2.10720000e-008,-3.94250005e-001
,,,2.10760000e-008,-4.00937498e-001
,,,2.10800000e-008,-4.04000014e-001
,,,2.10840000e-008,-3.95999998e-001
,,,2.10880000e-008,-3.95999998e-001
,,,2.10920000e-008,-3.91499996e-001
,,,2.10960000e-008,-3.81968766e-001
,,,2.11000000e-008,-3.88000011e-001
,,,2.11040000e-008,-3.95312518e-001
,,,2.11080000e-008,-3.95999998e-001
,,,2.11120000e-008,-3.93937498e-001
,,,2.11160000e-008,-3.86187494e-001
,,,2.11200000e-008,-3.92374992e-001
,,,2.11240000e-008,-3.93124998e-001
,,,2.11280000e-008,-3.90218765e-001
,,,2.11320000e-008,-3.90000015e-001
,,,2.11360000e-008,-3.92343760e-001
,,,2.11400000e-008,-3.86031270e-001
,,,2.11440000e-008,-3.82968754e-001
,,,2.11480000e-008,-3.92625004e-001
,,,2.11520000e-008,-3.95999998e-001
,,,2.11560000e-008,-4.01687503e-001
,,,2.11600000e-008,-4.02406245e-001
,,,2.11640000e-008,-3.95000011e-001
,,,2.11680000e-008,-3.98218751e-001
,,,2.11720000e-008,-3.97500008e-001
,,,2.11760000e-008,-4.03468758e-001
,,,2.11800000e-008,-4.00187492e-001
,,,2.11840000e-008,-3.94968748e-001
,,,2.11880000e-008,-3.95999998e-001
,,,2.11920000e-008,-4.07625020e-001
,,,2.11960000e-008,-4.12000000e-001
,,,2.12000000e-008,-4.04000014e-001
,,,2.12040000e-008,-3.95999998e-001
,,,2.12080000e-008,-3.88000011e-001
,,,2.12120000e-008,-3.92156243e-001
,,,2.12160000e-008,-3.88406247e-001
,,,2.12200000e-008,-3.93062502e-001
,,,2.12240000e-008,-3.95999998e-001
,,,2.12280000e-008,-3.99562508e-001
,,,2.12320000e-008,-3.93437505e-001
,,,2.12360000e-008,-3.91499996e-001
,,,2.12400000e-008,-3.93000007e-001
,,,2.12440000e-008,-3.99906248e-001
,,,2.12480000e-008,-4.00750011e-001
,,,2.12520000e-008,-4.06875014e-001
,,,2.12560000e-008,-4.05312508e-001
,,,2.12600000e-008,-4.04000014e-001
,,,2.12640000e-008,-4.04156268e-001
,,,2.12680000e-008,-3.93781245e-001
,,,2.12720000e-008,-4.00906265e-001
,,,2.12760000e-008,-4.02906269e-001
,,,2.12800000e-008,-3.95999998e-001
,,,2.12840000e-008,-3.89093757e-001
,,,2.12880000e-008,-3.95999998e-001
,,,2.12920000e-008,-3.92843753e-001
,,,2.12960000e-008,-3.91906261e-001
,,,2.13000000e-008,-3.95999998e-001
,,,2.13040000e-008,-3.99281263e-001
,,,2.13080000e-008,-3.95999998e-001
,,,2.13120000e-008,-3.97343755e-001
,,,2.13160000e-008,-3.95187497e-001
,,,2.13200000e-008,-4.12000000e-001
,,,2.13240000e-008,-4.19250011e-001
,,,2.13280000e-008,-4.16624993e-001
,,,2.13320000e-008,-4.04875010e-001
,,,2.13360000e-008,-3.90562505e-001
,,,2.13400000e-008,-3.91906261e-001
,,,2.13440000e-008,-3.98499995e-001
,,,2.13480000e-008,-4.10906255e-001
,,,2.13520000e-008,-4.12000000e-001
,,,2.13560000e-008,-4.02249992e-001
,,,2.13600000e-008,-4.04000014e-001
,,,2.13640000e-008,-3.97031248e-001
,,,2.13680000e-008,-3.91218752e-001
,,,2.13720000e-008,-3.95999998e-001
,,,2.13760000e-008,-3.99625003e-001
,,,2.13800000e-008,-4.04000014e-001
,,,2.13840000e-008,-3.97624999e-001
,,,2.13880000e-008,-3.98062497e-001
,,,2.13920000e-008,-3.97531241e-001
,,,2.13960000e-008,-4.07593757e-001
,,,2.14000000e-008,-4.04000014e-001
,,,2.14040000e-008,-4.04843748e-001
,,,2.14080000e-008,-4.04000014e-001
,,,2.14120000e-008,-4.05156255e-001
,,,2.14160000e-008,-3.97031248e-001
,,,2.14200000e-008,-4.04000014e-001
,,,2.14240000e-008,-4.01781261e-001
,,,2.14280000e-008,-3.95999998e-001
,,,2.14320000e-008,-4.00406241e-001
,,,2.14360000e-008,-3.97750020e-001
,,,2.14400000e-008,-3.91718745e-001
,,,2.14440000e-008,-3.97843748e-001
,,,2.14480000e-008,-3.95999998e-001
,,,2.14520000e-008,-3.93718749e-001
,,,2.14560000e-008,-4.00437504e-001
,,,2.14600000e-008,-4.06687498e-001
,,,2.14640000e-008,-4.04000014e-001
,,,2.14680000e-008,-3.92437518e-001
,,,2.14720000e-008,-4.04000014e-001
,,,2.14760000e-008,-4.01531249e-001
,,,2.14800000e-008,-3.96750003e-001
,,,2.14840000e-008,-3.91531259e-001
,,,2.14880000e-008,-3.91375005e-001
,,,2.14920000e-008,-3.89437497e-001
,,,2.14960000e-008,-3.91031265e-001
,,,2.15000000e-008,-3.95656258e-001
,,,2.15040000e-008,-3.96062493e-001
,,,2.15080000e-008,-3.95999998e-001
,,,2.15120000e-008,-3.91656250e-001
,,,2.15160000e-008,-3.97000015e-001
,,,2.15200000e-008,-3.96093756e-001
,,,2.15240000e-008,-4.16375011e-001
,,,2.15280000e-008,-4.22218770e-001
,,,2.15320000e-008,-4.12000000e-001
,,,2.15360000e-008,-3.96093756e-001
,,,2.15400000e-008,-3.92500013e-001
,,,2.15440000e-008,-3.97187501e-001
,,,2.15480000e-008,-3.97249997e-001
,,,2.15520000e-008,-4.03125018e-001
,,,2.15560000e-008,-3.99875015e-001
,,,2.15600000e-008,-3.95999998e-001
,,,2.15640000e-008,-3.98499995e-001
,,,2.15680000e-008,-3.95531267e-001
,,,2.15720000e-008,-4.12000000e-001
,,,2.15760000e-008,-4.23312515e-001
,,,2.15800000e-008,-4.19906259e-001
,,,2.15840000e-008,-4.04187500e-001
,,,2.15880000e-008,-4.04500008e-001
,,,2.15920000e-008,-4.00343746e-001
,,,2.15960000e-008,-4.03343767e-001
,,,2.16000000e-008,-4.04000014e-001
,,,2.16040000e-008,-4.04000014e-001
,,,2.16080000e-008,-4.00625020e-001
,,,2.16120000e-008,-4.01187509e-001
,,,2.16160000e-008,-3.97781253e-001
,,,2.16200000e-008,-3.95999998e-001
,,,2.16240000e-008,-4.09624994e-001
,,,2.16280000e-008,-4.11687493e-001
,,,2.16320000e-008,-4.02718753e-001
,,,2.16360000e-008,-4.00531262e-001
,,,2.16400000e-008,-3.95999998e-001
,,,2.16440000e-008,-3.88999999e-001
,,,2.16480000e-008,-3.91906261e-001
,,,2.16520000e-008,-3.90531242e-001
,,,2.16560000e-008,-3.91437501e-001
,,,2.16600000e-008,-3.95999998e-001
,,,2.16640000e-008,-3.92250001e-001
,,,2.16680000e-008,-3.89187515e-001
,,,2.16720000e-008,-3.95999998e-001
,,,2.16760000e-008,-3.98312509e-001
,,,2.16800000e-008,-3.97125006e-001
,,,2.16840000e-008,-3.95999998e-001
,,,2.16880000e-008,-4.00531262e-001
,,,2.16920000e-008,-4.04000014e-001
,,,2.16960000e-008,-4.00437504e-001
,,,2.17000000e-008,-4.04000014e-001
,,,2.17040000e-008,-3.95999998e-001
,,,2.17080000e-008,-3.95999998e-001
,,,2.17120000e-008,-3.95999998e-001
,,,2.17160000e-008,-3.92156243e-001
,,,2.17200000e-008,-4.04593766e-001
,,,2.17240000e-008,-4.08812493e-001
,,,2.17280000e-008,-4.03031260e-001
,,,2.17320000e-008,-3.95624995e-001
,,,2.17360000e-008,-4.04593766e-001
,,,2.17400000e-008,-4.05031264e-001
,,,2.17440000e-008,-3.96437496e-001
,,,2.17480000e-008,-4.02000010e-001
,,,2.17520000e-008,-4.00031269e-001
,,,2.17560000e-008,-3.95999998e-001
,,,2.17600000e-008,-4.08843756e-001
,,,2.17640000e-008,-4.12000000e-001
,,,2.17680000e-008,-4.01437491e-001
,,,2.17720000e-008,-4.04000014e-001
,,,2.17760000e-008,-4.06875014e-001
,,,2.17800000e-008,-3.99437517e-001
,,,2.17840000e-008,-3.96656245e-001
,,,2.17880000e-008,-3.98218751e-001
,,,2.17920000e-008,-4.04000014e-001
,,,2.17960000e-008,-3.97937506e-001
,,,2.18000000e-008,-3.96937519e-001
,,,2.18040000e-008,-3.95999998e-001
,,,2.18080000e-008,-4.04000014e-001
,,,2.18120000e-008,-4.02843744e-001
,,,2.18160000e-008,-3.93406242e-001
,,,2.18200000e-008,-3.92500013e-001
,,,2.18240000e-008,-3.97531241e-001
,,,2.18280000e-008,-3.96406263e-001
,,,2.18320000e-008,-3.95999998e-001
,,,2.18360000e-008,-4.00687516e-001
,,,2.18400000e-008,-4.11875010e-001
,,,2.18440000e-008,-4.12000000e-001
,,,2.18480000e-008,-3.96593750e-001
,,,2.18520000e-008,-3.96843761e-001
,,,2.18560000e-008,-3.97906244e-001
,,,2.18600000e-008,-4.01687503e-001
,,,2.18640000e-008,-3.96062493e-001
,,,2.18680000e-008,-3.89312506e-001
,,,2.18720000e-008,-3.94250005e-001
,,,2.18760000e-008,-3.96281242e-001
,,,2.18800000e-008,-3.91281247e-001
,,,2.18840000e-008,-3.92625004e-001
,,,2.18880000e-008,-3.98968756e-001
,,,2.18920000e-008,-4.01937515e-001
,,,2.18960000e-008,-3.97187501e-001
,,,2.19000000e-008,-4.04000014e-001
,,,2.19040000e-008,-4.10156250e-001
,,,2.19080000e-008,-4.08343762e-001
,,,2.19120000e-008,-4.01374996e-001
,,,2.19160000e-008,-3.91062498e-001
,,,2.19200000e-008,-3.99250001e-001
,,,2.19240000e-008,-4.04000014e-001
,,,2.19280000e-008,-4.01437491e-001
,,,2.19320000e-008,-3.97125006e-001
,,,2.19360000e-008,-3.96718770e-001
,,,2.19400000e-008,-3.95999998e-001
,,,2.19440000e-008,-3.90093744e-001
,,,2.19480000e-008,-3.98093760e-001
,,,2.19520000e-008,-3.98187518e-001
,,,2.19560000e-008,-4.03312504e-001
,,,2.19600000e-008,-4.06968743e-001
,,,2.19640000e-008,-4.06781256e-001
,,,2.19680000e-008,-4.12000000e-001
,,,2.19720000e-008,-4.04687494e-001
,,,2.19760000e-008,-4.15906250e-001
,,,2.19800000e-008,-4.15500015e-001
,,,2.19840000e-008,-4.11187500e-001
,,,2.19880000e-008,-3.99781257e-001
,,,2.19920000e-008,-3.96812499e-001
,,,2.19960000e-008,-3.97843748e-001
,,,2.20000000e-008,-3.96375000e-001
,,,2.20040000e-008,-3.95999998e-001
,,,2.20080000e-008,-3.91187519e-001
,,,2.20120000e-008,-3.99875015e-001
,,,2.20160000e-008,-4.04000014e-001
,,,2.20200000e-008,-4.06937510e-001
,,,2.20240000e-008,-4.08437520e-001
,,,2.20280000e-008,-4.10250008e-001
,,,2.20320000e-008,-4.20000017e-001
,,,2.20360000e-008,-4.12718743e-001
,,,2.20400000e-008,-3.96250010e-001
,,,2.20440000e-008,-3.88000011e-001
,,,2.20480000e-008,-3.93312514e-001
,,,2.20520000e-008,-3.96375000e-001
,,,2.20560000e-008,-3.95999998e-001
,,,2.20600000e-008,-3.95999998e-001
,,,2.20640000e-008,-4.03125018e-001
,,,2.20680000e-008,-4.04000014e-001
,,,2.20720000e-008,-4.09687519e-001
,,,2.20760000e-008,-4.01218742e-001
,,,2.20800000e-008,-4.02624995e-001
,,,2.20840000e-008,-3.95999998e-001
,,,2.20880000e-008,-3.99125010e-001
,,,2.20920000e-008,-4.07312512e-001
,,,2.20960000e-008,-4.07968760e-001
,,,2.21000000e-008,-3.95999998e-001
,,,2.21040000e-008,-3.90187502e-001
,,,2.21080000e-008,-3.88000011e-001
,,,2.21120000e-008,-3.93968761e-001
,,,2.21160000e-008,-3.94312501e-001
,,,2.21200000e-008,-3.90343755e-001
,,,2.21240000e-008,-3.89250010e-001
,,,2.21280000e-008,-3.95999998e-001
,,,2.21320000e-008,-4.07343745e-001
,,,2.21360000e-008,-4.17187512e-001
,,,2.21400000e-008,-4.16062504e-001
,,,2.21440000e-008,-4.04000014e-001
,,,2.21480000e-008,-4.01125014e-001
,,,2.21520000e-008,-3.96750003e-001
,,,2.21560000e-008,-3.85656267e-001
,,,2.21600000e-008,-3.85406256e-001
,,,2.21640000e-008,-3.94374996e-001
,,,2.21680000e-008,-4.04000014e-001
,,,2.21720000e-008,-4.02562499e-001
,,,2.21760000e-008,-3.96406263e-001
,,,2.21800000e-008,-4.01593745e-001
,,,2.21840000e-008,-3.95999998e-001
,,,2.21880000e-008,-4.00937498e-001
,,,2.21920000e-008,-3.95312518e-001
,,,2.21960000e-008,-3.98281246e-001
,,,2.22000000e-008,-3.97249997e-001
,,,2.22040000e-008,-4.04000014e-001
,,,2.22080000e-008,-3.99531245e-001
,,,2.22120000e-008,-3.97156268e-001
,,,2.22160000e-008,-3.98156255e-001
,,,2.22200000e-008,-4.01687503e-001
,,,2.22240000e-008,-4.04000014e-001
,,,2.22280000e-008,-3.93468767e-001
,,,2.22320000e-008,-3.95468742e-001
,,,2.22360000e-008,-3.95999998e-001
,,,2.22400000e-008,-4.02125001e-001
,,,2.22440000e-008,-3.98156255e-001
,,,2.22480000e-008,-3.85625005e-001
,,,2.22520000e-008,-3.91499996e-001
,,,2.22560000e-008,-4.08749998e-001
,,,2.22600000e-008,-4.17281270e-001
,,,2.22640000e-008,-4.12000000e-001
,,,2.22680000e-008,-4.11062509e-001
,,,2.22720000e-008,-4.15718764e-001
,,,2.22760000e-008,-4.09406245e-001
,,,2.22800000e-008,-3.95999998e-001
,,,2.22840000e-008,-3.97656262e-001
,,,2.22880000e-008,-3.94562513e-001
,,,2.22920000e-008,-3.95999998e-001
,,,2.22960000e-008,-4.00999993e-001
,,,2.23000000e-008,-3.95999998e-001
,,,2.23040000e-008,-3.92250001e-001
,,,2.23080000e-008,-3.88000011e-001
,,,2.23120000e-008,-3.89125019e-001
,,,2.23160000e-008,-3.89625013e-001
,,,2.23200000e-008,-3.89406264e-001
,,,2.23240000e-008,-3.88000011e-001
,,,2.23280000e-008,-3.88000011e-001
,,,2.23320000e-008,-3.88593763e-001
,,,2.23360000e-008,-3.89281243e-001
,,,2.23400000e-008,-3.90343755e-001
,,,2.23440000e-008,-3.95999998e-001
,,,2.23480000e-008,-4.05812502e-001
,,,2.23520000e-008,-4.03437495e-001
,,,2.23560000e-008,-3.89593750e-001
,,,2.23600000e-008,-3.90781254e-001
,,,2.23640000e-008,-3.92500013e-001
,,,2.23680000e-008,-3.95999998e-001
,,,2.23720000e-008,-3.88000011e-001
,,,2.23760000e-008,-3.88781250e-001
,,,2.23800000e-008,-3.94593745e-001
,,,2.23840000e-008,-3.94781262e-001
,,,2.23880000e-008,-3.88000011e-001
,,,2.23920000e-008,-3.95999998e-001
,,,2.23960000e-008,-4.01593745e-001
,,,2.24000000e-008,-3.98281246e-001
,,,2.24040000e-008,-3.97875011e-001
,,,2.24080000e-008,-3.98250014e-001
,,,2.24120000e-008,-3.89687508e-001
,,,2.24160000e-008,-3.95156264e-001
,,,2.24200000e-008,-3.96125019e-001
,,,2.24240000e-008,-3.99749994e-001
,,,2.24280000e-008,-3.95999998e-001
,,,2.24320000e-008,-3.93500000e-001
,,,2.24360000e-008,-4.02562499e-001
,,,2.24400000e-008,-4.02375013e-001
,,,2.24440000e-008,-3.91437501e-001
,,,2.24480000e-008,-3.93812507e-001
,,,2.24520000e-008,-3.88750017e-001
,,,2.24560000e-008,-3.96031260e-001
,,,2.24600000e-008,-3.95624995e-001
,,,2.24640000e-008,-3.88000011e-001
,,,2.24680000e-008,-3.94187510e-001
,,,2.24720000e-008,-3.95999998e-001
,,,2.24760000e-008,-3.89656246e-001
,,,2.24800000e-008,-3.88593763e-001
,,,2.24840000e-008,-3.95812511e-001
,,,2.24880000e-008,-3.95999998e-001
,,,2.24920000e-008,-3.81843746e-001
,,,2.24960000e-008,-3.96375000e-001
,,,2.25000000e-008,-4.01656270e-001
,,,2.25040000e-008,-3.95999998e-001
,,,2.25080000e-008,-3.96468759e-001
,,,2.25120000e-008,-3.94281268e-001
,,,2.25160000e-008,-3.93687516e-001
,,,2.25200000e-008,-3.97812515e-001
,,,2.25240000e-008,-3.99968743e-001
,,,2.25280000e-008,-3.91499996e-001
,,,2.25320000e-008,-3.97343755e-001
,,,2.25360000e-008,-4.01812494e-001
,,,2.25400000e-008,-3.95999998e-001
,,,2.25440000e-008,-3.99968743e-001
,,,2.25480000e-008,-3.94437492e-001
,,,2.25520000e-008,-3.88468742e-001
,,,2.25560000e-008,-4.04000014e-001
,,,2.25600000e-008,-4.12781268e-001
,,,2.25640000e-008,-4.10500020e-001
,,,2.25680000e-008,-3.98187518e-001
,,,2.25720000e-008,-3.86343747e-001
,,,2.25760000e-008,-3.87374997e-001
,,,2.25800000e-008,-3.91874999e-001
,,,2.25840000e-008,-4.07031268e-001
,,,2.25880000e-008,-4.12000000e-001
,,,2.25920000e-008,-4.01906252e-001
,,,2.25960000e-008,-3.90875012e-001
,,,2.26000000e-008,-3.88531268e-001
,,,2.26040000e-008,-3.90531242e-001
,,,2.26080000e-008,-3.93999994e-001
,,,2.26120000e-008,-3.91156256e-001
,,,2.26160000e-008,-3.99250001e-001
,,,2.26200000e-008,-4.01406258e-001
,,,2.26240000e-008,-3.99781257e-001
,,,2.26280000e-008,-4.01281267e-001
,,,2.26320000e-008,-4.04281259e-001
,,,2.26360000e-008,-4.09750015e-001
,,,2.26400000e-008,-4.04000014e-001
,,,2.26440000e-008,-3.95999998e-001
,,,2.26480000e-008,-3.95718753e-001
,,,2.26520000e-008,-3.87500018e-001
,,,2.26560000e-008,-3.91843766e-001
,,,2.26600000e-008,-3.88000011e-001
,,,2.26640000e-008,-3.80937517e-001
,,,2.26680000e-008,-3.83875012e-001
,,,2.26720000e-008,-3.81937504e-001
,,,2.26760000e-008,-3.88000011e-001
,,,2.26800000e-008,-3.86562496e-001
,,,2.26840000e-008,-3.86593759e-001
,,,2.26880000e-008,-3.88000011e-001
,,,2.26920000e-008,-3.90781254e-001
,,,2.26960000e-008,-3.93218756e-001
,,,2.27000000e-008,-3.88000011e-001
,,,2.27040000e-008,-3.81062508e-001
,,,2.27080000e-008,-3.85312498e-001
,,,2.27120000e-008,-3.88000011e-001
,,,2.27160000e-008,-3.82218748e-001
,,,2.27200000e-008,-3.91437501e-001
,,,2.27240000e-008,-3.91250014e-001
,,,2.27280000e-008,-3.79999995e-001
,,,2.27320000e-008,-3.83125007e-001
,,,2.27360000e-008,-3.87875021e-001
,,,2.27400000e-008,-3.93781245e-001
,,,2.27440000e-008,-3.98593754e-001
,,,2.27480000e-008,-3.96593750e-001
,,,2.27520000e-008,-4.04468745e-001
,,,2.27560000e-008,-4.01468754e-001
,,,2.27600000e-008,-3.88000011e-001
,,,2.27640000e-008,-3.86218756e-001
,,,2.27680000e-008,-3.88000011e-001
,,,2.27720000e-008,-3.99062514e-001
,,,2.27760000e-008,-4.03062493e-001
,,,2.27800000e-008,-3.95999998e-001
,,,2.27840000e-008,-3.93312514e-001
,,,2.27880000e-008,-3.95656258e-001
,,,2.27920000e-008,-3.88218760e-001
,,,2.27960000e-008,-3.83218765e-001
,,,2.28000000e-008,-3.79999995e-001
,,,2.28040000e-008,-3.80312502e-001
,,,2.28080000e-008,-3.84531260e-001
,,,2.28120000e-008,-3.79999995e-001
,,,2.28160000e-008,-3.81812513e-001
,,,2.28200000e-008,-3.83968771e-001
,,,2.28240000e-008,-3.83531243e-001
,,,2.28280000e-008,-3.84124994e-001
,,,2.28320000e-008,-3.90187502e-001
,,,2.28360000e-008,-3.92281264e-001
,,,2.28400000e-008,-3.92875016e-001
,,,2.28440000e-008,-3.95999998e-001
,,,2.28480000e-008,-3.92312497e-001
,,,2.28520000e-008,-3.88000011e-001
,,,2.28560000e-008,-3.81187499e-001
,,,2.28600000e-008,-3.89343768e-001
,,,2.28640000e-008,-3.88000011e-001
,,,2.28680000e-008,-3.81875008e-001
,,,2.28720000e-008,-3.86718750e-001
,,,2.28760000e-008,-3.85187507e-001
,,,2.28800000e-008,-3.79781246e-001
,,,2.28840000e-008,-3.85406256e-001
,,,2.28880000e-008,-3.85468751e-001
,,,2.28920000e-008,-3.89281243e-001
,,,2.28960000e-008,-3.90062511e-001
,,,2.29000000e-008,-3.82281244e-001
,,,2.29040000e-008,-3.79000008e-001
,,,2.29080000e-008,-3.80437493e-001
,,,2.29120000e-008,-3.88000011e-001
,,,2.29160000e-008,-3.88000011e-001
,,,2.29200000e-008,-3.80468756e-001
,,,2.29240000e-008,-3.76156241e-001
,,,2.29280000e-008,-3.77999991e-001
,,,2.29320000e-008,-3.79750013e-001
,,,2.29360000e-008,-3.79999995e-001
,,,2.29400000e-008,-3.88000011e-001
,,,2.29440000e-008,-3.88781250e-001
,,,2.29480000e-008,-3.83656263e-001
,,,2.29520000e-008,-3.83749992e-001
,,,2.29560000e-008,-3.88000011e-001
,,,2.29600000e-008,-3.85218769e-001
,,,2.29640000e-008,-3.79999995e-001
,,,2.29680000e-008,-3.79999995e-001
,,,2.29720000e-008,-3.89593750e-001
,,,2.29760000e-008,-3.90906245e-001
,,,2.29800000e-008,-3.90812516e-001
,,,2.29840000e-008,-3.86687517e-001
,,,2.29880000e-008,-3.82593751e-001
,,,2.29920000e-008,-3.81656259e-001
,,,2.29960000e-008,-3.84906262e-001
,,,2.30000000e-008,-3.82906258e-001
,,,2.30040000e-008,-3.88000011e-001
,,,2.30080000e-008,-3.81000012e-001
,,,2.30120000e-008,-3.79999995e-001
,,,2.30160000e-008,-3.76781255e-001
,,,2.30200000e-008,-3.81687492e-001
,,,2.30240000e-008,-3.82406265e-001
,,,2.30280000e-008,-3.90812516e-001
,,,2.30320000e-008,-3.95999998e-001
,,,2.30360000e-008,-3.85593742e-001
,,,2.30400000e-008,-3.77062500e-001
,,,2.30440000e-008,-3.79156262e-001
,,,2.30480000e-008,-3.76906246e-001
,,,2.30520000e-008,-3.85718763e-001
,,,2.30560000e-008,-3.90781254e-001
,,,2.30600000e-008,-3.88000011e-001
,,,2.30640000e-008,-3.83718759e-001
,,,2.30680000e-008,-3.76687497e-001
,,,2.30720000e-008,-3.76906246e-001
,,,2.30760000e-008,-3.79500002e-001
,,,2.30800000e-008,-3.92062515e-001
,,,2.30840000e-008,-3.95999998e-001
,,,2.30880000e-008,-3.89593750e-001
,,,2.30920000e-008,-3.82250011e-001
,,,2.30960000e-008,-3.76656264e-001
,,,2.31000000e-008,-3.76375020e-001
,,,2.31040000e-008,-3.79999995e-001
,,,2.31080000e-008,-3.79781246e-001
,,,2.31120000e-008,-3.88125002e-001
,,,2.31160000e-008,-3.95999998e-001
,,,2.31200000e-008,-3.91625017e-001
,,,2.31240000e-008,-3.82093757e-001
,,,2.31280000e-008,-3.87218744e-001
,,,2.31320000e-008,-3.79999995e-001
,,,2.31360000e-008,-3.75687510e-001
,,,2.31400000e-008,-3.85687500e-001
,,,2.31440000e-008,-3.81968766e-001
,,,2.31480000e-008,-3.72656256e-001
,,,2.31520000e-008,-3.75718743e-001
,,,2.31560000e-008,-3.77093762e-001
,,,2.31600000e-008,-3.76031250e-001
,,,2.31640000e-008,-3.74000013e-001
,,,2.31680000e-008,-3.78468752e-001
,,,2.31720000e-008,-3.79999995e-001
,,,2.31760000e-008,-3.77437502e-001
,,,2.31800000e-008,-3.80125016e-001
,,,2.31840000e-008,-3.79999995e-001
,,,2.31880000e-008,-3.72000009e-001
,,,2.31920000e-008,-3.76281261e-001
,,,2.31960000e-008,-3.79593760e-001
,,,2.32000000e-008,-3.86468768e-001
,,,2.32040000e-008,-3.84406269e-001
,,,2.32080000e-008,-3.76437515e-001
,,,2.32120000e-008,-3.75687510e-001
,,,2.32160000e-008,-3.74312520e-001
,,,2.32200000e-008,-3.76187503e-001
,,,2.32240000e-008,-3.79875004e-001
,,,2.32280000e-008,-3.77156258e-001
,,,2.32320000e-008,-3.66937518e-001
,,,2.32360000e-008,-3.73125017e-001
,,,2.32400000e-008,-3.79999995e-001
,,,2.32440000e-008,-3.82250011e-001
,,,2.32480000e-008,-3.86031270e-001
,,,2.32520000e-008,-3.78437519e-001
,,,2.32560000e-008,-3.79031241e-001
,,,2.32600000e-008,-3.72000009e-001
,,,2.32640000e-008,-3.72000009e-001
,,,2.32680000e-008,-3.78593743e-001
,,,2.32720000e-008,-3.88000011e-001
,,,2.32760000e-008,-3.82187515e-001
,,,2.32800000e-008,-3.72000009e-001
,,,2.32840000e-008,-3.72000009e-001
,,,2.32880000e-008,-3.79999995e-001
,,,2.32920000e-008,-3.83468747e-001
,,,2.32960000e-008,-3.79687518e-001
,,,2.33000000e-008,-3.79999995e-001
,,,2.33040000e-008,-3.72000009e-001
,,,2.33080000e-008,-3.71781260e-001
,,,2.33120000e-008,-3.72000009e-001
,,,2.33160000e-008,-3.72000009e-001
,,,2.33200000e-008,-3.72000009e-001
,,,2.33240000e-008,-3.68718743e-001
,,,2.33280000e-008,-3.72000009e-001
,,,2.33320000e-008,-3.75625014e-001
,,,2.33360000e-008,-3.73312503e-001
,,,2.33400000e-008,-3.72000009e-001
,,,2.33440000e-008,-3.77093762e-001
,,,2.33480000e-008,-3.74937505e-001
,,,2.33520000e-008,-3.80968750e-001
,,,2.33560000e-008,-3.80500019e-001
,,,2.33600000e-008,-3.73750001e-001
,,,2.33640000e-008,-3.76625001e-001
,,,2.33680000e-008,-3.72843742e-001
,,,2.33720000e-008,-3.72875005e-001
,,,2.33760000e-008,-3.73093754e-001
,,,2.33800000e-008,-3.68718743e-001
,,,2.33840000e-008,-3.68812501e-001
,,,2.33880000e-008,-3.73625010e-001
,,,2.33920000e-008,-3.72000009e-001
,,,2.33960000e-008,-3.76906246e-001
,,,2.34000000e-008,-3.77750009e-001
,,,2.34040000e-008,-3.88062507e-001
,,,2.34080000e-008,-3.88000011e-001
,,,2.34120000e-008,-3.76156241e-001
,,,2.34160000e-008,-3.77437502e-001
,,,2.34200000e-008,-3.79999995e-001
,,,2.34240000e-008,-3.72593760e-001
,,,2.34280000e-008,-3.72000009e-001
,,,2.34320000e-008,-3.80125016e-001
,,,2.34360000e-008,-3.76468748e-001
,,,2.34400000e-008,-3.78312498e-001
,,,2.34440000e-008,-3.91218752e-001
,,,2.34480000e-008,-3.92218769e-001
,,,2.34520000e-008,-3.79999995e-001
,,,2.34560000e-008,-3.82906258e-001
,,,2.34600000e-008,-3.83375019e-001
,,,2.34640000e-008,-3.74000013e-001
,,,2.34680000e-008,-3.75156254e-001
,,,2.34720000e-008,-3.76500010e-001
,,,2.34760000e-008,-3.71312499e-001
,,,2.34800000e-008,-3.67156267e-001
,,,2.34840000e-008,-3.67750019e-001
,,,2.34880000e-008,-3.63999993e-001
,,,2.34920000e-008,-3.72000009e-001
,,,2.34960000e-008,-3.80812496e-001
,,,2.35000000e-008,-3.85187507e-001
,,,2.35040000e-008,-3.78156245e-001
,,,2.35080000e-008,-3.70062500e-001
,,,2.35120000e-008,-3.70812505e-001
,,,2.35160000e-008,-3.67906243e-001
,,,2.35200000e-008,-3.64562511e-001
,,,2.35240000e-008,-3.67968768e-001
,,,2.35280000e-008,-3.70562494e-001
,,,2.35320000e-008,-3.66968751e-001
,,,2.35360000e-008,-3.74593765e-001
,,,2.35400000e-008,-3.81031245e-001
,,,2.35440000e-008,-3.79999995e-001
,,,2.35480000e-008,-3.79000008e-001
,,,2.35520000e-008,-3.79999995e-001
,,,2.35560000e-008,-3.76781255e-001
,,,2.35600000e-008,-3.68843764e-001
,,,2.35640000e-008,-3.67312491e-001
,,,2.35680000e-008,-3.69062513e-001
,,,2.35720000e-008,-3.69687498e-001
,,,2.35760000e-008,-3.77156258e-001
,,,2.35800000e-008,-3.74624997e-001
,,,2.35840000e-008,-3.72000009e-001
,,,2.35880000e-008,-3.79999995e-001
,,,2.35920000e-008,-3.83749992e-001
,,,2.35960000e-008,-3.74937505e-001
,,,2.36000000e-008,-3.68031263e-001
,,,2.36040000e-008,-3.77156258e-001
,,,2.36080000e-008,-3.79999995e-001
,,,2.36120000e-008,-3.66687506e-001
,,,2.36160000e-008,-3.67812514e-001
,,,2.36200000e-008,-3.65000010e-001
,,,2.36240000e-008,-3.69250000e-001
,,,2.36280000e-008,-3.71281266e-001
,,,2.36320000e-008,-3.65624994e-001
,,,2.36360000e-008,-3.74843746e-001
,,,2.36400000e-008,-3.77031267e-001
,,,2.36440000e-008,-3.81468743e-001
,,,2.36480000e-008,-3.79999995e-001
,,,2.36520000e-008,-3.70250016e-001
,,,2.36560000e-008,-3.80874991e-001
,,,2.36600000e-008,-3.78312498e-001
,,,2.36640000e-008,-3.63625020e-001
,,,2.36680000e-008,-3.64468753e-001
,,,2.36720000e-008,-3.72937500e-001
,,,2.36760000e-008,-3.72500002e-001
,,,2.36800000e-008,-3.72000009e-001
,,,2.36840000e-008,-3.63999993e-001
,,,2.36880000e-008,-3.63999993e-001
,,,2.36920000e-008,-3.61968756e-001
,,,2.36960000e-008,-3.62843752e-001
,,,2.37000000e-008,-3.63999993e-001
,,,2.37040000e-008,-3.64781260e-001
,,,2.37080000e-008,-3.72000009e-001
,,,2.37120000e-008,-3.72968763e-001
,,,2.37160000e-008,-3.63999993e-001
,,,2.37200000e-008,-3.69343758e-001
,,,2.37240000e-008,-3.63843769e-001
,,,2.37280000e-008,-3.59156251e-001
,,,2.37320000e-008,-3.56000006e-001
,,,2.37360000e-008,-3.64406258e-001
,,,2.37400000e-008,-3.62812519e-001
,,,2.37440000e-008,-3.60437512e-001
,,,2.37480000e-008,-3.58687520e-001
,,,2.37520000e-008,-3.67531270e-001
,,,2.37560000e-008,-3.72000009e-001
,,,2.37600000e-008,-3.65187496e-001
,,,2.37640000e-008,-3.64218742e-001
,,,2.37680000e-008,-3.73062491e-001
,,,2.37720000e-008,-3.72999996e-001
,,,2.37760000e-008,-3.64374995e-001
,,,2.37800000e-008,-3.62749994e-001
,,,2.37840000e-008,-3.63999993e-001
,,,2.37880000e-008,-3.57625008e-001
,,,2.37920000e-008,-3.65531266e-001
,,,2.37960000e-008,-3.81843746e-001
,,,2.38000000e-008,-3.88000011e-001
,,,2.38040000e-008,-3.81968766e-001
,,,2.38080000e-008,-3.72000009e-001
,,,2.38120000e-008,-3.81781250e-001
,,,2.38160000e-008,-3.81062508e-001
,,,2.38200000e-008,-3.74375015e-001
,,,2.38240000e-008,-3.73625010e-001
,,,2.38280000e-008,-3.79999995e-001
,,,2.38320000e-008,-3.74843746e-001
,,,2.38360000e-008,-3.63687515e-001
,,,2.38400000e-008,-3.56000006e-001
,,,2.38440000e-008,-3.56000006e-001
,,,2.38480000e-008,-3.54000002e-001
,,,2.38520000e-008,-3.56000006e-001
,,,2.38560000e-008,-3.63031268e-001
,,,2.38600000e-008,-3.72000009e-001
,,,2.38640000e-008,-3.70718747e-001
,,,2.38680000e-008,-3.79531264e-001
,,,2.38720000e-008,-3.87750000e-001
,,,2.38760000e-008,-3.85218769e-001
,,,2.38800000e-008,-3.72000009e-001
,,,2.38840000e-008,-3.53281260e-001
,,,2.38880000e-008,-3.56000006e-001
,,,2.38920000e-008,-3.58062506e-001
,,,2.38960000e-008,-3.57437491e-001
,,,2.39000000e-008,-3.56968760e-001
,,,2.39040000e-008,-3.50656241e-001
,,,2.39080000e-008,-3.56000006e-001
,,,2.39120000e-008,-3.57781261e-001
,,,2.39160000e-008,-3.64781260e-001
,,,2.39200000e-008,-3.63999993e-001
,,,2.39240000e-008,-3.64749998e-001
,,,2.39280000e-008,-3.64374995e-001
,,,2.39320000e-008,-3.65937501e-001
,,,2.39360000e-008,-3.60656261e-001
,,,2.39400000e-008,-3.63999993e-001
,,,2.39440000e-008,-3.60000014e-001
,,,2.39480000e-008,-3.56968760e-001
,,,2.39520000e-008,-3.63999993e-001
,,,2.39560000e-008,-3.63343745e-001
,,,2.39600000e-008,-3.65531266e-001
,,,2.39640000e-008,-3.58468741e-001
,,,2.39680000e-008,-3.66406262e-001
,,,2.39720000e-008,-3.67375016e-001
,,,2.39760000e-008,-3.60562503e-001
,,,2.39800000e-008,-3.56000006e-001
,,,2.39840000e-008,-3.63406241e-001
,,,2.39880000e-008,-3.63312513e-001
,,,2.39920000e-008,-3.55656266e-001
,,,2.39960000e-008,-3.53812516e-001
,,,2.40000000e-008,-3.56000006e-001
,,,2.40040000e-008,-3.62125009e-001
,,,2.40080000e-008,-3.62749994e-001
,,,2.40120000e-008,-3.63999993e-001
,,,2.40160000e-008,-3.61499995e-001
,,,2.40200000e-008,-3.60906243e-001
,,,2.40240000e-008,-3.59562516e-001
,,,2.40280000e-008,-3.56000006e-001
,,,2.40320000e-008,-3.58750015e-001
,,,2.40360000e-008,-3.60062510e-001
,,,2.40400000e-008,-3.63999993e-001
,,,2.40440000e-008,-3.68687510e-001
,,,2.40480000e-008,-3.61437500e-001
,,,2.40520000e-008,-3.53500009e-001
,,,2.40560000e-008,-3.59250009e-001
,,,2.40600000e-008,-3.63999993e-001
,,,2.40640000e-008,-3.63999993e-001
,,,2.40680000e-008,-3.60281259e-001
,,,2.40720000e-008,-3.60593766e-001
,,,2.40760000e-008,-3.58062506e-001
,,,2.40800000e-008,-3.51624995e-001
,,,2.40840000e-008,-3.53718758e-001
,,,2.40880000e-008,-3.57937515e-001
,,,2.40920000e-008,-3.53937507e-001
,,,2.40960000e-008,-3.57281268e-001
,,,2.41000000e-008,-3.55531245e-001
,,,2.41040000e-008,-3.56000006e-001
,,,2.41080000e-008,-3.54281247e-001
,,,2.41120000e-008,-3.65843743e-001
,,,2.41160000e-008,-3.65062505e-001
,,,2.41200000e-008,-3.66562515e-001
,,,2.41240000e-008,-3.71656269e-001
,,,2.41280000e-008,-3.63999993e-001
,,,2.41320000e-008,-3.58875006e-001
,,,2.41360000e-008,-3.67000014e-001
,,,2.41400000e-008,-3.70812505e-001
,,,2.41440000e-008,-3.66874993e-001
,,,2.41480000e-008,-3.56000006e-001
,,,2.41520000e-008,-3.59906256e-001
,,,2.41560000e-008,-3.58249992e-001
,,,2.41600000e-008,-3.48000020e-001
,,,2.41640000e-008,-3.55250001e-001
,,,2.41680000e-008,-3.62218767e-001
,,,2.41720000e-008,-3.60500008e-001
,,,2.41760000e-008,-3.59437495e-001
,,,2.41800000e-008,-3.56250018e-001
,,,2.41840000e-008,-3.52312505e-001
,,,2.41880000e-008,-3.56000006e-001
,,,2.41920000e-008,-3.52437496e-001
,,,2.41960000e-008,-3.56000006e-001
,,,2.42000000e-008,-3.48062515e-001
,,,2.42040000e-008,-3.52468759e-001
,,,2.42080000e-008,-3.56750011e-001
,,,2.42120000e-008,-3.52468759e-001
,,,2.42160000e-008,-3.52125019e-001
,,,2.42200000e-008,-3.56000006e-001
,,,2.42240000e-008,-3.54281247e-001
,,,2.42280000e-008,-3.48281264e-001
,,,2.42320000e-008,-3.59156251e-001
,,,2.42360000e-008,-3.63999993e-001
,,,2.42400000e-008,-3.57875019e-001
,,,2.42440000e-008,-3.56000006e-001
,,,2.42480000e-008,-3.49562496e-001
,,,2.42520000e-008,-3.48031253e-001
,,,2.42560000e-008,-3.51406246e-001
,,,2.42600000e-008,-3.56000006e-001
,,,2.42640000e-008,-3.55531245e-001
,,,2.42680000e-008,-3.56000006e-001
,,,2.42720000e-008,-3.56000006e-001
,,,2.42760000e-008,-3.71937513e-001
,,,2.42800000e-008,-3.74031246e-001
,,,2.42840000e-008,-3.63000005e-001
,,,2.42880000e-008,-3.63999993e-001
,,,2.42920000e-008,-3.60750020e-001
,,,2.42960000e-008,-3.48812491e-001
,,,2.43000000e-008,-3.45781267e-001
,,,2.43040000e-008,-3.53437513e-001
,,,2.43080000e-008,-3.57531250e-001
,,,2.43120000e-008,-3.52468759e-001
,,,2.43160000e-008,-3.41906250e-001
,,,2.43200000e-008,-3.48468751e-001
,,,2.43240000e-008,-3.51562500e-001
,,,2.43280000e-008,-3.64562511e-001
,,,2.43320000e-008,-3.69500011e-001
,,,2.43360000e-008,-3.66281241e-001
,,,2.43400000e-008,-3.56000006e-001
,,,2.43440000e-008,-3.48437518e-001
,,,2.43480000e-008,-3.50812495e-001
,,,2.43520000e-008,-3.53875011e-001
,,,2.43560000e-008,-3.53093743e-001
,,,2.43600000e-008,-3.63999993e-001
,,,2.43640000e-008,-3.64500016e-001
,,,2.43680000e-008,-3.53187501e-001
,,,2.43720000e-008,-3.52750003e-001
,,,2.43760000e-008,-3.52281243e-001
,,,2.43800000e-008,-3.48000020e-001
,,,2.43840000e-008,-3.43281269e-001
,,,2.43880000e-008,-3.40625018e-001
,,,2.43920000e-008,-3.50031257e-001
,,,2.43960000e-008,-3.57875019e-001
,,,2.44000000e-008,-3.56000006e-001
,,,2.44040000e-008,-3.50218743e-001
,,,2.44080000e-008,-3.48000020e-001
,,,2.44120000e-008,-3.53031248e-001
,,,2.44160000e-008,-3.60062510e-001
,,,2.44200000e-008,-3.62531245e-001
,,,2.44240000e-008,-3.56000006e-001
,,,2.44280000e-008,-3.58593762e-001
,,,2.44320000e-008,-3.48000020e-001
,,,2.44360000e-008,-3.39093745e-001
,,,2.44400000e-008,-3.40968758e-001
,,,2.44440000e-008,-3.41656268e-001
,,,2.44480000e-008,-3.41468751e-001
,,,2.44520000e-008,-3.47750008e-001
,,,2.44560000e-008,-3.49624991e-001
,,,2.44600000e-008,-3.56000006e-001
,,,2.44640000e-008,-3.58812511e-001
,,,2.44680000e-008,-3.51718754e-001
,,,2.44720000e-008,-3.43812495e-001
,,,2.44760000e-008,-3.56218755e-001
,,,2.44800000e-008,-3.65906268e-001
,,,2.44840000e-008,-3.63999993e-001
,,,2.44880000e-008,-3.49718750e-001
,,,2.44920000e-008,-3.44156265e-001
,,,2.44960000e-008,-3.50406259e-001
,,,2.45000000e-008,-3.56000006e-001
,,,2.45040000e-008,-3.50250006e-001
,,,2.45080000e-008,-3.48000020e-001
,,,2.45120000e-008,-3.43093753e-001
,,,2.45160000e-008,-3.45781267e-001
,,,2.45200000e-008,-3.48000020e-001
,,,2.45240000e-008,-3.56593758e-001
,,,2.45280000e-008,-3.56000006e-001
,,,2.45320000e-008,-3.55000019e-001
,,,2.45360000e-008,-3.56718749e-001
,,,2.45400000e-008,-3.48500013e-001
,,,2.45440000e-008,-3.43937516e-001
,,,2.45480000e-008,-3.40000004e-001
,,,2.45520000e-008,-3.48374993e-001
,,,2.45560000e-008,-3.48000020e-001
,,,2.45600000e-008,-3.47375005e-001
,,,2.45640000e-008,-3.48000020e-001
,,,2.45680000e-008,-3.56000006e-001
,,,2.45720000e-008,-3.62093747e-001
,,,2.45760000e-008,-3.58624995e-001
,,,2.45800000e-008,-3.54843765e-001
,,,2.45840000e-008,-3.55656266e-001
,,,2.45880000e-008,-3.48000020e-001
,,,2.45920000e-008,-3.42562497e-001
,,,2.45960000e-008,-3.46125007e-001
,,,2.46000000e-008,-3.48000020e-001
,,,2.46040000e-008,-3.48000020e-001
,,,2.46080000e-008,-3.53406250e-001
,,,2.46120000e-008,-3.51562500e-001
,,,2.46160000e-008,-3.40000004e-001
,,,2.46200000e-008,-3.40000004e-001
,,,2.46240000e-008,-3.44531268e-001
,,,2.46280000e-008,-3.46249998e-001
,,,2.46320000e-008,-3.40000004e-001
,,,2.46360000e-008,-3.41187507e-001
,,,2.46400000e-008,-3.40000004e-001
,,,2.46440000e-008,-3.46468747e-001
,,,2.46480000e-008,-3.48968744e-001
,,,2.46520000e-008,-3.48000020e-001
,,,2.46560000e-008,-3.46625000e-001
,,,2.46600000e-008,-3.44500005e-001
,,,2.46640000e-008,-3.51875007e-001
,,,2.46680000e-008,-3.54375005e-001
,,,2.46720000e-008,-3.48000020e-001
,,,2.46760000e-008,-3.47375005e-001
,,,2.46800000e-008,-3.39343756e-001
,,,2.46840000e-008,-3.40000004e-001
,,,2.46880000e-008,-3.40812504e-001
,,,2.46920000e-008,-3.42562497e-001
,,,2.46960000e-008,-3.61718744e-001
,,,2.47000000e-008,-3.72000009e-001
,,,2.47040000e-008,-3.70375007e-001
,,,2.47080000e-008,-3.58718753e-001
,,,2.47120000e-008,-3.56000006e-001
,,,2.47160000e-008,-3.54812503e-001
,,,2.47200000e-008,-3.44249994e-001
,,,2.47240000e-008,-3.37781250e-001
,,,2.47280000e-008,-3.33999991e-001
,,,2.47320000e-008,-3.36968750e-001
,,,2.47360000e-008,-3.33999991e-001
,,,2.47400000e-008,-3.40000004e-001
,,,2.47440000e-008,-3.42187494e-001
,,,2.47480000e-008,-3.48000020e-001
,,,2.47520000e-008,-3.48000020e-001
,,,2.47560000e-008,-3.48000020e-001
,,,2.47600000e-008,-3.53156269e-001
,,,2.47640000e-008,-3.48000020e-001
,,,2.47680000e-008,-3.32843751e-001
,,,2.47720000e-008,-3.40000004e-001
,,,2.47760000e-008,-3.38375002e-001
,,,2.47800000e-008,-3.43937516e-001
,,,2.47840000e-008,-3.48000020e-001
,,,2.47880000e-008,-3.49500000e-001
,,,2.47920000e-008,-3.53343755e-001
,,,2.47960000e-008,-3.48000020e-001
,,,2.48000000e-008,-3.36625010e-001
,,,2.48040000e-008,-3.48000020e-001
,,,2.48080000e-008,-3.49656254e-001
,,,2.48120000e-008,-3.48000020e-001
,,,2.48160000e-008,-3.54718745e-001
,,,2.48200000e-008,-3.52968752e-001
,,,2.48240000e-008,-3.43250006e-001
,,,2.48280000e-008,-3.40000004e-001
,,,2.48320000e-008,-3.35875005e-001
,,,2.48360000e-008,-3.35406244e-001
,,,2.48400000e-008,-3.39406252e-001
,,,2.48440000e-008,-3.36968750e-001
,,,2.48480000e-008,-3.33999991e-001
,,,2.48520000e-008,-3.35437506e-001
,,,2.48560000e-008,-3.35593760e-001
,,,2.48600000e-008,-3.33437502e-001
,,,2.48640000e-008,-3.33156258e-001
,,,2.48680000e-008,-3.36812496e-001
,,,2.48720000e-008,-3.37781250e-001
,,,2.48760000e-008,-3.32000017e-001
,,,2.48800000e-008,-3.40062499e-001
,,,2.48840000e-008,-3.40000004e-001
,,,2.48880000e-008,-3.47250015e-001
,,,2.48920000e-008,-3.42312515e-001
,,,2.48960000e-008,-3.40000004e-001
,,,2.49000000e-008,-3.34749997e-001
,,,2.49040000e-008,-3.40000004e-001
,,,2.49080000e-008,-3.39968741e-001
,,,2.49120000e-008,-3.40000004e-001
,,,2.49160000e-008,-3.33000004e-001
,,,2.49200000e-008,-3.40000004e-001
,,,2.49240000e-008,-3.37937504e-001
,,,2.49280000e-008,-3.36374998e-001
,,,2.49320000e-008,-3.32000017e-001
,,,2.49360000e-008,-3.33000004e-001
,,,2.49400000e-008,-3.35312515e-001
,,,2.49440000e-008,-3.32749993e-001
,,,2.49480000e-008,-3.32843751e-001
,,,2.49520000e-008,-3.35093766e-001
,,,2.49560000e-008,-3.37406248e-001
,,,2.49600000e-008,-3.40875000e-001
,,,2.49640000e-008,-3.40906262e-001
,,,2.49680000e-008,-3.32000017e-001
,,,2.49720000e-008,-3.26281250e-001
,,,2.49760000e-008,-3.28343749e-001
,,,2.49800000e-008,-3.36125016e-001
,,,2.49840000e-008,-3.40000004e-001
,,,2.49880000e-008,-3.40000004e-001
,,,2.49920000e-008,-3.34593743e-001
,,,2.49960000e-008,-3.48968744e-001
,,,2.50000000e-008,-3.56000006e-001
,,,2.50040000e-008,-3.51375014e-001
,,,2.50080000e-008,-3.37000012e-001
,,,2.50120000e-008,-3.32000017e-001
,,,2.50160000e-008,-3.35937500e-001
,,,2.50200000e-008,-3.32031250e-001
,,,2.50240000e-008,-3.35875005e-001
,,,2.50280000e-008,-3.40000004e-001
,,,2.50320000e-008,-3.38062495e-001
,,,2.50360000e-008,-3.40000004e-001
,,,2.50400000e-008,-3.32000017e-001
,,,2.50440000e-008,-3.32000017e-001
,,,2.50480000e-008,-3.40000004e-001
,,,2.50520000e-008,-3.46937507e-001
,,,2.50560000e-008,-3.41187507e-001
,,,2.50600000e-008,-3.40000004e-001
,,,2.50640000e-008,-3.42875004e-001
,,,2.50680000e-008,-3.43531251e-001
,,,2.50720000e-008,-3.37843746e-001
,,,2.50760000e-008,-3.42906266e-001
,,,2.50800000e-008,-3.40000004e-001
,,,2.50840000e-008,-3.29281241e-001
,,,2.50880000e-008,-3.32000017e-001
,,,2.50920000e-008,-3.38562518e-001
,,,2.50960000e-008,-3.39093745e-001
,,,2.51000000e-008,-3.40000004e-001
,,,2.51040000e-008,-3.36343765e-001
,,,2.51080000e-008,-3.32000017e-001
,,,2.51120000e-008,-3.40000004e-001
,,,2.51160000e-008,-3.37593764e-001
,,,2.51200000e-008,-3.42875004e-001
,,,2.51240000e-008,-3.40000004e-001
,,,2.51280000e-008,-3.31874996e-001
,,,2.51320000e-008,-3.30624998e-001
,,,2.51360000e-008,-3.32000017e-001
,,,2.51400000e-008,-3.29625010e-001
,,,2.51440000e-008,-3.34937513e-001
,,,2.51480000e-008,-3.40000004e-001
,,,2.51520000e-008,-3.45906258e-001
,,,2.51560000e-008,-3.44812512e-001
,,,2.51600000e-008,-3.32000017e-001
,,,2.51640000e-008,-3.39187503e-001
,,,2.51680000e-008,-3.37218761e-001
,,,2.51720000e-008,-3.33625019e-001
,,,2.51760000e-008,-3.29187512e-001
,,,2.51800000e-008,-3.31281245e-001
,,,2.51840000e-008,-3.32000017e-001
,,,2.51880000e-008,-3.35937500e-001
,,,2.51920000e-008,-3.33562493e-001
,,,2.51960000e-008,-3.35343748e-001
,,,2.52000000e-008,-3.48000020e-001
,,,2.52040000e-008,-3.53093743e-001
,,,2.52080000e-008,-3.49187493e-001
,,,2.52120000e-008,-3.53187501e-001
,,,2.52160000e-008,-3.47156256e-001
,,,2.52200000e-008,-3.38812500e-001
,,,2.52240000e-008,-3.32156241e-001
,,,2.52280000e-008,-3.33906263e-001
,,,2.52320000e-008,-3.32000017e-001
,,,2.52360000e-008,-3.36874992e-001
,,,2.52400000e-008,-3.40000004e-001
,,,2.52440000e-008,-3.32843751e-001
,,,2.52480000e-008,-3.35156262e-001
,,,2.52520000e-008,-3.36093754e-001
,,,2.52560000e-008,-3.32000017e-001
,,,2.52600000e-008,-3.40781242e-001
,,,2.52640000e-008,-3.40250015e-001
,,,2.52680000e-008,-3.35312515e-001
,,,2.52720000e-008,-3.32000017e-001
,,,2.52760000e-008,-3.30093741e-001
,,,2.52800000e-008,-3.32000017e-001
,,,2.52840000e-008,-3.32500011e-001
,,,2.52880000e-008,-3.32281262e-001
,,,2.52920000e-008,-3.44187498e-001
,,,2.52960000e-008,-3.48000020e-001
,,,2.53000000e-008,-3.41937512e-001
,,,2.53040000e-008,-3.36281270e-001
,,,2.53080000e-008,-3.32000017e-001
,,,2.53120000e-008,-3.30125004e-001
,,,2.53160000e-008,-3.38000000e-001
,,,2.53200000e-008,-3.38156253e-001
,,,2.53240000e-008,-3.40000004e-001
,,,2.53280000e-008,-3.40031266e-001
,,,2.53320000e-008,-3.40000004e-001
,,,2.53360000e-008,-3.41562510e-001
,,,2.53400000e-008,-3.41500014e-001
,,,2.53440000e-008,-3.32000017e-001
,,,2.53480000e-008,-3.39406252e-001
,,,2.53520000e-008,-3.48000020e-001
,,,2.53560000e-008,-3.44624996e-001
,,,2.53600000e-008,-3.31437498e-001
,,,2.53640000e-008,-3.30562502e-001
,,,2.53680000e-008,-3.32000017e-001
,,,2.53720000e-008,-3.26687515e-001
,,,2.53760000e-008,-3.27468753e-001
,,,2.53800000e-008,-3.24843764e-001
,,,2.53840000e-008,-3.25093746e-001
,,,2.53880000e-008,-3.29312503e-001
,,,2.53920000e-008,-3.28312516e-001
,,,2.53960000e-008,-3.32000017e-001
,,,2.54000000e-008,-3.40000004e-001
,,,2.54040000e-008,-3.43968749e-001
,,,2.54080000e-008,-3.36093754e-001
,,,2.54120000e-008,-3.30531269e-001
,,,2.54160000e-008,-3.32437515e-001
,,,2.54200000e-008,-3.30500007e-001
,,,2.54240000e-008,-3.24000001e-001
,,,2.54280000e-008,-3.24000001e-001
,,,2.54320000e-008,-3.24375004e-001
,,,2.54360000e-008,-3.24343741e-001
,,,2.54400000e-008,-3.27500015e-001
,,,2.54440000e-008,-3.24656248e-001
,,,2.54480000e-008,-3.29625010e-001
,,,2.54520000e-008,-3.40000004e-001
,,,2.54560000e-008,-3.42468768e-001
,,,2.54600000e-008,-3.37000012e-001
,,,2.54640000e-008,-3.27906251e-001
,,,2.54680000e-008,-3.24000001e-001
,,,2.54720000e-008,-3.21656257e-001
,,,2.54760000e-008,-3.21281254e-001
,,,2.54800000e-008,-3.25156242e-001
,,,2.54840000e-008,-3.34687501e-001
,,,2.54880000e-008,-3.42156261e-001
,,,2.54920000e-008,-3.40000004e-001
,,,2.54960000e-008,-3.26593757e-001
,,,2.55000000e-008,-3.24000001e-001
,,,2.55040000e-008,-3.24093759e-001
,,,2.55080000e-008,-3.24000001e-001
,,,2.55120000e-008,-3.39718759e-001
,,,2.55160000e-008,-3.46281260e-001
,,,2.55200000e-008,-3.42437506e-001
,,,2.55240000e-008,-3.48281264e-001
,,,2.55280000e-008,-3.51375014e-001
,,,2.55320000e-008,-3.48000020e-001
,,,2.55360000e-008,-3.38062495e-001
,,,2.55400000e-008,-3.42250019e-001
,,,2.55440000e-008,-3.39031249e-001
,,,2.55480000e-008,-3.29687506e-001
,,,2.55520000e-008,-3.32000017e-001
,,,2.55560000e-008,-3.28656256e-001
,,,2.55600000e-008,-3.27749997e-001
,,,2.55640000e-008,-3.27312499e-001
,,,2.55680000e-008,-3.32000017e-001
,,,2.55720000e-008,-3.32781255e-001
,,,2.55760000e-008,-3.36625010e-001
,,,2.55800000e-008,-3.36406261e-001
,,,2.55840000e-008,-3.40000004e-001
,,,2.55880000e-008,-3.33875000e-001
,,,2.55920000e-008,-3.27781260e-001
,,,2.55960000e-008,-3.28781247e-001
,,,2.56000000e-008,-3.25625002e-001
,,,2.56040000e-008,-3.37906241e-001
,,,2.56080000e-008,-3.42312515e-001
,,,2.56120000e-008,-3.37531269e-001
,,,2.56160000e-008,-3.29031259e-001
,,,2.56200000e-008,-3.34156245e-001
,,,2.56240000e-008,-3.40718746e-001
,,,2.56280000e-008,-3.40000004e-001
,,,2.56320000e-008,-3.31968755e-001
,,,2.56360000e-008,-3.22125018e-001
,,,2.56400000e-008,-3.21781248e-001
,,,2.56440000e-008,-3.23906243e-001
,,,2.56480000e-008,-3.26687515e-001
,,,2.56520000e-008,-3.28156263e-001
,,,2.56560000e-008,-3.27718765e-001
,,,2.56600000e-008,-3.26499999e-001
,,,2.56640000e-008,-3.24000001e-001
,,,2.56680000e-008,-3.25031251e-001
,,,2.56720000e-008,-3.33218753e-001
,,,2.56760000e-008,-3.33000004e-001
,,,2.56800000e-008,-3.30687493e-001
,,,2.56840000e-008,-3.40000004e-001
,,,2.56880000e-008,-3.37937504e-001
,,,2.56920000e-008,-3.32000017e-001
,,,2.56960000e-008,-3.32687497e-001
,,,2.57000000e-008,-3.33843768e-001
,,,2.57040000e-008,-3.32000017e-001
,,,2.57080000e-008,-3.32000017e-001
,,,2.57120000e-008,-3.32843751e-001
,,,2.57160000e-008,-3.32000017e-001
,,,2.57200000e-008,-3.21812510e-001
,,,2.57240000e-008,-3.30624998e-001
,,,2.57280000e-008,-3.32000017e-001
,,,2.57320000e-008,-3.21687520e-001
,,,2.57360000e-008,-3.24593753e-001
,,,2.57400000e-008,-3.32000017e-001
,,,2.57440000e-008,-3.31187516e-001
,,,2.57480000e-008,-3.28249991e-001
,,,2.57520000e-008,-3.24093759e-001
,,,2.57560000e-008,-3.23593765e-001
,,,2.57600000e-008,-3.28187495e-001
,,,2.57640000e-008,-3.24000001e-001
,,,2.57680000e-008,-3.19906265e-001
,,,2.57720000e-008,-3.23000014e-001
,,,2.57760000e-008,-3.31968755e-001
,,,2.57800000e-008,-3.32000017e-001
,,,2.57840000e-008,-3.26750010e-001
,,,2.57880000e-008,-3.26875001e-001
,,,2.57920000e-008,-3.32000017e-001
,,,2.57960000e-008,-3.34062517e-001
,,,2.58000000e-008,-3.36281270e-001
,,,2.58040000e-008,-3.29968750e-001
,,,2.58080000e-008,-3.27656269e-001
,,,2.58120000e-008,-3.22656244e-001
,,,2.58160000e-008,-3.24000001e-001
,,,2.58200000e-008,-3.25125009e-001
,,,2.58240000e-008,-3.24781269e-001
,,,2.58280000e-008,-3.27374995e-001
,,,2.58320000e-008,-3.24000001e-001
,,,2.58360000e-008,-3.30593765e-001
,,,2.58400000e-008,-3.32718760e-001
,,,2.58440000e-008,-3.40000004e-001
,,,2.58480000e-008,-3.40875000e-001
,,,2.58520000e-008,-3.30656260e-001
,,,2.58560000e-008,-3.28531265e-001
,,,2.58600000e-008,-3.32000017e-001
,,,2.58640000e-008,-3.23937505e-001
,,,2.58680000e-008,-3.19999993e-001
,,,2.58720000e-008,-3.16906244e-001
,,,2.58760000e-008,-3.20281267e-001
,,,2.58800000e-008,-3.24062496e-001
,,,2.58840000e-008,-3.27906251e-001
,,,2.58880000e-008,-3.32000017e-001
,,,2.58920000e-008,-3.27593744e-001
,,,2.58960000e-008,-3.20187509e-001
,,,2.59000000e-008,-3.24000001e-001
,,,2.59040000e-008,-3.24000001e-001
,,,2.59080000e-008,-3.27125013e-001
,,,2.59120000e-008,-3.19687515e-001
,,,2.59160000e-008,-3.18500012e-001
,,,2.59200000e-008,-3.24000001e-001
,,,2.59240000e-008,-3.24000001e-001
,,,2.59280000e-008,-3.22781265e-001
,,,2.59320000e-008,-3.30624998e-001
,,,2.59360000e-008,-3.45468760e-001
,,,2.59400000e-008,-3.48000020e-001
,,,2.59440000e-008,-3.36906254e-001
,,,2.59480000e-008,-3.36250007e-001
,,,2.59520000e-008,-3.32000017e-001
,,,2.59560000e-008,-3.22125018e-001
,,,2.59600000e-008,-3.35281253e-001
,,,2.59640000e-008,-3.39249998e-001
,,,2.59680000e-008,-3.32000017e-001
,,,2.59720000e-008,-3.26718748e-001
,,,2.59760000e-008,-3.26312512e-001
,,,2.59800000e-008,-3.30156267e-001
,,,2.59840000e-008,-3.40000004e-001
,,,2.59880000e-008,-3.40437502e-001
,,,2.59920000e-008,-3.32000017e-001
,,,2.59960000e-008,-3.33187491e-001
,,,2.60000000e-008,-3.24593753e-001
,,,2.60040000e-008,-3.33312511e-001
,,,2.60080000e-008,-3.32000017e-001
,,,2.60120000e-008,-3.26343745e-001
,,,2.60160000e-008,-3.29812497e-001
,,,2.60200000e-008,-3.32000017e-001
,,,2.60240000e-008,-3.26312512e-001
,,,2.60280000e-008,-3.24000001e-001
,,,2.60320000e-008,-3.22062492e-001
,,,2.60360000e-008,-3.24000001e-001
,,,2.60400000e-008,-3.25218767e-001
,,,2.60440000e-008,-3.30468744e-001
,,,2.60480000e-008,-3.27187508e-001
,,,2.60520000e-008,-3.36687505e-001
,,,2.60560000e-008,-3.37624997e-001
,,,2.60600000e-008,-3.28093767e-001
,,,2.60640000e-008,-3.32000017e-001
,,,2.60680000e-008,-3.24000001e-001
,,,2.60720000e-008,-3.17124993e-001
,,,2.60760000e-008,-3.19781244e-001
,,,2.60800000e-008,-3.21968764e-001
,,,2.60840000e-008,-3.19281250e-001
,,,2.60880000e-008,-3.24000001e-001
,,,2.60920000e-008,-3.30031246e-001
,,,2.60960000e-008,-3.28156263e-001
,,,2.61000000e-008,-3.26000005e-001
,,,2.61040000e-008,-3.33906263e-001
,,,2.61080000e-008,-3.32000017e-001
,,,2.61120000e-008,-3.29843760e-001
,,,2.61160000e-008,-3.39218765e-001
,,,2.61200000e-008,-3.40000004e-001
,,,2.61240000e-008,-3.28406245e-001
,,,2.61280000e-008,-3.24000001e-001
,,,2.61320000e-008,-3.24000001e-001
,,,2.61360000e-008,-3.27593744e-001
,,,2.61400000e-008,-3.24000001e-001
,,,2.61440000e-008,-3.23218763e-001
,,,2.61480000e-008,-3.31187516e-001
,,,2.61520000e-008,-3.38156253e-001
,,,2.61560000e-008,-3.35937500e-001
,,,2.61600000e-008,-3.25187504e-001
,,,2.61640000e-008,-3.27281266e-001
,,,2.61680000e-008,-3.22812498e-001
,,,2.61720000e-008,-3.24000001e-001
,,,2.61760000e-008,-3.20656240e-001
,,,2.61800000e-008,-3.24000001e-001
,,,2.61840000e-008,-3.26562494e-001
,,,2.61880000e-008,-3.24000001e-001
,,,2.61920000e-008,-3.20187509e-001
,,,2.61960000e-008,-3.25281262e-001
,,,2.62000000e-008,-3.27968746e-001
,,,2.62040000e-008,-3.26875001e-001
,,,2.62080000e-008,-3.32000017e-001
,,,2.62120000e-008,-3.35000008e-001
,,,2.62160000e-008,-3.27406257e-001
,,,2.62200000e-008,-3.32000017e-001
,,,2.62240000e-008,-3.30187500e-001
,,,2.62280000e-008,-3.25156242e-001
,,,2.62320000e-008,-3.21218759e-001
,,,2.62360000e-008,-3.26343745e-001
,,,2.62400000e-008,-3.37343752e-001
,,,2.62440000e-008,-3.40906262e-001
,,,2.62480000e-008,-3.32000017e-001
,,,2.62520000e-008,-3.23562503e-001
,,,2.62560000e-008,-3.16000015e-001
,,,2.62600000e-008,-3.21906269e-001
,,,2.62640000e-008,-3.24000001e-001
,,,2.62680000e-008,-3.27500015e-001
,,,2.62720000e-008,-3.24906260e-001
,,,2.62760000e-008,-3.28375012e-001
,,,2.62800000e-008,-3.33999991e-001
,,,2.62840000e-008,-3.32000017e-001
,,,2.62880000e-008,-3.22781265e-001
,,,2.62920000e-008,-3.21781248e-001
,,,2.62960000e-008,-3.20593745e-001
,,,2.63000000e-008,-3.16000015e-001
,,,2.63040000e-008,-3.22468758e-001
,,,2.63080000e-008,-3.20562512e-001
,,,2.63120000e-008,-3.21187496e-001
,,,2.63160000e-008,-3.18968743e-001
,,,2.63200000e-008,-3.24000001e-001
,,,2.63240000e-008,-3.26062500e-001
,,,2.63280000e-008,-3.18718761e-001
,,,2.63320000e-008,-3.18437517e-001
,,,2.63360000e-008,-3.17124993e-001
,,,2.63400000e-008,-3.16000015e-001
,,,2.63440000e-008,-3.19343746e-001
,,,2.63480000e-008,-3.32000017e-001
,,,2.63520000e-008,-3.35187495e-001
,,,2.63560000e-008,-3.25468749e-001
,,,2.63600000e-008,-3.24000001e-001
,,,2.63640000e-008,-3.24750006e-001
,,,2.63680000e-008,-3.21781248e-001
,,,2.63720000e-008,-3.19718748e-001
,,,2.63760000e-008,-3.22218746e-001
,,,2.63800000e-008,-3.21781248e-001
,,,2.63840000e-008,-3.20562512e-001
,,,2.63880000e-008,-3.26499999e-001
,,,2.63920000e-008,-3.23781252e-001
,,,2.63960000e-008,-3.19624990e-001
,,,2.64000000e-008,-3.24000001e-001
,,,2.64040000e-008,-3.21843743e-001
,,,2.64080000e-008,-3.26499999e-001
,,,2.64120000e-008,-3.32000017e-001
,,,2.64160000e-008,-3.28750014e-001
,,,2.64200000e-008,-3.26906264e-001
,,,2.64240000e-008,-3.25500011e-001
,,,2.64280000e-008,-3.19093764e-001
,,,2.64320000e-008,-3.29843760e-001
,,,2.64360000e-008,-3.28999996e-001
,,,2.64400000e-008,-3.21125001e-001
,,,2.64440000e-008,-3.23031247e-001
,,,2.64480000e-008,-3.22812498e-001
,,,2.64520000e-008,-3.19375008e-001
,,,2.64560000e-008,-3.30593765e-001
,,,2.64600000e-008,-3.32000017e-001
,,,2.64640000e-008,-3.22750002e-001
,,,2.64680000e-008,-3.23968768e-001
,,,2.64720000e-008,-3.17187518e-001
,,,2.64760000e-008,-3.24000001e-001
,,,2.64800000e-008,-3.32000017e-001
,,,2.64840000e-008,-3.31625015e-001
,,,2.64880000e-008,-3.21531266e-001
,,,2.64920000e-008,-3.17906260e-001
,,,2.64960000e-008,-3.16000015e-001
,,,2.65000000e-008,-3.21593761e-001
,,,2.65040000e-008,-3.25781256e-001
,,,2.65080000e-008,-3.31124991e-001
,,,2.65120000e-008,-3.24000001e-001
,,,2.65160000e-008,-3.20468754e-001
,,,2.65200000e-008,-3.16312492e-001
,,,2.65240000e-008,-3.18625003e-001
,,,2.65280000e-008,-3.25218767e-001
,,,2.65320000e-008,-3.24000001e-001
,,,2.65360000e-008,-3.24968755e-001
,,,2.65400000e-008,-3.20906252e-001
,,,2.65440000e-008,-3.29937518e-001
,,,2.65480000e-008,-3.31437498e-001
,,,2.65520000e-008,-3.24000001e-001
,,,2.65560000e-008,-3.25843751e-001
,,,2.65600000e-008,-3.24093759e-001
,,,2.65640000e-008,-3.18906248e-001
,,,2.65680000e-008,-3.16000015e-001
,,,2.65720000e-008,-3.19593757e-001
,,,2.65760000e-008,-3.24281245e-001
,,,2.65800000e-008,-3.30781251e-001
,,,2.65840000e-008,-3.28093767e-001
,,,2.65880000e-008,-3.16000015e-001
,,,2.65920000e-008,-3.14687490e-001
,,,2.65960000e-008,-3.22468758e-001
,,,2.66000000e-008,-3.24000001e-001
,,,2.66040000e-008,-3.23062509e-001
,,,2.66080000e-008,-3.30312490e-001
,,,2.66120000e-008,-3.28375012e-001
,,,2.66160000e-008,-3.18250000e-001
,,,2.66200000e-008,-3.16000015e-001
,,,2.66240000e-008,-3.16000015e-001
,,,2.66280000e-008,-3.18906248e-001
,,,2.66320000e-008,-3.16000015e-001
,,,2.66360000e-008,-3.21031243e-001
,,,2.66400000e-008,-3.20562512e-001
,,,2.66440000e-008,-3.24000001e-001
,,,2.66480000e-008,-3.25093746e-001
,,,2.66520000e-008,-3.20156246e-001
,,,2.66560000e-008,-3.23875010e-001
,,,2.66600000e-008,-3.31937492e-001
,,,2.66640000e-008,-3.31656247e-001
,,,2.66680000e-008,-3.34843755e-001
,,,2.66720000e-008,-3.32000017e-001
,,,2.66760000e-008,-3.27718765e-001
,,,2.66800000e-008,-3.32000017e-001
,,,2.66840000e-008,-3.28593761e-001
,,,2.66880000e-008,-3.23843747e-001
,,,2.66920000e-008,-3.24000001e-001
,,,2.66960000e-008,-3.23875010e-001
,,,2.67000000e-008,-3.16000015e-001
,,,2.67040000e-008,-3.21687520e-001
,,,2.67080000e-008,-3.20218742e-001
,,,2.67120000e-008,-3.30906242e-001
,,,2.67160000e-008,-3.32000017e-001
,,,2.67200000e-008,-3.20718765e-001
,,,2.67240000e-008,-3.10343742e-001
,,,2.67280000e-008,-3.16218764e-001
,,,2.67320000e-008,-3.24000001e-001
,,,2.67360000e-008,-3.25218767e-001
,,,2.67400000e-008,-3.18781257e-001
,,,2.67440000e-008,-3.21937501e-001
,,,2.67480000e-008,-3.24000001e-001
,,,2.67520000e-008,-3.18500012e-001
,,,2.67560000e-008,-3.17093760e-001
,,,2.67600000e-008,-3.18312496e-001
,,,2.67640000e-008,-3.22125018e-001
,,,2.67680000e-008,-3.18812519e-001
,,,2.67720000e-008,-3.19031268e-001
,,,2.67760000e-008,-3.18906248e-001
,,,2.67800000e-008,-3.21593761e-001
,,,2.67840000e-008,-3.16000015e-001
,,,2.67880000e-008,-3.21000010e-001
,,,2.67920000e-008,-3.18656266e-001
,,,2.67960000e-008,-3.17625016e-001
,,,2.68000000e-008,-3.22312504e-001
,,,2.68040000e-008,-3.24000001e-001
,,,2.68080000e-008,-3.18281263e-001
,,,2.68120000e-008,-3.10906261e-001
,,,2.68160000e-008,-3.18593740e-001
,,,2.68200000e-008,-3.24000001e-001
,,,2.68240000e-008,-3.16843748e-001
,,,2.68280000e-008,-3.22781265e-001
,,,2.68320000e-008,-3.21999997e-001
,,,2.68360000e-008,-3.27281266e-001
,,,2.68400000e-008,-3.26687515e-001
,,,2.68440000e-008,-3.24000001e-001
,,,2.68480000e-008,-3.29968750e-001
,,,2.68520000e-008,-3.32000017e-001
,,,2.68560000e-008,-3.45656246e-001
,,,2.68600000e-008,-3.56000006e-001
,,,2.68640000e-008,-3.54062498e-001
,,,2.68680000e-008,-3.41218770e-001
,,,2.68720000e-008,-3.19875002e-001
,,,2.68760000e-008,-3.21375012e-001
,,,2.68800000e-008,-3.19187492e-001
,,,2.68840000e-008,-3.26937497e-001
,,,2.68880000e-008,-3.26562494e-001
,,,2.68920000e-008,-3.32937509e-001
,,,2.68960000e-008,-3.37249994e-001
,,,2.69000000e-008,-3.28718752e-001
,,,2.69040000e-008,-3.16843748e-001
,,,2.69080000e-008,-3.16000015e-001
,,,2.69120000e-008,-3.11593741e-001
,,,2.69160000e-008,-3.16000015e-001
,,,2.69200000e-008,-3.16000015e-001
,,,2.69240000e-008,-3.20093751e-001
,,,2.69280000e-008,-3.24000001e-001
,,,2.69320000e-008,-3.18593740e-001
,,,2.69360000e-008,-3.16000015e-001
,,,2.69400000e-008,-3.24000001e-001
,,,2.69440000e-008,-3.23312491e-001
,,,2.69480000e-008,-3.24062496e-001
,,,2.69520000e-008,-3.32000017e-001
,,,2.69560000e-008,-3.27374995e-001
,,,2.69600000e-008,-3.12218755e-001
,,,2.69640000e-008,-3.16000015e-001
,,,2.69680000e-008,-3.19968760e-001
,,,2.69720000e-008,-3.16000015e-001
,,,2.69760000e-008,-3.23593765e-001
,,,2.69800000e-008,-3.32000017e-001
,,,2.69840000e-008,-3.29281241e-001
,,,2.69880000e-008,-3.28062505e-001
,,,2.69920000e-008,-3.24312508e-001
,,,2.69960000e-008,-3.22312504e-001
,,,2.70000000e-008,-3.16343755e-001
,,,2.70040000e-008,-3.13312501e-001
,,,2.70080000e-008,-3.13968748e-001
,,,2.70120000e-008,-3.16000015e-001
,,,2.70160000e-008,-3.10531259e-001
,,,2.70200000e-008,-3.14406246e-001
,,,2.70240000e-008,-3.12999994e-001
,,,2.70280000e-008,-3.15312505e-001
,,,2.70320000e-008,-3.15906256e-001
,,,2.70360000e-008,-3.15562516e-001
,,,2.70400000e-008,-3.16624999e-001
,,,2.70440000e-008,-3.18562508e-001
,,,2.70480000e-008,-3.16000015e-001
,,,2.70520000e-008,-3.09406251e-001
,,,2.70560000e-008,-3.13812494e-001
,,,2.70600000e-008,-3.16000015e-001
,,,2.70640000e-008,-3.19937497e-001
,,,2.70680000e-008,-3.13687503e-001
,,,2.70720000e-008,-3.07781249e-001
,,,2.70760000e-008,-3.10218751e-001
,,,2.70800000e-008,-3.16000015e-001
,,,2.70840000e-008,-3.14562500e-001
,,,2.70880000e-008,-3.21843743e-001
,,,2.70920000e-008,-3.22750002e-001
,,,2.70960000e-008,-3.20906252e-001
,,,2.71000000e-008,-3.17687511e-001
,,,2.71040000e-008,-3.24312508e-001
,,,2.71080000e-008,-3.32781255e-001
,,,2.71120000e-008,-3.32000017e-001
,,,2.71160000e-008,-3.21531266e-001
,,,2.71200000e-008,-3.15750003e-001
,,,2.71240000e-008,-3.09218764e-001
,,,2.71280000e-008,-3.16000015e-001
,,,2.71320000e-008,-3.12281251e-001
,,,2.71360000e-008,-3.21781248e-001
,,,2.71400000e-008,-3.24000001e-001
,,,2.71440000e-008,-3.16624999e-001
,,,2.71480000e-008,-3.17218751e-001
,,,2.71520000e-008,-3.17531258e-001
,,,2.71560000e-008,-3.09843749e-001
,,,2.71600000e-008,-3.07999998e-001
,,,2.71640000e-008,-3.11937511e-001
,,,2.71680000e-008,-3.14249992e-001
,,,2.71720000e-008,-3.09812516e-001
,,,2.71760000e-008,-3.16000015e-001
,,,2.71800000e-008,-3.20656240e-001
,,,2.71840000e-008,-3.24000001e-001
,,,2.71880000e-008,-3.19218755e-001
,,,2.71920000e-008,-3.17281246e-001
,,,2.71960000e-008,-3.16749990e-001
,,,2.72000000e-008,-3.10750008e-001
,,,2.72040000e-008,-3.07999998e-001
,,,2.72080000e-008,-3.16343755e-001
,,,2.72120000e-008,-3.24000001e-001
,,,2.72160000e-008,-3.21343750e-001
,,,2.72200000e-008,-3.10062498e-001
,,,2.72240000e-008,-3.07593763e-001
,,,2.72280000e-008,-3.08093756e-001
,,,2.72320000e-008,-3.11281264e-001
,,,2.72360000e-008,-3.13281268e-001
,,,2.72400000e-008,-3.14875007e-001
,,,2.72440000e-008,-3.21062505e-001
,,,2.72480000e-008,-3.23687494e-001
,,,2.72520000e-008,-3.16000015e-001
,,,2.72560000e-008,-3.13562512e-001
,,,2.72600000e-008,-3.04218769e-001
,,,2.72640000e-008,-3.05500001e-001
,,,2.72680000e-008,-3.18937510e-001
,,,2.72720000e-008,-3.22937518e-001
,,,2.72760000e-008,-3.17343742e-001
,,,2.72800000e-008,-3.17375004e-001
,,,2.72840000e-008,-3.16000015e-001
,,,2.72880000e-008,-3.08843762e-001
,,,2.72920000e-008,-3.07249993e-001
,,,2.72960000e-008,-3.09937507e-001
,,,2.73000000e-008,-3.16281259e-001
,,,2.73040000e-008,-3.27062517e-001
,,,2.73080000e-008,-3.24000001e-001
,,,2.73120000e-008,-3.12000006e-001
,,,2.73160000e-008,-3.15250009e-001
,,,2.73200000e-008,-3.12250018e-001
,,,2.73240000e-008,-3.12593758e-001
,,,2.73280000e-008,-3.09937507e-001
,,,2.73320000e-008,-3.11187506e-001
,,,2.73360000e-008,-3.16000015e-001
,,,2.73400000e-008,-3.14812511e-001
,,,2.73440000e-008,-3.21937501e-001
,,,2.73480000e-008,-3.24000001e-001
,,,2.73520000e-008,-3.11843753e-001
,,,2.73560000e-008,-3.09968740e-001
,,,2.73600000e-008,-3.16000015e-001
,,,2.73640000e-008,-3.17906260e-001
,,,2.73680000e-008,-3.12500000e-001
,,,2.73720000e-008,-3.08843762e-001
,,,2.73760000e-008,-3.07906240e-001
,,,2.73800000e-008,-3.07999998e-001
,,,2.73840000e-008,-3.07999998e-001
,,,2.73880000e-008,-3.13250005e-001
,,,2.73920000e-008,-3.13093752e-001
,,,2.73960000e-008,-3.13687503e-001
,,,2.74000000e-008,-3.07312518e-001
,,,2.74040000e-008,-3.07343751e-001
,,,2.74080000e-008,-3.09312493e-001
,,,2.74120000e-008,-3.15406263e-001
,,,2.74160000e-008,-3.16000015e-001
,,,2.74200000e-008,-3.16000015e-001
,,,2.74240000e-008,-3.15499991e-001
,,,2.74280000e-008,-3.13749999e-001
,,,2.74320000e-008,-3.08968753e-001
,,,2.74360000e-008,-3.08499992e-001
,,,2.74400000e-008,-3.12687516e-001
,,,2.74440000e-008,-3.08562517e-001
,,,2.74480000e-008,-3.13968748e-001
,,,2.74520000e-008,-3.16000015e-001
,,,2.74560000e-008,-3.19312513e-001
,,,2.74600000e-008,-3.16500008e-001
,,,2.74640000e-008,-3.10343742e-001
,,,2.74680000e-008,-3.13781261e-001
,,,2.74720000e-008,-3.10250014e-001
,,,2.74760000e-008,-3.14249992e-001
,,,2.74800000e-008,-3.10593754e-001
,,,2.74840000e-008,-3.08843762e-001
,,,2.74880000e-008,-3.07999998e-001
,,,2.74920000e-008,-3.07999998e-001
,,,2.74960000e-008,-3.21156263e-001
,,,2.75000000e-008,-3.32000017e-001
,,,2.75040000e-008,-3.29656243e-001
,,,2.75080000e-008,-3.16781253e-001
,,,2.75120000e-008,-3.17874998e-001
,,,2.75160000e-008,-3.10187519e-001
,,,2.75200000e-008,-3.06468755e-001
,,,2.75240000e-008,-3.05968761e-001
,,,2.75280000e-008,-3.16000015e-001
,,,2.75320000e-008,-3.16656262e-001
,,,2.75360000e-008,-3.24000001e-001
,,,2.75400000e-008,-3.30562502e-001
,,,2.75440000e-008,-3.26531261e-001
,,,2.75480000e-008,-3.16000015e-001
,,,2.75520000e-008,-3.12187493e-001
,,,2.75560000e-008,-3.16031247e-001
,,,2.75600000e-008,-3.11718762e-001
,,,2.75640000e-008,-3.08250010e-001
,,,2.75680000e-008,-3.01375002e-001
,,,2.75720000e-008,-3.05750012e-001
,,,2.75760000e-008,-3.11343759e-001
,,,2.75800000e-008,-3.09281260e-001
,,,2.75840000e-008,-3.07687491e-001
,,,2.75880000e-008,-3.07999998e-001
,,,2.75920000e-008,-3.07999998e-001
,,,2.75960000e-008,-3.12343746e-001
,,,2.76000000e-008,-3.16000015e-001
,,,2.76040000e-008,-3.19187492e-001
,,,2.76080000e-008,-3.21406245e-001
,,,2.76120000e-008,-3.14906269e-001
,,,2.76160000e-008,-3.06093752e-001
,,,2.76200000e-008,-3.05781245e-001
,,,2.76240000e-008,-3.04218769e-001
,,,2.76280000e-008,-3.02562505e-001
,,,2.76320000e-008,-3.07999998e-001
,,,2.76360000e-008,-3.12281251e-001
,,,2.76400000e-008,-3.07718754e-001
,,,2.76440000e-008,-3.10281247e-001
,,,2.76480000e-008,-3.10531259e-001
,,,2.76520000e-008,-3.24000001e-001
,,,2.76560000e-008,-3.21812510e-001
,,,2.76600000e-008,-3.05531263e-001
,,,2.76640000e-008,-3.08062494e-001
,,,2.76680000e-008,-3.07999998e-001
,,,2.76720000e-008,-3.04500014e-001
,,,2.76760000e-008,-3.10437500e-001
,,,2.76800000e-008,-3.14375013e-001
,,,2.76840000e-008,-3.11718762e-001
,,,2.76880000e-008,-3.08656245e-001
,,,2.76920000e-008,-3.11593741e-001
,,,2.76960000e-008,-3.19468766e-001
,,,2.77000000e-008,-3.16000015e-001
,,,2.77040000e-008,-3.19593757e-001
,,,2.77080000e-008,-3.18625003e-001
,,,2.77120000e-008,-3.07999998e-001
,,,2.77160000e-008,-3.04187506e-001
,,,2.77200000e-008,-3.07999998e-001
,,,2.77240000e-008,-3.03124994e-001
,,,2.77280000e-008,-3.07999998e-001
,,,2.77320000e-008,-3.10562491e-001
,,,2.77360000e-008,-3.06562513e-001
,,,2.77400000e-008,-3.01437497e-001
,,,2.77440000e-008,-3.18437517e-001
,,,2.77480000e-008,-3.24000001e-001
,,,2.77520000e-008,-3.15125018e-001
,,,2.77560000e-008,-3.10625017e-001
,,,2.77600000e-008,-3.18281263e-001
,,,2.77640000e-008,-3.13874990e-001
,,,2.77680000e-008,-3.11218768e-001
,,,2.77720000e-008,-3.07468742e-001
,,,2.77760000e-008,-3.16000015e-001
,,,2.77800000e-008,-3.26531261e-001
,,,2.77840000e-008,-3.24000001e-001
,,,2.77880000e-008,-3.10468763e-001
,,,2.77920000e-008,-3.07999998e-001
,,,2.77960000e-008,-3.15343767e-001
,,,2.78000000e-008,-3.14624995e-001
,,,2.78040000e-008,-3.10656250e-001
,,,2.78080000e-008,-3.10124993e-001
,,,2.78120000e-008,-3.16000015e-001
,,,2.78160000e-008,-3.14812511e-001
,,,2.78200000e-008,-3.10250014e-001
,,,2.78240000e-008,-3.03218752e-001
,,,2.78280000e-008,-3.16000015e-001
,,,2.78320000e-008,-3.18406254e-001
,,,2.78360000e-008,-3.16000015e-001
,,,2.78400000e-008,-3.07999998e-001
,,,2.78440000e-008,-3.07999998e-001
,,,2.78480000e-008,-3.09312493e-001
,,,2.78520000e-008,-3.12124997e-001
,,,2.78560000e-008,-3.21187496e-001
,,,2.78600000e-008,-3.16000015e-001
,,,2.78640000e-008,-3.04656267e-001
,,,2.78680000e-008,-3.12124997e-001
,,,2.78720000e-008,-3.07999998e-001
,,,2.78760000e-008,-3.06031257e-001
,,,2.78800000e-008,-3.11906248e-001
,,,2.78840000e-008,-3.09187502e-001
,,,2.78880000e-008,-3.07343751e-001
,,,2.78920000e-008,-3.12906265e-001
,,,2.78960000e-008,-3.13093752e-001
,,,2.79000000e-008,-3.07999998e-001
,,,2.79040000e-008,-3.13125014e-001
,,,2.79080000e-008,-3.24000001e-001
,,,2.79120000e-008,-3.24343741e-001
,,,2.79160000e-008,-3.14687490e-001
,,,2.79200000e-008,-3.09281260e-001
,,,2.79240000e-008,-3.11343759e-001
,,,2.79280000e-008,-3.10343742e-001
,,,2.79320000e-008,-3.07999998e-001
,,,2.79360000e-008,-3.12937498e-001
,,,2.79400000e-008,-3.11593741e-001
,,,2.79440000e-008,-3.16000015e-001
,,,2.79480000e-008,-3.15031260e-001
,,,2.79520000e-008,-3.05093765e-001
,,,2.79560000e-008,-3.13156247e-001
,,,2.79600000e-008,-3.16000015e-001
,,,2.79640000e-008,-3.07999998e-001
,,,2.79680000e-008,-3.07999998e-001
,,,2.79720000e-008,-3.09687495e-001
,,,2.79760000e-008,-3.01499993e-001
,,,2.79800000e-008,-2.97093749e-001
,,,2.79840000e-008,-3.00343752e-001
,,,2.79880000e-008,-3.04937512e-001
,,,2.79920000e-008,-3.07999998e-001
,,,2.79960000e-008,-3.07812512e-001
,,,2.80000000e-008,-3.06281269e-001
,,,2.80040000e-008,-3.04312497e-001
,,,2.80080000e-008,-3.05406243e-001
,,,2.80120000e-008,-3.05875003e-001
,,,2.80160000e-008,-3.08781266e-001
,,,2.80200000e-008,-3.00000012e-001
,,,2.80240000e-008,-3.04718763e-001
,,,2.80280000e-008,-3.08312505e-001
,,,2.80320000e-008,-3.07750016e-001
,,,2.80360000e-008,-3.11218768e-001
,,,2.80400000e-008,-3.11000019e-001
,,,2.80440000e-008,-3.09718758e-001
,,,2.80480000e-008,-3.07999998e-001
,,,2.80520000e-008,-3.05843741e-001
,,,2.80560000e-008,-3.06312501e-001
,,,2.80600000e-008,-3.04937512e-001
,,,2.80640000e-008,-3.07999998e-001
,,,2.80680000e-008,-3.07999998e-001
,,,2.80720000e-008,-3.13718766e-001
,,,2.80760000e-008,-3.08250010e-001
,,,2.80800000e-008,-2.96687514e-001
,,,2.80840000e-008,-3.01937491e-001
,,,2.80880000e-008,-3.08750004e-001
,,,2.80920000e-008,-3.07093769e-001
,,,2.80960000e-008,-3.00249994e-001
,,,2.81000000e-008,-3.02687496e-001
,,,2.81040000e-008,-3.03250015e-001
,,,2.81080000e-008,-3.07999998e-001
,,,2.81120000e-008,-3.08250010e-001
,,,2.81160000e-008,-3.10843766e-001
,,,2.81200000e-008,-3.03468764e-001
,,,2.81240000e-008,-3.00000012e-001
,,,2.81280000e-008,-3.06468755e-001
,,,2.81320000e-008,-3.05687517e-001
,,,2.81360000e-008,-3.07187498e-001
,,,2.81400000e-008,-3.00000012e-001
,,,2.81440000e-008,-3.01812500e-001
,,,2.81480000e-008,-3.04781258e-001
,,,2.81520000e-008,-3.05250019e-001
,,,2.81560000e-008,-3.00000012e-001
,,,2.81600000e-008,-3.00593764e-001
,,,2.81640000e-008,-3.05999994e-001
,,,2.81680000e-008,-3.00000012e-001
,,,2.81720000e-008,-3.00000012e-001
,,,2.81760000e-008,-3.07500005e-001
,,,2.81800000e-008,-3.07656258e-001
,,,2.81840000e-008,-3.09031248e-001
,,,2.81880000e-008,-3.07968765e-001
,,,2.81920000e-008,-3.02749991e-001
,,,2.81960000e-008,-3.14656258e-001
,,,2.82000000e-008,-3.16593766e-001
,,,2.82040000e-008,-3.07999998e-001
,,,2.82080000e-008,-3.08499992e-001
,,,2.82120000e-008,-3.10718745e-001
,,,2.82160000e-008,-3.06906253e-001
,,,2.82200000e-008,-3.00000012e-001
,,,2.82240000e-008,-2.99500018e-001
,,,2.82280000e-008,-3.05312514e-001
,,,2.82320000e-008,-3.07999998e-001
,,,2.82360000e-008,-3.01406264e-001
,,,2.82400000e-008,-3.00312519e-001
,,,2.82440000e-008,-3.00000012e-001
,,,2.82480000e-008,-3.02656263e-001
,,,2.82520000e-008,-3.04187506e-001
,,,2.82560000e-008,-3.03656250e-001
,,,2.82600000e-008,-3.16000015e-001
,,,2.82640000e-008,-3.16249996e-001
,,,2.82680000e-008,-3.05031240e-001
,,,2.82720000e-008,-3.03781241e-001
,,,2.82760000e-008,-3.05093765e-001
,,,2.82800000e-008,-3.08031261e-001
,,,2.82840000e-008,-3.07999998e-001
,,,2.82880000e-008,-2.96906263e-001
,,,2.82920000e-008,-2.91999996e-001
,,,2.82960000e-008,-2.91718751e-001
,,,2.83000000e-008,-3.07999998e-001
,,,2.83040000e-008,-3.13500017e-001
,,,2.83080000e-008,-3.10093760e-001
,,,2.83120000e-008,-3.04593742e-001
,,,2.83160000e-008,-2.98656255e-001
,,,2.83200000e-008,-3.06843758e-001
,,,2.83240000e-008,-3.07999998e-001
,,,2.83280000e-008,-2.99593747e-001
,,,2.83320000e-008,-2.99687505e-001
,,,2.83360000e-008,-2.98843741e-001
,,,2.83400000e-008,-3.00000012e-001
,,,2.83440000e-008,-3.00812513e-001
,,,2.83480000e-008,-3.01781267e-001
,,,2.83520000e-008,-3.04812491e-001
,,,2.83560000e-008,-3.01812500e-001
,,,2.83600000e-008,-2.98187494e-001
,,,2.83640000e-008,-3.07999998e-001
,,,2.83680000e-008,-3.08687508e-001
,,,2.83720000e-008,-3.02531242e-001
,,,2.83760000e-008,-3.06281269e-001
,,,2.83800000e-008,-3.14468741e-001
,,,2.83840000e-008,-3.16000015e-001
,,,2.83880000e-008,-3.04906249e-001
,,,2.83920000e-008,-3.00000012e-001
,,,2.83960000e-008,-3.07468742e-001
,,,2.84000000e-008,-3.05312514e-001
,,,2.84040000e-008,-3.08687508e-001
,,,2.84080000e-008,-3.16000015e-001
,,,2.84120000e-008,-3.08468759e-001
,,,2.84160000e-008,-3.03124994e-001
,,,2.84200000e-008,-3.03156257e-001
,,,2.84240000e-008,-3.24000001e-001
,,,2.84280000e-008,-3.30312490e-001
,,,2.84320000e-008,-3.21718752e-001
,,,2.84360000e-008,-3.00968766e-001
,,,2.84400000e-008,-3.00000012e-001
,,,2.84440000e-008,-2.99750000e-001
,,,2.84480000e-008,-2.94218749e-001
,,,2.84520000e-008,-2.96312511e-001
,,,2.84560000e-008,-2.93312490e-001
,,,2.84600000e-008,-3.11625004e-001
,,,2.84640000e-008,-3.16000015e-001
,,,2.84680000e-008,-3.03531259e-001
,,,2.84720000e-008,-2.91999996e-001
,,,2.84760000e-008,-3.01375002e-001
,,,2.84800000e-008,-3.07093769e-001
,,,2.84840000e-008,-3.00156265e-001
,,,2.84880000e-008,-3.00000012e-001
,,,2.84920000e-008,-3.02218765e-001
,,,2.84960000e-008,-3.04968745e-001
,,,2.85000000e-008,-3.00000012e-001
,,,2.85040000e-008,-2.92937517e-001
,,,2.85080000e-008,-3.00000012e-001
,,,2.85120000e-008,-3.02468747e-001
,,,2.85160000e-008,-3.00343752e-001
,,,2.85200000e-008,-2.91999996e-001
,,,2.85240000e-008,-2.97968745e-001
,,,2.85280000e-008,-3.11250001e-001
,,,2.85320000e-008,-3.16000015e-001
,,,2.85360000e-008,-3.10062498e-001
,,,2.85400000e-008,-3.07999998e-001
,,,2.85440000e-008,-3.05437505e-001
,,,2.85480000e-008,-3.02687496e-001
,,,2.85520000e-008,-3.00125003e-001
,,,2.85560000e-008,-2.91999996e-001
,,,2.85600000e-008,-2.95374990e-001
,,,2.85640000e-008,-3.00000012e-001
,,,2.85680000e-008,-2.93281257e-001
,,,2.85720000e-008,-3.00000012e-001
,,,2.85760000e-008,-3.04531246e-001
,,,2.85800000e-008,-3.04156244e-001
,,,2.85840000e-008,-3.00000012e-001
,,,2.85880000e-008,-3.00000012e-001
,,,2.85920000e-008,-3.07999998e-001
,,,2.85960000e-008,-3.09281260e-001
,,,2.86000000e-008,-2.97156245e-001
,,,2.86040000e-008,-2.97500014e-001
,,,2.86080000e-008,-3.00000012e-001
,,,2.86120000e-008,-2.97187507e-001
,,,2.86160000e-008,-3.04125011e-001
,,,2.86200000e-008,-3.07999998e-001
,,,2.86240000e-008,-3.00343752e-001
,,,2.86280000e-008,-3.01593751e-001
,,,2.86320000e-008,-3.03781241e-001
,,,2.86360000e-008,-3.00000012e-001
,,,2.86400000e-008,-3.03124994e-001
,,,2.86440000e-008,-3.03124994e-001
,,,2.86480000e-008,-3.02125007e-001
,,,2.86520000e-008,-3.00000012e-001
,,,2.86560000e-008,-2.96499997e-001
,,,2.86600000e-008,-3.01250011e-001
,,,2.86640000e-008,-3.00218761e-001
,,,2.86680000e-008,-2.97281265e-001
,,,2.86720000e-008,-3.00000012e-001
,,,2.86760000e-008,-3.02343756e-001
,,,2.86800000e-008,-3.00000012e-001
,,,2.86840000e-008,-2.91999996e-001
,,,2.86880000e-008,-3.00000012e-001
,,,2.86920000e-008,-3.00062507e-001
,,,2.86960000e-008,-2.96781242e-001
,,,2.87000000e-008,-2.91999996e-001
,,,2.87040000e-008,-2.97781259e-001
,,,2.87080000e-008,-3.00000012e-001
,,,2.87120000e-008,-2.97062516e-001
,,,2.87160000e-008,-2.93906242e-001
,,,2.87200000e-008,-2.94156253e-001
,,,2.87240000e-008,-3.00000012e-001
,,,2.87280000e-008,-3.07750016e-001
,,,2.87320000e-008,-3.07999998e-001
,,,2.87360000e-008,-2.98781246e-001
,,,2.87400000e-008,-2.99343765e-001
,,,2.87440000e-008,-2.94031262e-001
,,,2.87480000e-008,-2.99343765e-001
,,,2.87520000e-008,-3.00000012e-001
,,,2.87560000e-008,-2.96875000e-001
,,,2.87600000e-008,-2.96281248e-001
,,,2.87640000e-008,-2.93500006e-001
,,,2.87680000e-008,-2.91999996e-001
,,,2.87720000e-008,-3.00000012e-001
,,,2.87760000e-008,-3.00999999e-001
,,,2.87800000e-008,-3.07999998e-001
,,,2.87840000e-008,-3.32000017e-001
,,,2.87880000e-008,-3.39749992e-001
,,,2.87920000e-008,-3.27687502e-001
,,,2.87960000e-008,-2.99093753e-001
,,,2.88000000e-008,-2.91999996e-001
,,,2.88040000e-008,-2.93312490e-001
,,,2.88080000e-008,-2.95249999e-001
,,,2.88120000e-008,-2.90374994e-001
,,,2.88160000e-008,-2.91750014e-001
,,,2.88200000e-008,-2.99093753e-001
,,,2.88240000e-008,-3.00000012e-001
,,,2.88280000e-008,-2.92968750e-001
,,,2.88320000e-008,-3.00000012e-001
,,,2.88360000e-008,-2.97875017e-001
,,,2.88400000e-008,-2.96031266e-001
,,,2.88440000e-008,-2.95625001e-001
,,,2.88480000e-008,-3.02656263e-001
,,,2.88520000e-008,-3.04593742e-001
,,,2.88560000e-008,-2.98437506e-001
,,,2.88600000e-008,-2.93406248e-001
,,,2.88640000e-008,-2.91999996e-001
,,,2.88680000e-008,-2.90718764e-001
,,,2.88720000e-008,-3.00000012e-001
,,,2.88760000e-008,-3.00000012e-001
,,,2.88800000e-008,-3.00000012e-001
,,,2.88840000e-008,-2.98500001e-001
,,,2.88880000e-008,-2.88031250e-001
,,,2.88920000e-008,-2.91999996e-001
,,,2.88960000e-008,-2.92250007e-001
,,,2.89000000e-008,-2.92437494e-001
,,,2.89040000e-008,-2.91156262e-001
,,,2.89080000e-008,-2.90906250e-001
,,,2.89120000e-008,-2.87281245e-001
,,,2.89160000e-008,-2.84375012e-001
,,,2.89200000e-008,-2.87281245e-001
,,,2.89240000e-008,-2.86968768e-001
,,,2.89280000e-008,-2.92750001e-001
,,,2.89320000e-008,-3.02000016e-001
,,,2.89360000e-008,-3.01968753e-001
,,,2.89400000e-008,-2.92718768e-001
,,,2.89440000e-008,-2.92125016e-001
,,,2.89480000e-008,-3.00343752e-001
,,,2.89520000e-008,-3.16000015e-001
,,,2.89560000e-008,-3.19093764e-001
,,,2.89600000e-008,-3.09937507e-001
,,,2.89640000e-008,-3.04031253e-001
,,,2.89680000e-008,-3.00000012e-001
,,,2.89720000e-008,-2.91999996e-001
,,,2.89760000e-008,-2.99343765e-001
,,,2.89800000e-008,-2.97062516e-001
,,,2.89840000e-008,-3.00593764e-001
,,,2.89880000e-008,-3.00000012e-001
,,,2.89920000e-008,-3.00000012e-001
,,,2.89960000e-008,-3.00312519e-001
,,,2.90000000e-008,-2.94468760e-001
,,,2.90040000e-008,-2.91999996e-001
,,,2.90080000e-008,-2.92562515e-001
,,,2.90120000e-008,-2.94625014e-001
,,,2.90160000e-008,-3.03718746e-001
,,,2.90200000e-008,-3.05250019e-001
,,,2.90240000e-008,-2.98156261e-001
,,,2.90280000e-008,-2.89687514e-001
,,,2.90320000e-008,-2.91999996e-001
,,,2.90360000e-008,-2.92343765e-001
,,,2.90400000e-008,-2.95468748e-001
,,,2.90440000e-008,-2.96343744e-001
,,,2.90480000e-008,-3.00000012e-001
,,,2.90520000e-008,-2.92874992e-001
,,,2.90560000e-008,-2.92406261e-001
,,,2.90600000e-008,-3.00000012e-001
,,,2.90640000e-008,-2.99218744e-001
,,,2.90680000e-008,-2.91999996e-001
,,,2.90720000e-008,-2.86968768e-001
,,,2.90760000e-008,-2.90062517e-001
,,,2.90800000e-008,-2.92750001e-001
,,,2.90840000e-008,-2.91999996e-001
,,,2.90880000e-008,-2.94843763e-001
,,,2.90920000e-008,-2.95437515e-001
,,,2.90960000e-008,-2.90187508e-001
,,,2.91000000e-008,-3.00000012e-001
,,,2.91040000e-008,-3.07999998e-001
,,,2.91080000e-008,-3.07343751e-001
,,,2.91120000e-008,-2.94906259e-001
,,,2.91160000e-008,-2.94750005e-001
,,,2.91200000e-008,-2.91156262e-001
,,,2.91240000e-008,-2.91999996e-001
,,,2.91280000e-008,-2.95218766e-001
,,,2.91320000e-008,-2.91999996e-001
,,,2.91360000e-008,-2.96218753e-001
,,,2.91400000e-008,-3.00000012e-001
,,,2.91440000e-008,-2.92656243e-001
,,,2.91480000e-008,-2.88500011e-001
,,,2.91520000e-008,-2.93843746e-001
,,,2.91560000e-008,-2.93562502e-001
,,,2.91600000e-008,-3.07999998e-001
,,,2.91640000e-008,-3.11343759e-001
,,,2.91680000e-008,-3.00812513e-001
,,,2.91720000e-008,-2.98968762e-001
,,,2.91760000e-008,-2.91999996e-001
,,,2.91800000e-008,-2.87468761e-001
,,,2.91840000e-008,-2.92187512e-001
,,,2.91880000e-008,-2.92968750e-001
,,,2.91920000e-008,-2.99187511e-001
,,,2.91960000e-008,-2.98156261e-001
,,,2.92000000e-008,-3.00000012e-001
,,,2.92040000e-008,-3.07125002e-001
,,,2.92080000e-008,-3.04781258e-001
,,,2.92120000e-008,-3.03499997e-001
,,,2.92160000e-008,-2.91999996e-001
,,,2.92200000e-008,-2.90187508e-001
,,,2.92240000e-008,-2.91999996e-001
,,,2.92280000e-008,-2.91999996e-001
,,,2.92320000e-008,-2.93156266e-001
,,,2.92360000e-008,-3.01531255e-001
,,,2.92400000e-008,-3.00000012e-001
,,,2.92440000e-008,-2.92656243e-001
,,,2.92480000e-008,-2.87124991e-001
,,,2.92520000e-008,-2.86249995e-001
,,,2.92560000e-008,-2.90687501e-001
,,,2.92600000e-008,-3.00000012e-001
,,,2.92640000e-008,-3.00093740e-001
,,,2.92680000e-008,-2.89593756e-001
,,,2.92720000e-008,-2.95031250e-001
,,,2.92760000e-008,-2.91999996e-001
,,,2.92800000e-008,-2.91999996e-001
,,,2.92840000e-008,-2.89718747e-001
,,,2.92880000e-008,-2.94687510e-001
,,,2.92920000e-008,-2.90343761e-001
,,,2.92960000e-008,-2.84000009e-001
,,,2.93000000e-008,-2.84000009e-001
,,,2.93040000e-008,-2.86437511e-001
,,,2.93080000e-008,-2.91999996e-001
,,,2.93120000e-008,-2.90031254e-001
,,,2.93160000e-008,-2.90500015e-001
,,,2.93200000e-008,-2.97281265e-001
,,,2.93240000e-008,-3.00125003e-001
,,,2.93280000e-008,-3.07999998e-001
,,,2.93320000e-008,-3.02437514e-001
,,,2.93360000e-008,-2.95093745e-001
,,,2.93400000e-008,-2.84000009e-001
,,,2.93440000e-008,-2.83437490e-001
,,,2.93480000e-008,-2.89124995e-001
,,,2.93520000e-008,-2.91999996e-001
,,,2.93560000e-008,-2.91781247e-001
,,,2.93600000e-008,-2.91999996e-001
,,,2.93640000e-008,-2.96218753e-001
,,,2.93680000e-008,-2.94375002e-001
,,,2.93720000e-008,-2.85312504e-001
,,,2.93760000e-008,-2.98906267e-001
,,,2.93800000e-008,-3.00000012e-001
,,,2.93840000e-008,-2.87000000e-001
,,,2.93880000e-008,-2.90468752e-001
,,,2.93920000e-008,-2.88218766e-001
,,,2.93960000e-008,-2.84968764e-001
,,,2.94000000e-008,-2.83031255e-001
,,,2.94040000e-008,-2.84968764e-001
,,,2.94080000e-008,-2.84000009e-001
,,,2.94120000e-008,-2.85937518e-001
,,,2.94160000e-008,-2.84062505e-001
,,,2.94200000e-008,-2.84000009e-001
,,,2.94240000e-008,-2.94531256e-001
,,,2.94280000e-008,-3.02937508e-001
,,,2.94320000e-008,-3.00312519e-001
,,,2.94360000e-008,-2.94812500e-001
,,,2.94400000e-008,-2.86031246e-001
,,,2.94440000e-008,-2.84000009e-001
,,,2.94480000e-008,-2.91999996e-001
,,,2.94520000e-008,-2.92406261e-001
,,,2.94560000e-008,-2.90625006e-001
,,,2.94600000e-008,-2.84000009e-001
,,,2.94640000e-008,-3.00000012e-001
,,,2.94680000e-008,-3.07562500e-001
,,,2.94720000e-008,-3.01437497e-001
,,,2.94760000e-008,-2.89468765e-001
,,,2.94800000e-008,-2.93343753e-001
,,,2.94840000e-008,-2.93968767e-001
,,,2.94880000e-008,-2.91999996e-001
,,,2.94920000e-008,-2.91249990e-001
,,,2.94960000e-008,-2.86750019e-001
,,,2.95000000e-008,-2.81312495e-001
,,,2.95040000e-008,-2.80062497e-001
,,,2.95080000e-008,-2.85312504e-001
,,,2.95120000e-008,-2.91968763e-001
,,,2.95160000e-008,-2.91999996e-001
,,,2.95200000e-008,-2.91999996e-001
,,,2.95240000e-008,-2.94375002e-001
,,,2.95280000e-008,-2.90312499e-001
,,,2.95320000e-008,-2.89000005e-001
,,,2.95360000e-008,-2.91468740e-001
,,,2.95400000e-008,-2.93156266e-001
,,,2.95440000e-008,-2.95406252e-001
,,,2.95480000e-008,-2.86593765e-001
,,,2.95520000e-008,-2.80468762e-001
,,,2.95560000e-008,-2.82593757e-001
,,,2.95600000e-008,-2.84000009e-001
,,,2.95640000e-008,-2.84000009e-001
,,,2.95680000e-008,-2.91999996e-001
,,,2.95720000e-008,-2.95093745e-001
,,,2.95760000e-008,-2.89062500e-001
,,,2.95800000e-008,-2.87062496e-001
,,,2.95840000e-008,-2.91999996e-001
,,,2.95880000e-008,-2.87906259e-001
,,,2.95920000e-008,-2.84000009e-001
,,,2.95960000e-008,-2.88718760e-001
,,,2.96000000e-008,-2.91999996e-001
,,,2.96040000e-008,-2.91593760e-001
,,,2.96080000e-008,-2.84000009e-001
,,,2.96120000e-008,-2.91812509e-001
,,,2.96160000e-008,-2.90312499e-001
,,,2.96200000e-008,-2.84000009e-001
,,,2.96240000e-008,-2.85625011e-001
,,,2.96280000e-008,-2.90187508e-001
,,,2.96320000e-008,-2.92312503e-001
,,,2.96360000e-008,-2.94031262e-001
,,,2.96400000e-008,-2.85156250e-001
,,,2.96440000e-008,-2.85562515e-001
,,,2.96480000e-008,-2.91999996e-001
,,,2.96520000e-008,-2.92406261e-001
,,,2.96560000e-008,-2.87187517e-001
,,,2.96600000e-008,-2.84000009e-001
,,,2.96640000e-008,-2.84687489e-001
,,,2.96680000e-008,-2.82124996e-001
,,,2.96720000e-008,-2.84000009e-001
,,,2.96760000e-008,-2.85531253e-001
,,,2.96800000e-008,-2.85531253e-001
,,,2.96840000e-008,-2.84875005e-001
,,,2.96880000e-008,-2.84000009e-001
,,,2.96920000e-008,-2.86624998e-001
,,,2.96960000e-008,-2.84000009e-001
,,,2.97000000e-008,-2.84000009e-001
,,,2.97040000e-008,-2.84812510e-001
,,,2.97080000e-008,-2.91999996e-001
,,,2.97120000e-008,-2.91562498e-001
,,,2.97160000e-008,-2.89781243e-001
,,,2.97200000e-008,-2.89343745e-001
,,,2.97240000e-008,-2.84000009e-001
,,,2.97280000e-008,-2.84000009e-001
,,,2.97320000e-008,-2.82750010e-001
,,,2.97360000e-008,-2.82124996e-001
,,,2.97400000e-008,-2.85156250e-001
,,,2.97440000e-008,-2.84000009e-001
,,,2.97480000e-008,-2.81437516e-001
,,,2.97520000e-008,-2.82375008e-001
,,,2.97560000e-008,-2.84000009e-001
,,,2.97600000e-008,-2.79500008e-001
,,,2.97640000e-008,-2.82218754e-001
,,,2.97680000e-008,-2.82218754e-001
,,,2.97720000e-008,-2.81406254e-001
,,,2.97760000e-008,-2.86312491e-001
,,,2.97800000e-008,-2.90718764e-001
,,,2.97840000e-008,-2.91999996e-001
,,,2.97880000e-008,-2.90374994e-001
,,,2.97920000e-008,-2.83437490e-001
,,,2.97960000e-008,-2.90250003e-001
,,,2.98000000e-008,-2.91999996e-001
,,,2.98040000e-008,-2.90250003e-001
,,,2.98080000e-008,-2.94656247e-001
,,,2.98120000e-008,-2.89781243e-001
,,,2.98160000e-008,-2.90562510e-001
,,,2.98200000e-008,-2.87656248e-001
,,,2.98240000e-008,-2.92312503e-001
,,,2.98280000e-008,-2.91249990e-001
,,,2.98320000e-008,-3.01437497e-001
,,,2.98360000e-008,-3.02500010e-001
,,,2.98400000e-008,-2.91999996e-001
,,,2.98440000e-008,-3.00000012e-001
,,,2.98480000e-008,-2.95812517e-001
,,,2.98520000e-008,-2.84500003e-001
,,,2.98560000e-008,-2.87187517e-001
,,,2.98600000e-008,-2.93000013e-001
,,,2.98640000e-008,-2.91999996e-001
,,,2.98680000e-008,-2.93062508e-001
,,,2.98720000e-008,-2.93187499e-001
,,,2.98760000e-008,-2.84375012e-001
,,,2.98800000e-008,-2.84312516e-001
,,,2.98840000e-008,-2.88500011e-001
,,,2.98880000e-008,-2.90156245e-001
,,,2.98920000e-008,-2.84562498e-001
,,,2.98960000e-008,-2.83937514e-001
,,,2.99000000e-008,-2.91999996e-001
,,,2.99040000e-008,-2.85625011e-001
,,,2.99080000e-008,-2.84000009e-001
,,,2.99120000e-008,-2.84562498e-001
,,,2.99160000e-008,-2.87156254e-001
,,,2.99200000e-008,-2.89312512e-001
,,,2.99240000e-008,-2.84000009e-001
,,,2.99280000e-008,-2.82281250e-001
,,,2.99320000e-008,-2.86562502e-001
,,,2.99360000e-008,-2.87687510e-001
,,,2.99400000e-008,-2.91999996e-001
,,,2.99440000e-008,-2.89281249e-001
,,,2.99480000e-008,-2.93249995e-001
,,,2.99520000e-008,-2.94906259e-001
,,,2.99560000e-008,-2.85906255e-001
,,,2.99600000e-008,-2.78874993e-001
,,,2.99640000e-008,-2.80250013e-001
,,,2.99680000e-008,-2.81374991e-001
,,,2.99720000e-008,-2.84531265e-001
,,,2.99760000e-008,-2.80124992e-001
,,,2.99800000e-008,-2.81374991e-001
,,,2.99840000e-008,-2.82656252e-001
,,,2.99880000e-008,-2.86218762e-001
,,,2.99920000e-008,-2.84031242e-001
,,,2.99960000e-008,-2.77656257e-001
,,,3.00000000e-008,-2.80124992e-001
,,,3.00040000e-008,-2.85718769e-001
,,,3.00080000e-008,-2.91999996e-001
,,,3.00120000e-008,-2.91999996e-001
,,,3.00160000e-008,-2.86906242e-001
,,,3.00200000e-008,-2.89781243e-001
,,,3.00240000e-008,-2.90250003e-001
,,,3.00280000e-008,-2.84000009e-001
,,,3.00320000e-008,-2.77125001e-001
,,,3.00360000e-008,-2.72406250e-001
,,,3.00400000e-008,-2.84000009e-001
,,,3.00440000e-008,-2.87562490e-001
,,,3.00480000e-008,-2.83468753e-001
,,,3.00520000e-008,-2.84000009e-001
,,,3.00560000e-008,-2.89625019e-001
,,,3.00600000e-008,-2.89718747e-001
,,,3.00640000e-008,-2.84000009e-001
,,,3.00680000e-008,-2.84000009e-001
,,,3.00720000e-008,-2.88625002e-001
,,,3.00760000e-008,-2.92156249e-001
,,,3.00800000e-008,-2.86125004e-001
,,,3.00840000e-008,-2.80656248e-001
,,,3.00880000e-008,-2.84000009e-001
,,,3.00920000e-008,-2.77937502e-001
,,,3.00960000e-008,-2.74593741e-001
,,,3.01000000e-008,-2.84000009e-001
,,,3.01040000e-008,-2.85562515e-001
,,,3.01080000e-008,-2.79968768e-001
,,,3.01120000e-008,-2.85062492e-001
,,,3.01160000e-008,-2.81187505e-001
,,,3.01200000e-008,-2.75999993e-001
,,,3.01240000e-008,-2.75999993e-001
,,,3.01280000e-008,-2.78468758e-001
,,,3.01320000e-008,-2.75999993e-001
,,,3.01360000e-008,-2.73562491e-001
,,,3.01400000e-008,-2.79406250e-001
,,,3.01440000e-008,-2.87062496e-001
,,,3.01480000e-008,-2.95062512e-001
,,,3.01520000e-008,-2.91718751e-001
,,,3.01560000e-008,-2.90406257e-001
,,,3.01600000e-008,-2.91999996e-001
,,,3.01640000e-008,-2.87718743e-001
,,,3.01680000e-008,-2.87218750e-001
,,,3.01720000e-008,-2.84249991e-001
,,,3.01760000e-008,-2.87156254e-001
,,,3.01800000e-008,-2.89062500e-001
,,,3.01840000e-008,-2.79437512e-001
,,,3.01880000e-008,-2.78593749e-001
,,,3.01920000e-008,-2.84000009e-001
,,,3.01960000e-008,-2.88062513e-001
,,,3.02000000e-008,-2.91999996e-001
,,,3.02040000e-008,-2.85406262e-001
,,,3.02080000e-008,-2.84000009e-001
,,,3.02120000e-008,-2.79624999e-001
,,,3.02160000e-008,-2.75999993e-001
,,,3.02200000e-008,-2.77937502e-001
,,,3.02240000e-008,-2.86906242e-001
,,,3.02280000e-008,-2.92625010e-001
,,,3.02320000e-008,-2.91999996e-001
,,,3.02360000e-008,-2.81250000e-001
,,,3.02400000e-008,-2.83218741e-001
,,,3.02440000e-008,-2.84000009e-001
,,,3.02480000e-008,-2.79843748e-001
,,,3.02520000e-008,-2.85250008e-001
,,,3.02560000e-008,-2.85218745e-001
,,,3.02600000e-008,-2.75999993e-001
,,,3.02640000e-008,-2.75999993e-001
,,,3.02680000e-008,-2.77781248e-001
,,,3.02720000e-008,-2.79031247e-001
,,,3.02760000e-008,-2.80187517e-001
,,,3.02800000e-008,-2.78750002e-001
,,,3.02840000e-008,-2.80625015e-001
,,,3.02880000e-008,-2.89031267e-001
,,,3.02920000e-008,-2.91500002e-001
,,,3.02960000e-008,-2.87093759e-001
,,,3.03000000e-008,-2.87812501e-001
,,,3.03040000e-008,-2.91999996e-001
,,,3.03080000e-008,-2.88156241e-001
,,,3.03120000e-008,-2.85187513e-001
,,,3.03160000e-008,-2.79968768e-001
,,,3.03200000e-008,-2.81968743e-001
,,,3.03240000e-008,-2.82062501e-001
,,,3.03280000e-008,-2.77187496e-001
,,,3.03320000e-008,-2.84000009e-001
,,,3.03360000e-008,-2.89875001e-001
,,,3.03400000e-008,-2.86468744e-001
,,,3.03440000e-008,-2.84187496e-001
,,,3.03480000e-008,-2.84156263e-001
,,,3.03520000e-008,-2.89375007e-001
,,,3.03560000e-008,-2.91999996e-001
,,,3.03600000e-008,-2.82093763e-001
,,,3.03640000e-008,-2.83406258e-001
,,,3.03680000e-008,-2.91999996e-001
,,,3.03720000e-008,-2.90343761e-001
,,,3.03760000e-008,-2.91999996e-001
,,,3.03800000e-008,-2.92374998e-001
,,,3.03840000e-008,-2.90687501e-001
,,,3.03880000e-008,-2.87718743e-001
,,,3.03920000e-008,-2.91999996e-001
,,,3.03960000e-008,-2.99218744e-001
,,,3.04000000e-008,-2.96812505e-001
,,,3.04040000e-008,-3.09531242e-001
,,,3.04080000e-008,-3.07999998e-001
,,,3.04120000e-008,-2.90031254e-001
,,,3.04160000e-008,-2.85156250e-001
,,,3.04200000e-008,-2.84000009e-001
,,,3.04240000e-008,-2.84000009e-001
,,,3.04280000e-008,-2.89750010e-001
,,,3.04320000e-008,-2.92406261e-001
,,,3.04360000e-008,-2.84000009e-001
,,,3.04400000e-008,-2.80031264e-001
,,,3.04440000e-008,-2.91999996e-001
,,,3.04480000e-008,-2.88312495e-001
,,,3.04520000e-008,-2.82812506e-001
,,,3.04560000e-008,-2.84000009e-001
,,,3.04600000e-008,-2.81593740e-001
,,,3.04640000e-008,-2.79437512e-001
,,,3.04680000e-008,-2.75999993e-001
,,,3.04720000e-008,-2.75999993e-001
,,,3.04760000e-008,-2.81250000e-001
,,,3.04800000e-008,-2.91999996e-001
,,,3.04840000e-008,-2.88125008e-001
,,,3.04880000e-008,-2.91687518e-001
,,,3.04920000e-008,-2.84000009e-001
,,,3.04960000e-008,-2.85218745e-001
,,,3.05000000e-008,-2.84000009e-001
,,,3.05040000e-008,-2.75999993e-001
,,,3.05080000e-008,-2.80343741e-001
,,,3.05120000e-008,-2.81531245e-001
,,,3.05160000e-008,-2.78375000e-001
,,,3.05200000e-008,-2.78187513e-001
,,,3.05240000e-008,-2.75999993e-001
,,,3.05280000e-008,-2.75999993e-001
,,,3.05320000e-008,-2.84000009e-001
,,,3.05360000e-008,-2.87187517e-001
,,,3.05400000e-008,-2.79875010e-001
,,,3.05440000e-008,-2.84000009e-001
,,,3.05480000e-008,-2.80187517e-001
,,,3.05520000e-008,-2.85187513e-001
,,,3.05560000e-008,-2.96187490e-001
,,,3.05600000e-008,-2.96124995e-001
,,,3.05640000e-008,-2.85218745e-001
,,,3.05680000e-008,-2.86875010e-001
,,,3.05720000e-008,-2.81312495e-001
,,,3.05760000e-008,-2.84000009e-001
,,,3.05800000e-008,-2.82687515e-001
,,,3.05840000e-008,-2.80593753e-001
,,,3.05880000e-008,-2.77156264e-001
,,,3.05920000e-008,-2.77656257e-001
,,,3.05960000e-008,-2.83749998e-001
,,,3.06000000e-008,-2.84000009e-001
,,,3.06040000e-008,-2.88562506e-001
,,,3.06080000e-008,-2.81281263e-001
,,,3.06120000e-008,-2.84000009e-001
,,,3.06160000e-008,-2.92031258e-001
,,,3.06200000e-008,-2.88687497e-001
,,,3.06240000e-008,-2.89687514e-001
,,,3.06280000e-008,-2.82531261e-001
,,,3.06320000e-008,-2.79249996e-001
,,,3.06360000e-008,-2.92125016e-001
,,,3.06400000e-008,-3.00000012e-001
,,,3.06440000e-008,-2.92062491e-001
,,,3.06480000e-008,-2.86687493e-001
,,,3.06520000e-008,-2.84000009e-001
,,,3.06560000e-008,-2.82156259e-001
,,,3.06600000e-008,-2.82906264e-001
,,,3.06640000e-008,-2.87812501e-001
,,,3.06680000e-008,-2.84000009e-001
,,,3.06720000e-008,-2.79718757e-001
,,,3.06760000e-008,-2.74187505e-001
,,,3.06800000e-008,-2.79875010e-001
,,,3.06840000e-008,-2.80968755e-001
,,,3.06880000e-008,-2.79718757e-001
,,,3.06920000e-008,-2.84000009e-001
,,,3.06960000e-008,-2.79249996e-001
,,,3.07000000e-008,-2.79375017e-001
,,,3.07040000e-008,-2.77812511e-001
,,,3.07080000e-008,-2.80156255e-001
,,,3.07120000e-008,-2.84000009e-001
,,,3.07160000e-008,-2.80124992e-001
,,,3.07200000e-008,-2.84000009e-001
,,,3.07240000e-008,-2.83906251e-001
,,,3.07280000e-008,-2.76781261e-001
,,,3.07320000e-008,-2.78781265e-001
,,,3.07360000e-008,-2.80843765e-001
,,,3.07400000e-008,-2.84000009e-001
,,,3.07440000e-008,-2.89093763e-001
,,,3.07480000e-008,-2.88125008e-001
,,,3.07520000e-008,-2.84000009e-001
,,,3.07560000e-008,-2.80625015e-001
,,,3.07600000e-008,-2.77812511e-001
,,,3.07640000e-008,-2.84906268e-001
,,,3.07680000e-008,-2.84000009e-001
,,,3.07720000e-008,-2.79437512e-001
,,,3.07760000e-008,-2.81500012e-001
,,,3.07800000e-008,-2.84000009e-001
,,,3.07840000e-008,-2.84750015e-001
,,,3.07880000e-008,-2.85312504e-001
,,,3.07920000e-008,-2.91999996e-001
,,,3.07960000e-008,-2.88187504e-001
,,,3.08000000e-008,-2.82562494e-001
,,,3.08040000e-008,-2.91999996e-001
,,,3.08080000e-008,-2.89593756e-001
,,,3.08120000e-008,-2.85281241e-001
,,,3.08160000e-008,-2.88937509e-001
,,,3.08200000e-008,-2.84000009e-001
,,,3.08240000e-008,-2.75999993e-001
,,,3.08280000e-008,-2.71687508e-001
,,,3.08320000e-008,-2.77937502e-001
,,,3.08360000e-008,-2.80312508e-001
,,,3.08400000e-008,-2.75999993e-001
,,,3.08440000e-008,-2.75999993e-001
,,,3.08480000e-008,-2.78656244e-001
,,,3.08520000e-008,-2.84000009e-001
,,,3.08560000e-008,-2.88125008e-001
,,,3.08600000e-008,-3.00312519e-001
,,,3.08640000e-008,-3.00000012e-001
,,,3.08680000e-008,-2.85656244e-001
,,,3.08720000e-008,-2.72343755e-001
,,,3.08760000e-008,-2.85499990e-001
,,,3.08800000e-008,-2.89281249e-001
,,,3.08840000e-008,-2.83656240e-001
,,,3.08880000e-008,-2.81906247e-001
,,,3.08920000e-008,-2.75999993e-001
,,,3.08960000e-008,-2.69468755e-001
,,,3.09000000e-008,-2.75999993e-001
,,,3.09040000e-008,-2.81374991e-001
,,,3.09080000e-008,-2.84843743e-001
,,,3.09120000e-008,-2.84031242e-001
,,,3.09160000e-008,-2.83187509e-001
,,,3.09200000e-008,-2.75999993e-001
,,,3.09240000e-008,-2.68000007e-001
,,,3.09280000e-008,-2.70937502e-001
,,,3.09320000e-008,-2.75031269e-001
,,,3.09360000e-008,-2.74031252e-001
,,,3.09400000e-008,-2.78062493e-001
,,,3.09440000e-008,-2.80062497e-001
,,,3.09480000e-008,-2.75999993e-001
,,,3.09520000e-008,-2.70375013e-001
,,,3.09560000e-008,-2.78593749e-001
,,,3.09600000e-008,-2.76343763e-001
,,,3.09640000e-008,-2.75999993e-001
,,,3.09680000e-008,-2.75999993e-001
,,,3.09720000e-008,-2.75687516e-001
,,,3.09760000e-008,-2.80750006e-001
,,,3.09800000e-008,-2.84000009e-001
,,,3.09840000e-008,-2.76937515e-001
,,,3.09880000e-008,-2.83281267e-001
,,,3.09920000e-008,-2.78593749e-001
,,,3.09960000e-008,-2.81312495e-001
,,,3.10000000e-008,-2.75999993e-001
,,,3.10040000e-008,-2.76500016e-001
,,,3.10080000e-008,-2.84000009e-001
,,,3.10120000e-008,-2.75624990e-001
,,,3.10160000e-008,-2.76906252e-001
,,,3.10200000e-008,-2.75999993e-001
,,,3.10240000e-008,-2.84999996e-001
,,,3.10280000e-008,-2.85625011e-001
,,,3.10320000e-008,-2.78687507e-001
,,,3.10360000e-008,-2.76374996e-001
,,,3.10400000e-008,-2.76125014e-001
,,,3.10440000e-008,-2.85625011e-001
,,,3.10480000e-008,-2.84000009e-001
,,,3.10520000e-008,-2.75999993e-001
,,,3.10560000e-008,-2.73625016e-001
,,,3.10600000e-008,-2.77375013e-001
,,,3.10640000e-008,-2.84000009e-001
,,,3.10680000e-008,-2.77406245e-001
,,,3.10720000e-008,-2.76906252e-001
,,,3.10760000e-008,-2.83968747e-001
,,,3.10800000e-008,-2.84531265e-001
,,,3.10840000e-008,-2.82468766e-001
,,,3.10880000e-008,-2.83406258e-001
,,,3.10920000e-008,-2.75999993e-001
,,,3.10960000e-008,-2.73031265e-001
,,,3.11000000e-008,-2.75999993e-001
,,,3.11040000e-008,-2.78312504e-001
,,,3.11080000e-008,-2.86875010e-001
,,,3.11120000e-008,-2.84000009e-001
,,,3.11160000e-008,-2.69406259e-001
,,,3.11200000e-008,-2.67906249e-001
,,,3.11240000e-008,-2.73437500e-001
,,,3.11280000e-008,-2.79312491e-001
,,,3.11320000e-008,-2.77249992e-001
,,,3.11360000e-008,-2.74781257e-001
,,,3.11400000e-008,-2.75999993e-001
,,,3.11440000e-008,-2.80437499e-001
,,,3.11480000e-008,-2.84000009e-001
,,,3.11520000e-008,-2.82187492e-001
,,,3.11560000e-008,-2.71906257e-001
,,,3.11600000e-008,-2.71656245e-001
,,,3.11640000e-008,-2.75999993e-001
,,,3.11680000e-008,-2.74093747e-001
,,,3.11720000e-008,-2.76531249e-001
,,,3.11760000e-008,-2.85906255e-001
,,,3.11800000e-008,-2.86156267e-001
,,,3.11840000e-008,-2.80531257e-001
,,,3.11880000e-008,-2.75999993e-001
,,,3.11920000e-008,-2.69906253e-001
,,,3.11960000e-008,-2.70718753e-001
,,,3.12000000e-008,-2.68000007e-001
,,,3.12040000e-008,-2.68000007e-001
,,,3.12080000e-008,-2.75187492e-001
,,,3.12120000e-008,-2.81031251e-001
,,,3.12160000e-008,-2.75999993e-001
,,,3.12200000e-008,-2.68593758e-001
,,,3.12240000e-008,-2.77406245e-001
,,,3.12280000e-008,-2.84000009e-001
,,,3.12320000e-008,-2.84531265e-001
,,,3.12360000e-008,-2.74843752e-001
,,,3.12400000e-008,-2.71656245e-001
,,,3.12440000e-008,-2.76187509e-001
,,,3.12480000e-008,-2.73968756e-001
,,,3.12520000e-008,-2.69031256e-001
,,,3.12560000e-008,-2.80562490e-001
,,,3.12600000e-008,-2.84000009e-001
,,,3.12640000e-008,-2.89406240e-001
,,,3.12680000e-008,-2.87781268e-001
,,,3.12720000e-008,-2.79718757e-001
,,,3.12760000e-008,-2.74687499e-001
,,,3.12800000e-008,-2.72968739e-001
,,,3.12840000e-008,-2.69281268e-001
,,,3.12880000e-008,-2.64937490e-001
,,,3.12920000e-008,-2.75999993e-001
,,,3.12960000e-008,-2.76656240e-001
,,,3.13000000e-008,-2.74374992e-001
,,,3.13040000e-008,-2.75999993e-001
,,,3.13080000e-008,-2.73406267e-001
,,,3.13120000e-008,-2.79656261e-001
,,,3.13160000e-008,-2.75999993e-001
,,,3.13200000e-008,-2.76250005e-001
,,,3.13240000e-008,-2.80625015e-001
,,,3.13280000e-008,-2.76437491e-001
,,,3.13320000e-008,-2.75999993e-001
,,,3.13360000e-008,-2.74937510e-001
,,,3.13400000e-008,-2.75999993e-001
,,,3.13440000e-008,-2.77281255e-001
,,,3.13480000e-008,-2.74156243e-001
,,,3.13520000e-008,-2.68218756e-001
,,,3.13560000e-008,-2.72624999e-001
,,,3.13600000e-008,-2.75999993e-001
,,,3.13640000e-008,-2.73124993e-001
,,,3.13680000e-008,-2.68000007e-001
,,,3.13720000e-008,-2.84000009e-001
,,,3.13760000e-008,-2.86343753e-001
,,,3.13800000e-008,-2.76125014e-001
,,,3.13840000e-008,-2.75999993e-001
,,,3.13880000e-008,-2.80437499e-001
,,,3.13920000e-008,-2.92562515e-001
,,,3.13960000e-008,-2.91156262e-001
,,,3.14000000e-008,-2.75999993e-001
,,,3.14040000e-008,-2.76718765e-001
,,,3.14080000e-008,-2.85468757e-001
,,,3.14120000e-008,-2.85062492e-001
,,,3.14160000e-008,-2.75937498e-001
,,,3.14200000e-008,-2.76125014e-001
,,,3.14240000e-008,-2.75999993e-001
,,,3.14280000e-008,-2.78343767e-001
,,,3.14320000e-008,-2.87656248e-001
,,,3.14360000e-008,-2.86031246e-001
,,,3.14400000e-008,-2.77125001e-001
,,,3.14440000e-008,-2.76656240e-001
,,,3.14480000e-008,-2.83468753e-001
,,,3.14520000e-008,-2.79343754e-001
,,,3.14560000e-008,-2.66312510e-001
,,,3.14600000e-008,-2.75999993e-001
,,,3.14640000e-008,-2.76125014e-001
,,,3.14680000e-008,-2.77656257e-001
,,,3.14720000e-008,-2.91999996e-001
,,,3.14760000e-008,-2.99843758e-001
,,,3.14800000e-008,-2.91343749e-001
,,,3.14840000e-008,-2.69749999e-001
,,,3.14880000e-008,-2.68000007e-001
,,,3.14920000e-008,-2.80406266e-001
,,,3.14960000e-008,-2.80625015e-001
,,,3.15000000e-008,-2.84000009e-001
,,,3.15040000e-008,-2.82406241e-001
,,,3.15080000e-008,-2.73406267e-001
,,,3.15120000e-008,-2.84000009e-001
,,,3.15160000e-008,-2.83718765e-001
,,,3.15200000e-008,-2.71781266e-001
,,,3.15240000e-008,-2.75000006e-001
,,,3.15280000e-008,-2.75562495e-001
,,,3.15320000e-008,-2.78468758e-001
,,,3.15360000e-008,-2.90906250e-001
,,,3.15400000e-008,-2.93156266e-001
,,,3.15440000e-008,-2.84000009e-001
,,,3.15480000e-008,-2.71218747e-001
,,,3.15520000e-008,-2.75999993e-001
,,,3.15560000e-008,-2.75562495e-001
,,,3.15600000e-008,-2.75999993e-001
,,,3.15640000e-008,-2.76406258e-001
,,,3.15680000e-008,-2.74000019e-001
,,,3.15720000e-008,-2.69437492e-001
,,,3.15760000e-008,-2.64874995e-001
,,,3.15800000e-008,-2.70062506e-001
,,,3.15840000e-008,-2.69656241e-001
,,,3.15880000e-008,-2.75687516e-001
,,,3.15920000e-008,-2.81781256e-001
,,,3.15960000e-008,-2.77500004e-001
,,,3.16000000e-008,-2.66968757e-001
,,,3.16040000e-008,-2.68000007e-001
,,,3.16080000e-008,-2.75999993e-001
,,,3.16120000e-008,-2.73812503e-001
,,,3.16160000e-008,-2.78843760e-001
,,,3.16200000e-008,-2.75999993e-001
,,,3.16240000e-008,-2.68000007e-001
,,,3.16280000e-008,-2.70000011e-001
,,,3.16320000e-008,-2.76625007e-001
,,,3.16360000e-008,-2.75999993e-001
,,,3.16400000e-008,-2.81343758e-001
,,,3.16440000e-008,-2.79718757e-001
,,,3.16480000e-008,-2.72187501e-001
,,,3.16520000e-008,-2.80312508e-001
,,,3.16560000e-008,-2.87468761e-001
,,,3.16600000e-008,-2.84000009e-001
,,,3.16640000e-008,-2.84000009e-001
,,,3.16680000e-008,-2.78656244e-001
,,,3.16720000e-008,-2.71093756e-001
,,,3.16760000e-008,-2.74281263e-001
,,,3.16800000e-008,-2.73781240e-001
,,,3.16840000e-008,-2.65781254e-001
,,,3.16880000e-008,-2.68312514e-001
,,,3.16920000e-008,-2.76093751e-001
,,,3.16960000e-008,-2.81781256e-001
,,,3.17000000e-008,-2.78874993e-001
,,,3.17040000e-008,-2.75687516e-001
,,,3.17080000e-008,-2.79531240e-001
,,,3.17120000e-008,-2.80562490e-001
,,,3.17160000e-008,-2.77187496e-001
,,,3.17200000e-008,-2.73937494e-001
,,,3.17240000e-008,-2.70062506e-001
,,,3.17280000e-008,-2.75999993e-001
,,,3.17320000e-008,-2.83781260e-001
,,,3.17360000e-008,-2.81093746e-001
,,,3.17400000e-008,-2.71562517e-001
,,,3.17440000e-008,-2.68000007e-001
,,,3.17480000e-008,-2.75812507e-001
,,,3.17520000e-008,-2.74156243e-001
,,,3.17560000e-008,-2.74718761e-001
,,,3.17600000e-008,-2.68437505e-001
,,,3.17640000e-008,-2.68000007e-001
,,,3.17680000e-008,-2.68999994e-001
,,,3.17720000e-008,-2.70687491e-001
,,,3.17760000e-008,-2.73781240e-001
,,,3.17800000e-008,-2.74343759e-001
,,,3.17840000e-008,-2.72343755e-001
,,,3.17880000e-008,-2.68000007e-001
,,,3.17920000e-008,-2.75999993e-001
,,,3.17960000e-008,-2.75718749e-001
,,,3.18000000e-008,-2.75999993e-001
,,,3.18040000e-008,-2.68593758e-001
,,,3.18080000e-008,-2.68937498e-001
,,,3.18120000e-008,-2.75875002e-001
,,,3.18160000e-008,-2.75312513e-001
,,,3.18200000e-008,-2.68000007e-001
,,,3.18240000e-008,-2.62812495e-001
,,,3.18280000e-008,-2.67031252e-001
,,,3.18320000e-008,-2.63624996e-001
,,,3.18360000e-008,-2.67531246e-001
,,,3.18400000e-008,-2.68500000e-001
,,,3.18440000e-008,-2.72562504e-001
,,,3.18480000e-008,-2.75531262e-001
,,,3.18520000e-008,-2.68000007e-001
,,,3.18560000e-008,-2.70968765e-001
,,,3.18600000e-008,-2.68999994e-001
,,,3.18640000e-008,-2.68000007e-001
,,,3.18680000e-008,-2.67687500e-001
,,,3.18720000e-008,-2.69749999e-001
,,,3.18760000e-008,-2.67625004e-001
,,,3.18800000e-008,-2.73031265e-001
,,,3.18840000e-008,-2.70687491e-001
,,,3.18880000e-008,-2.72031248e-001
,,,3.18920000e-008,-2.68000007e-001
,,,3.18960000e-008,-2.61062503e-001
,,,3.19000000e-008,-2.60406256e-001
,,,3.19040000e-008,-2.68000007e-001
,,,3.19080000e-008,-2.72281259e-001
,,,3.19120000e-008,-2.75999993e-001
,,,3.19160000e-008,-2.67656267e-001
,,,3.19200000e-008,-2.66468763e-001
,,,3.19240000e-008,-2.68687516e-001
,,,3.19280000e-008,-2.68000007e-001
,,,3.19320000e-008,-2.68000007e-001
,,,3.19360000e-008,-2.71625012e-001
,,,3.19400000e-008,-2.75999993e-001
,,,3.19440000e-008,-2.71968752e-001
,,,3.19480000e-008,-2.73406267e-001
,,,3.19520000e-008,-2.81187505e-001
,,,3.19560000e-008,-2.76406258e-001
,,,3.19600000e-008,-2.67968744e-001
,,,3.19640000e-008,-2.68000007e-001
,,,3.19680000e-008,-2.68750012e-001
,,,3.19720000e-008,-2.70062506e-001
,,,3.19760000e-008,-2.66281247e-001
,,,3.19800000e-008,-2.65125006e-001
,,,3.19840000e-008,-2.59999990e-001
,,,3.19880000e-008,-2.60781258e-001
,,,3.19920000e-008,-2.71125019e-001
,,,3.19960000e-008,-2.77375013e-001
,,,3.20000000e-008,-2.91999996e-001
,,,3.20040000e-008,-2.91656256e-001
,,,3.20080000e-008,-2.77218759e-001
,,,3.20120000e-008,-2.75999993e-001
,,,3.20160000e-008,-2.70249993e-001
,,,3.20200000e-008,-2.80562490e-001
,,,3.20240000e-008,-2.84000009e-001
,,,3.20280000e-008,-2.72281259e-001
,,,3.20320000e-008,-2.74593741e-001
,,,3.20360000e-008,-2.73499995e-001
,,,3.20400000e-008,-2.70624995e-001
,,,3.20440000e-008,-2.72812515e-001
,,,3.20480000e-008,-2.68000007e-001
,,,3.20520000e-008,-2.68000007e-001
,,,3.20560000e-008,-2.71937490e-001
,,,3.20600000e-008,-2.75999993e-001
,,,3.20640000e-008,-2.68593758e-001
,,,3.20680000e-008,-2.54937500e-001
,,,3.20720000e-008,-2.63031244e-001
,,,3.20760000e-008,-2.66968757e-001
,,,3.20800000e-008,-2.60625005e-001
,,,3.20840000e-008,-2.65812516e-001
,,,3.20880000e-008,-2.62656242e-001
,,,3.20920000e-008,-2.57281244e-001
,,,3.20960000e-008,-2.58281261e-001
,,,3.21000000e-008,-2.60374993e-001
,,,3.21040000e-008,-2.61718750e-001
,,,3.21080000e-008,-2.68000007e-001
,,,3.21120000e-008,-2.65718758e-001
,,,3.21160000e-008,-2.66687512e-001
,,,3.21200000e-008,-2.79781252e-001
,,,3.21240000e-008,-2.84000009e-001
,,,3.21280000e-008,-2.77406245e-001
,,,3.21320000e-008,-2.75812507e-001
,,,3.21360000e-008,-2.65625000e-001
,,,3.21400000e-008,-2.68000007e-001
,,,3.21440000e-008,-2.69906253e-001
,,,3.21480000e-008,-2.74093747e-001
,,,3.21520000e-008,-2.68000007e-001
,,,3.21560000e-008,-2.67062515e-001
,,,3.21600000e-008,-2.67593741e-001
,,,3.21640000e-008,-2.66406268e-001
,,,3.21680000e-008,-2.68375009e-001
,,,3.21720000e-008,-2.68000007e-001
,,,3.21760000e-008,-2.61124998e-001
,,,3.21800000e-008,-2.59999990e-001
,,,3.21840000e-008,-2.59999990e-001
,,,3.21880000e-008,-2.63249993e-001
,,,3.21920000e-008,-2.68000007e-001
,,,3.21960000e-008,-2.75624990e-001
,,,3.22000000e-008,-2.72687495e-001
,,,3.22040000e-008,-2.60312498e-001
,,,3.22080000e-008,-2.61999995e-001
,,,3.22120000e-008,-2.70281255e-001
,,,3.22160000e-008,-2.70562500e-001
,,,3.22200000e-008,-2.68843740e-001
,,,3.22240000e-008,-2.64843762e-001
,,,3.22280000e-008,-2.62093753e-001
,,,3.22320000e-008,-2.61999995e-001
,,,3.22360000e-008,-2.64562517e-001
,,,3.22400000e-008,-2.63375014e-001
,,,3.22440000e-008,-2.60468751e-001
,,,3.22480000e-008,-2.59999990e-001
,,,3.22520000e-008,-2.59999990e-001
,,,3.22560000e-008,-2.68843740e-001
,,,3.22600000e-008,-2.73000002e-001
,,,3.22640000e-008,-2.71718740e-001
,,,3.22680000e-008,-2.77531266e-001
,,,3.22720000e-008,-2.75999993e-001
,,,3.22760000e-008,-2.65500009e-001
,,,3.22800000e-008,-2.71593750e-001
,,,3.22840000e-008,-2.70187497e-001
,,,3.22880000e-008,-2.69968748e-001
,,,3.22920000e-008,-2.68000007e-001
,,,3.22960000e-008,-2.71125019e-001
,,,3.23000000e-008,-2.63093740e-001
,,,3.23040000e-008,-2.63406247e-001
,,,3.23080000e-008,-2.58781254e-001
,,,3.23120000e-008,-2.62531251e-001
,,,3.23160000e-008,-2.69125015e-001
,,,3.23200000e-008,-2.62750000e-001
,,,3.23240000e-008,-2.61937499e-001
,,,3.23280000e-008,-2.59999990e-001
,,,3.23320000e-008,-2.69250005e-001
,,,3.23360000e-008,-2.69125015e-001
,,,3.23400000e-008,-2.60875016e-001
,,,3.23440000e-008,-2.70343751e-001
,,,3.23480000e-008,-2.68000007e-001
,,,3.23520000e-008,-2.55062491e-001
,,,3.23560000e-008,-2.52937496e-001
,,,3.23600000e-008,-2.55531251e-001
,,,3.23640000e-008,-2.68000007e-001
,,,3.23680000e-008,-2.72249997e-001
,,,3.23720000e-008,-2.65031248e-001
,,,3.23760000e-008,-2.65656263e-001
,,,3.23800000e-008,-2.58406252e-001
,,,3.23840000e-008,-2.57781267e-001
,,,3.23880000e-008,-2.66750008e-001
,,,3.23920000e-008,-2.75812507e-001
,,,3.23960000e-008,-2.76812494e-001
,,,3.24000000e-008,-2.68687516e-001
,,,3.24040000e-008,-2.64031261e-001
,,,3.24080000e-008,-2.62937516e-001
,,,3.24120000e-008,-2.62937516e-001
,,,3.24160000e-008,-2.65625000e-001
,,,3.24200000e-008,-2.68906265e-001
,,,3.24240000e-008,-2.59999990e-001
,,,3.24280000e-008,-2.65687495e-001
,,,3.24320000e-008,-2.62468755e-001
,,,3.24360000e-008,-2.56312490e-001
,,,3.24400000e-008,-2.59999990e-001
,,,3.24440000e-008,-2.66656250e-001
,,,3.24480000e-008,-2.68000007e-001
,,,3.24520000e-008,-2.59656250e-001
,,,3.24560000e-008,-2.60374993e-001
,,,3.24600000e-008,-2.66874999e-001
,,,3.24640000e-008,-2.66437501e-001
,,,3.24680000e-008,-2.58249998e-001
,,,3.24720000e-008,-2.52000004e-001
,,,3.24760000e-008,-2.54781246e-001
,,,3.24800000e-008,-2.68000007e-001
,,,3.24840000e-008,-2.67343760e-001
,,,3.24880000e-008,-2.65500009e-001
,,,3.24920000e-008,-2.75999993e-001
,,,3.24960000e-008,-2.76500016e-001
,,,3.25000000e-008,-2.67812490e-001
,,,3.25040000e-008,-2.66312510e-001
,,,3.25080000e-008,-2.62406260e-001
,,,3.25120000e-008,-2.63249993e-001
,,,3.25160000e-008,-2.59812504e-001
,,,3.25200000e-008,-2.59999990e-001
,,,3.25240000e-008,-2.58625001e-001
,,,3.25280000e-008,-2.60281265e-001
,,,3.25320000e-008,-2.63281256e-001
,,,3.25360000e-008,-2.59750009e-001
,,,3.25400000e-008,-2.62468755e-001
,,,3.25440000e-008,-2.68000007e-001
,,,3.25480000e-008,-2.74125010e-001
,,,3.25520000e-008,-2.75999993e-001
,,,3.25560000e-008,-2.65843749e-001
,,,3.25600000e-008,-2.68093765e-001
,,,3.25640000e-008,-2.61406243e-001
,,,3.25680000e-008,-2.57687509e-001
,,,3.25720000e-008,-2.54593760e-001
,,,3.25760000e-008,-2.59000003e-001
,,,3.25800000e-008,-2.75999993e-001
,,,3.25840000e-008,-2.78031260e-001
,,,3.25880000e-008,-2.68000007e-001
,,,3.25920000e-008,-2.67125010e-001
,,,3.25960000e-008,-2.60749996e-001
,,,3.26000000e-008,-2.60531247e-001
,,,3.26040000e-008,-2.65625000e-001
,,,3.26080000e-008,-2.68000007e-001
,,,3.26120000e-008,-2.68031240e-001
,,,3.26160000e-008,-2.68000007e-001
,,,3.26200000e-008,-2.63624996e-001
,,,3.26240000e-008,-2.62843758e-001
,,,3.26280000e-008,-2.75999993e-001
,,,3.26320000e-008,-2.77593762e-001
,,,3.26360000e-008,-2.68437505e-001
,,,3.26400000e-008,-2.58468747e-001
,,,3.26440000e-008,-2.68000007e-001
,,,3.26480000e-008,-2.68781245e-001
,,,3.26520000e-008,-2.66062498e-001
,,,3.26560000e-008,-2.59999990e-001
,,,3.26600000e-008,-2.58781254e-001
,,,3.26640000e-008,-2.60374993e-001
,,,3.26680000e-008,-2.59999990e-001
,,,3.26720000e-008,-2.58406252e-001
,,,3.26760000e-008,-2.56812513e-001
,,,3.26800000e-008,-2.55093753e-001
,,,3.26840000e-008,-2.60625005e-001
,,,3.26880000e-008,-2.64031261e-001
,,,3.26920000e-008,-2.67562509e-001
,,,3.26960000e-008,-2.62750000e-001
,,,3.27000000e-008,-2.65343755e-001
,,,3.27040000e-008,-2.68000007e-001
,,,3.27080000e-008,-2.73187518e-001
,,,3.27120000e-008,-2.66343743e-001
,,,3.27160000e-008,-2.61281252e-001
,,,3.27200000e-008,-2.64499992e-001
,,,3.27240000e-008,-2.59562492e-001
,,,3.27280000e-008,-2.62562513e-001
,,,3.27320000e-008,-2.67093748e-001
,,,3.27360000e-008,-2.64156252e-001
,,,3.27400000e-008,-2.66218752e-001
,,,3.27440000e-008,-2.69749999e-001
,,,3.27480000e-008,-2.69812495e-001
,,,3.27520000e-008,-2.61000007e-001
,,,3.27560000e-008,-2.60749996e-001
,,,3.27600000e-008,-2.63093740e-001
,,,3.27640000e-008,-2.65687495e-001
,,,3.27680000e-008,-2.76187509e-001
,,,3.27720000e-008,-2.75999993e-001
,,,3.27760000e-008,-2.63781250e-001
,,,3.27800000e-008,-2.60531247e-001
,,,3.27840000e-008,-2.63187498e-001
,,,3.27880000e-008,-2.68000007e-001
,,,3.27920000e-008,-2.63437510e-001
,,,3.27960000e-008,-2.64250010e-001
,,,3.28000000e-008,-2.54406244e-001
,,,3.28040000e-008,-2.59937495e-001
,,,3.28080000e-008,-2.59937495e-001
,,,3.28120000e-008,-2.59750009e-001
,,,3.28160000e-008,-2.61156261e-001
,,,3.28200000e-008,-2.63999999e-001
,,,3.28240000e-008,-2.68156260e-001
,,,3.28280000e-008,-2.69468755e-001
,,,3.28320000e-008,-2.78406262e-001
,,,3.28360000e-008,-2.75999993e-001
,,,3.28400000e-008,-2.62062490e-001
,,,3.28440000e-008,-2.59999990e-001
,,,3.28480000e-008,-2.59999990e-001
,,,3.28520000e-008,-2.52031267e-001
,,,3.28560000e-008,-2.59999990e-001
,,,3.28600000e-008,-2.59531260e-001
,,,3.28640000e-008,-2.66937494e-001
,,,3.28680000e-008,-2.68968761e-001
,,,3.28720000e-008,-2.68000007e-001
,,,3.28760000e-008,-2.66062498e-001
,,,3.28800000e-008,-2.64874995e-001
,,,3.28840000e-008,-2.54437506e-001
,,,3.28880000e-008,-2.59999990e-001
,,,3.28920000e-008,-2.60781258e-001
,,,3.28960000e-008,-2.54656255e-001
,,,3.29000000e-008,-2.59843767e-001
,,,3.29040000e-008,-2.61218756e-001
,,,3.29080000e-008,-2.68000007e-001
,,,3.29120000e-008,-2.68000007e-001
,,,3.29160000e-008,-2.62937516e-001
,,,3.29200000e-008,-2.57093757e-001
,,,3.29240000e-008,-2.59999990e-001
,,,3.29280000e-008,-2.68000007e-001
,,,3.29320000e-008,-2.66656250e-001
,,,3.29360000e-008,-2.61593759e-001
,,,3.29400000e-008,-2.59999990e-001
,,,3.29440000e-008,-2.68624991e-001
,,,3.29480000e-008,-2.68000007e-001
,,,3.29520000e-008,-2.56968766e-001
,,,3.29560000e-008,-2.59999990e-001
,,,3.29600000e-008,-2.66250014e-001
,,,3.29640000e-008,-2.68000007e-001
,,,3.29680000e-008,-2.59875000e-001
,,,3.29720000e-008,-2.53125012e-001
,,,3.29760000e-008,-2.52250016e-001
,,,3.29800000e-008,-2.65249997e-001
,,,3.29840000e-008,-2.68000007e-001
,,,3.29880000e-008,-2.75999993e-001
,,,3.29920000e-008,-2.67968744e-001
,,,3.29960000e-008,-2.51593739e-001
,,,3.30000000e-008,-2.50843763e-001
,,,3.30040000e-008,-2.52593756e-001
,,,3.30080000e-008,-2.61375010e-001
,,,3.30120000e-008,-2.65125006e-001
,,,3.30160000e-008,-2.63156265e-001
,,,3.30200000e-008,-2.66156256e-001
,,,3.30240000e-008,-2.59999990e-001
,,,3.30280000e-008,-2.53437489e-001
,,,3.30320000e-008,-2.53937513e-001
,,,3.30360000e-008,-2.53218740e-001
,,,3.30400000e-008,-2.59843767e-001
,,,3.30440000e-008,-2.57499993e-001
,,,3.30480000e-008,-2.49781251e-001
,,,3.30520000e-008,-2.54937500e-001
,,,3.30560000e-008,-2.52000004e-001
,,,3.30600000e-008,-2.59499997e-001
,,,3.30640000e-008,-2.58749992e-001
,,,3.30680000e-008,-2.64218748e-001
,,,3.30720000e-008,-2.68124998e-001
,,,3.30760000e-008,-2.63562500e-001
,,,3.30800000e-008,-2.52031267e-001
,,,3.30840000e-008,-2.57312506e-001
,,,3.30880000e-008,-2.57625014e-001
,,,3.30920000e-008,-2.52000004e-001
,,,3.30960000e-008,-2.68093765e-001
,,,3.31000000e-008,-2.82562494e-001
,,,3.31040000e-008,-2.84000009e-001
,,,3.31080000e-008,-2.70906240e-001
,,,3.31120000e-008,-2.55593747e-001
,,,3.31160000e-008,-2.59437501e-001
,,,3.31200000e-008,-2.59999990e-001
,,,3.31240000e-008,-2.52812505e-001
,,,3.31280000e-008,-2.58593768e-001
,,,3.31320000e-008,-2.59999990e-001
,,,3.31360000e-008,-2.55906254e-001
,,,3.31400000e-008,-2.49875009e-001
,,,3.31440000e-008,-2.52625018e-001
,,,3.31480000e-008,-2.52781242e-001
,,,3.31520000e-008,-2.60343760e-001
,,,3.31560000e-008,-2.63468742e-001
,,,3.31600000e-008,-2.65718758e-001
,,,3.31640000e-008,-2.59999990e-001
,,,3.31680000e-008,-2.59999990e-001
,,,3.31720000e-008,-2.63125002e-001
,,,3.31760000e-008,-2.56656259e-001
,,,3.31800000e-008,-2.52000004e-001
,,,3.31840000e-008,-2.57093757e-001
,,,3.31880000e-008,-2.55968750e-001
,,,3.31920000e-008,-2.53343761e-001
,,,3.31960000e-008,-2.56218761e-001
,,,3.32000000e-008,-2.52250016e-001
,,,3.32040000e-008,-2.58343756e-001
,,,3.32080000e-008,-2.59999990e-001
,,,3.32120000e-008,-2.55281240e-001
,,,3.32160000e-008,-2.60281265e-001
,,,3.32200000e-008,-2.70843744e-001
,,,3.32240000e-008,-2.75500000e-001
,,,3.32280000e-008,-2.68000007e-001
,,,3.32320000e-008,-2.59999990e-001
,,,3.32360000e-008,-2.61812508e-001
,,,3.32400000e-008,-2.64968753e-001
,,,3.32440000e-008,-2.57062495e-001
,,,3.32480000e-008,-2.52000004e-001
,,,3.32520000e-008,-2.52000004e-001
,,,3.32560000e-008,-2.57781267e-001
,,,3.32600000e-008,-2.59999990e-001
,,,3.32640000e-008,-2.60749996e-001
,,,3.32680000e-008,-2.56593764e-001
,,,3.32720000e-008,-2.56562501e-001
,,,3.32760000e-008,-2.55937517e-001
,,,3.32800000e-008,-2.59999990e-001
,,,3.32840000e-008,-2.54312515e-001
,,,3.32880000e-008,-2.52000004e-001
,,,3.32920000e-008,-2.52000004e-001
,,,3.32960000e-008,-2.51374990e-001
,,,3.33000000e-008,-2.47093752e-001
,,,3.33040000e-008,-2.52000004e-001
,,,3.33080000e-008,-2.50031263e-001
,,,3.33120000e-008,-2.49031261e-001
,,,3.33160000e-008,-2.54906267e-001
,,,3.33200000e-008,-2.53281265e-001
,,,3.33240000e-008,-2.59999990e-001
,,,3.33280000e-008,-2.61124998e-001
,,,3.33320000e-008,-2.54281253e-001
,,,3.33360000e-008,-2.52000004e-001
,,,3.33400000e-008,-2.56187499e-001
,,,3.33440000e-008,-2.59437501e-001
,,,3.33480000e-008,-2.68000007e-001
,,,3.33520000e-008,-2.63812512e-001
,,,3.33560000e-008,-2.55718768e-001
,,,3.33600000e-008,-2.54718751e-001
,,,3.33640000e-008,-2.50281245e-001
,,,3.33680000e-008,-2.50937492e-001
,,,3.33720000e-008,-2.60250002e-001
,,,3.33760000e-008,-2.64968753e-001
,,,3.33800000e-008,-2.59999990e-001
,,,3.33840000e-008,-2.54437506e-001
,,,3.33880000e-008,-2.53843755e-001
,,,3.33920000e-008,-2.59999990e-001
,,,3.33960000e-008,-2.56937504e-001
,,,3.34000000e-008,-2.52218753e-001
,,,3.34040000e-008,-2.68000007e-001
,,,3.34080000e-008,-2.75999993e-001
,,,3.34120000e-008,-2.71843761e-001
,,,3.34160000e-008,-2.57218748e-001
,,,3.34200000e-008,-2.51187503e-001
,,,3.34240000e-008,-2.51156241e-001
,,,3.34280000e-008,-2.50375003e-001
,,,3.34320000e-008,-2.51406252e-001
,,,3.34360000e-008,-2.56249994e-001
,,,3.34400000e-008,-2.59999990e-001
,,,3.34440000e-008,-2.52999991e-001
,,,3.34480000e-008,-2.52000004e-001
,,,3.34520000e-008,-2.51249999e-001
,,,3.34560000e-008,-2.68656254e-001
,,,3.34600000e-008,-2.75156260e-001
,,,3.34640000e-008,-2.68000007e-001
,,,3.34680000e-008,-2.47062504e-001
,,,3.34720000e-008,-2.44218752e-001
,,,3.34760000e-008,-2.46437505e-001
,,,3.34800000e-008,-2.48812497e-001
,,,3.34840000e-008,-2.56406248e-001
,,,3.34880000e-008,-2.59999990e-001
,,,3.34920000e-008,-2.62812495e-001
,,,3.34960000e-008,-2.61656255e-001
,,,3.35000000e-008,-2.68000007e-001
,,,3.35040000e-008,-2.63906240e-001
,,,3.35080000e-008,-2.51187503e-001
,,,3.35120000e-008,-2.52000004e-001
,,,3.35160000e-008,-2.50531256e-001
,,,3.35200000e-008,-2.53812492e-001
,,,3.35240000e-008,-2.54656255e-001
,,,3.35280000e-008,-2.53343761e-001
,,,3.35320000e-008,-2.56562501e-001
,,,3.35360000e-008,-2.53812492e-001
,,,3.35400000e-008,-2.59999990e-001
,,,3.35440000e-008,-2.55468756e-001
,,,3.35480000e-008,-2.52000004e-001
,,,3.35520000e-008,-2.44000003e-001
,,,3.35560000e-008,-2.41843760e-001
,,,3.35600000e-008,-2.46968746e-001
,,,3.35640000e-008,-2.50874996e-001
,,,3.35680000e-008,-2.52218753e-001
,,,3.35720000e-008,-2.52000004e-001
,,,3.35760000e-008,-2.55531251e-001
,,,3.35800000e-008,-2.52937496e-001
,,,3.35840000e-008,-2.59999990e-001
,,,3.35880000e-008,-2.59999990e-001
,,,3.35920000e-008,-2.61937499e-001
,,,3.35960000e-008,-2.62125015e-001
,,,3.36000000e-008,-2.53374994e-001
,,,3.36040000e-008,-2.56624997e-001
,,,3.36080000e-008,-2.59999990e-001
,,,3.36120000e-008,-2.49687508e-001
,,,3.36160000e-008,-2.45218754e-001
,,,3.36200000e-008,-2.49687508e-001
,,,3.36240000e-008,-2.55906254e-001
,,,3.36280000e-008,-2.54906267e-001
,,,3.36320000e-008,-2.54156262e-001
,,,3.36360000e-008,-2.49906257e-001
,,,3.36400000e-008,-2.51843750e-001
,,,3.36440000e-008,-2.53156245e-001
,,,3.36480000e-008,-2.52718747e-001
,,,3.36520000e-008,-2.46375009e-001
,,,3.36560000e-008,-2.43874997e-001
,,,3.36600000e-008,-2.54968762e-001
,,,3.36640000e-008,-2.59999990e-001
,,,3.36680000e-008,-2.53437489e-001
,,,3.36720000e-008,-2.45531261e-001
,,,3.36760000e-008,-2.47875005e-001
,,,3.36800000e-008,-2.52000004e-001
,,,3.36840000e-008,-2.49406248e-001
,,,3.36880000e-008,-2.48374999e-001
,,,3.36920000e-008,-2.49375001e-001
,,,3.36960000e-008,-2.60343760e-001
,,,3.37000000e-008,-2.68000007e-001
,,,3.37040000e-008,-2.63187498e-001
,,,3.37080000e-008,-2.52000004e-001
,,,3.37120000e-008,-2.46156260e-001
,,,3.37160000e-008,-2.53281265e-001
,,,3.37200000e-008,-2.52000004e-001
,,,3.37240000e-008,-2.52000004e-001
,,,3.37280000e-008,-2.50062495e-001
,,,3.37320000e-008,-2.48718753e-001
,,,3.37360000e-008,-2.46062502e-001
,,,3.37400000e-008,-2.53187507e-001
,,,3.37440000e-008,-2.59999990e-001
,,,3.37480000e-008,-2.59656250e-001
,,,3.37520000e-008,-2.64062494e-001
,,,3.37560000e-008,-2.57281244e-001
,,,3.37600000e-008,-2.62374997e-001
,,,3.37640000e-008,-2.62593746e-001
,,,3.37680000e-008,-2.54750013e-001
,,,3.37720000e-008,-2.52000004e-001
,,,3.37760000e-008,-2.47374997e-001
,,,3.37800000e-008,-2.44000003e-001
,,,3.37840000e-008,-2.41781250e-001
,,,3.37880000e-008,-2.51312494e-001
,,,3.37920000e-008,-2.56468743e-001
,,,3.37960000e-008,-2.59000003e-001
,,,3.38000000e-008,-2.52000004e-001
,,,3.38040000e-008,-2.49750003e-001
,,,3.38080000e-008,-2.52000004e-001
,,,3.38120000e-008,-2.45468751e-001
,,,3.38160000e-008,-2.49406248e-001
,,,3.38200000e-008,-2.51218766e-001
,,,3.38240000e-008,-2.44000003e-001
,,,3.38280000e-008,-2.44000003e-001
,,,3.38320000e-008,-2.47250006e-001
,,,3.38360000e-008,-2.52218753e-001
,,,3.38400000e-008,-2.49968752e-001
,,,3.38440000e-008,-2.47437507e-001
,,,3.38480000e-008,-2.51500010e-001
,,,3.38520000e-008,-2.47531250e-001
,,,3.38560000e-008,-2.46843755e-001
,,,3.38600000e-008,-2.52000004e-001
,,,3.38640000e-008,-2.54093766e-001
,,,3.38680000e-008,-2.52000004e-001
,,,3.38720000e-008,-2.47343749e-001
,,,3.38760000e-008,-2.45187506e-001
,,,3.38800000e-008,-2.52000004e-001
,,,3.38840000e-008,-2.53125012e-001
,,,3.38880000e-008,-2.55187511e-001
,,,3.38920000e-008,-2.50968754e-001
,,,3.38960000e-008,-2.43874997e-001
,,,3.39000000e-008,-2.52000004e-001
,,,3.39040000e-008,-2.53031254e-001
,,,3.39080000e-008,-2.46968746e-001
,,,3.39120000e-008,-2.46312499e-001
,,,3.39160000e-008,-2.49843746e-001
,,,3.39200000e-008,-2.52000004e-001
,,,3.39240000e-008,-2.49375001e-001
,,,3.39280000e-008,-2.54593760e-001
,,,3.39320000e-008,-2.57031262e-001
,,,3.39360000e-008,-2.58593768e-001
,,,3.39400000e-008,-2.52000004e-001
,,,3.39440000e-008,-2.46062502e-001
,,,3.39480000e-008,-2.51125008e-001
,,,3.39520000e-008,-2.52000004e-001
,,,3.39560000e-008,-2.43906260e-001
,,,3.39600000e-008,-2.53781259e-001
,,,3.39640000e-008,-2.56750017e-001
,,,3.39680000e-008,-2.52000004e-001
,,,3.39720000e-008,-2.56687492e-001
,,,3.39760000e-008,-2.49187499e-001
,,,3.39800000e-008,-2.39187509e-001
,,,3.39840000e-008,-2.39812508e-001
,,,3.39880000e-008,-2.44000003e-001
,,,3.39920000e-008,-2.52000004e-001
,,,3.39960000e-008,-2.50968754e-001
,,,3.40000000e-008,-2.45531261e-001
,,,3.40040000e-008,-2.52000004e-001
,,,3.40080000e-008,-2.52000004e-001
,,,3.40120000e-008,-2.51468748e-001
,,,3.40160000e-008,-2.42031246e-001
,,,3.40200000e-008,-2.44000003e-001
,,,3.40240000e-008,-2.41906255e-001
,,,3.40280000e-008,-2.43093759e-001
,,,3.40320000e-008,-2.48687506e-001
,,,3.40360000e-008,-2.48937503e-001
,,,3.40400000e-008,-2.49750003e-001
,,,3.40440000e-008,-2.52000004e-001
,,,3.40480000e-008,-2.51687497e-001
,,,3.40520000e-008,-2.52000004e-001
,,,3.40560000e-008,-2.59531260e-001
,,,3.40600000e-008,-2.54218757e-001
,,,3.40640000e-008,-2.49937505e-001
,,,3.40680000e-008,-2.44843751e-001
,,,3.40720000e-008,-2.44687498e-001
,,,3.40760000e-008,-2.48093754e-001
,,,3.40800000e-008,-2.46031255e-001
,,,3.40840000e-008,-2.44000003e-001
,,,3.40880000e-008,-2.51656264e-001
,,,3.40920000e-008,-2.60656267e-001
,,,3.40960000e-008,-2.61093765e-001
,,,3.41000000e-008,-2.55750000e-001
,,,3.41040000e-008,-2.52000004e-001
,,,3.41080000e-008,-2.54156262e-001
,,,3.41120000e-008,-2.52000004e-001
,,,3.41160000e-008,-2.48843759e-001
,,,3.41200000e-008,-2.46312499e-001
,,,3.41240000e-008,-2.44187504e-001
,,,3.41280000e-008,-2.52000004e-001
,,,3.41320000e-008,-2.52250016e-001
,,,3.41360000e-008,-2.45562509e-001
,,,3.41400000e-008,-2.44000003e-001
,,,3.41440000e-008,-2.39187509e-001
,,,3.41480000e-008,-2.43625000e-001
,,,3.41520000e-008,-2.53500015e-001
,,,3.41560000e-008,-2.52000004e-001
,,,3.41600000e-008,-2.52000004e-001
,,,3.41640000e-008,-2.56531268e-001
,,,3.41680000e-008,-2.59999990e-001
,,,3.41720000e-008,-2.52562493e-001
,,,3.41760000e-008,-2.41906255e-001
,,,3.41800000e-008,-2.41937503e-001
,,,3.41840000e-008,-2.43625000e-001
,,,3.41880000e-008,-2.44000003e-001
,,,3.41920000e-008,-2.43468747e-001
,,,3.41960000e-008,-2.43312508e-001
,,,3.42000000e-008,-2.43249997e-001
,,,3.42040000e-008,-2.44000003e-001
,,,3.42080000e-008,-2.48718753e-001
,,,3.42120000e-008,-2.46406257e-001
,,,3.42160000e-008,-2.46500000e-001
,,,3.42200000e-008,-2.44000003e-001
,,,3.42240000e-008,-2.39281252e-001
,,,3.42280000e-008,-2.43000001e-001
,,,3.42320000e-008,-2.45437503e-001
,,,3.42360000e-008,-2.49437511e-001
,,,3.42400000e-008,-2.44000003e-001
,,,3.42440000e-008,-2.44000003e-001
,,,3.42480000e-008,-2.46500000e-001
,,,3.42520000e-008,-2.52843767e-001
,,,3.42560000e-008,-2.49500006e-001
,,,3.42600000e-008,-2.44000003e-001
,,,3.42640000e-008,-2.47500002e-001
,,,3.42680000e-008,-2.42218748e-001
,,,3.42720000e-008,-2.39843756e-001
,,,3.42760000e-008,-2.41093755e-001
,,,3.42800000e-008,-2.40281254e-001
,,,3.42840000e-008,-2.48250008e-001
,,,3.42880000e-008,-2.47000009e-001
,,,3.42920000e-008,-2.38968760e-001
,,,3.42960000e-008,-2.54062504e-001
,,,3.43000000e-008,-2.59999990e-001
,,,3.43040000e-008,-2.54531264e-001
,,,3.43080000e-008,-2.39843756e-001
,,,3.43120000e-008,-2.36000001e-001
,,,3.43160000e-008,-2.41468757e-001
,,,3.43200000e-008,-2.46843755e-001
,,,3.43240000e-008,-2.45406255e-001
,,,3.43280000e-008,-2.41406247e-001
,,,3.43320000e-008,-2.45781258e-001
,,,3.43360000e-008,-2.44187504e-001
,,,3.43400000e-008,-2.39687502e-001
,,,3.43440000e-008,-2.35656247e-001
,,,3.43480000e-008,-2.37718746e-001
,,,3.43520000e-008,-2.38687500e-001
,,,3.43560000e-008,-2.34500006e-001
,,,3.43600000e-008,-2.40937501e-001
,,,3.43640000e-008,-2.46656254e-001
,,,3.43680000e-008,-2.48374999e-001
,,,3.43720000e-008,-2.41593748e-001
,,,3.43760000e-008,-2.41750002e-001
,,,3.43800000e-008,-2.43125007e-001
,,,3.43840000e-008,-2.44000003e-001
,,,3.43880000e-008,-2.46531248e-001
,,,3.43920000e-008,-2.42156252e-001
,,,3.43960000e-008,-2.41500005e-001
,,,3.44000000e-008,-2.44000003e-001
,,,3.44040000e-008,-2.48468757e-001
,,,3.44080000e-008,-2.45281249e-001
,,,3.44120000e-008,-2.44000003e-001
,,,3.44160000e-008,-2.41281256e-001
,,,3.44200000e-008,-2.43750006e-001
,,,3.44240000e-008,-2.46124998e-001
,,,3.44280000e-008,-2.52000004e-001
,,,3.44320000e-008,-2.49312505e-001
,,,3.44360000e-008,-2.44593754e-001
,,,3.44400000e-008,-2.44000003e-001
,,,3.44440000e-008,-2.40281254e-001
,,,3.44480000e-008,-2.34750003e-001
,,,3.44520000e-008,-2.44000003e-001
,,,3.44560000e-008,-2.44156256e-001
,,,3.44600000e-008,-2.41781250e-001
,,,3.44640000e-008,-2.41562501e-001
,,,3.44680000e-008,-2.44499996e-001
,,,3.44720000e-008,-2.40437508e-001
,,,3.44760000e-008,-2.37750009e-001
,,,3.44800000e-008,-2.40625009e-001
,,,3.44840000e-008,-2.38625005e-001
,,,3.44880000e-008,-2.37875000e-001
,,,3.44920000e-008,-2.44000003e-001
,,,3.44960000e-008,-2.45000005e-001
,,,3.45000000e-008,-2.44312510e-001
,,,3.45040000e-008,-2.41312504e-001
,,,3.45080000e-008,-2.45687500e-001
,,,3.45120000e-008,-2.46875003e-001
,,,3.45160000e-008,-2.40000010e-001
,,,3.45200000e-008,-2.38281250e-001
,,,3.45240000e-008,-2.45156258e-001
,,,3.45280000e-008,-2.44000003e-001
,,,3.45320000e-008,-2.36000001e-001
,,,3.45360000e-008,-2.36406252e-001
,,,3.45400000e-008,-2.36406252e-001
,,,3.45440000e-008,-2.49437511e-001
,,,3.45480000e-008,-2.52000004e-001
,,,3.45520000e-008,-2.59999990e-001
,,,3.45560000e-008,-2.63406247e-001
,,,3.45600000e-008,-2.53656268e-001
,,,3.45640000e-008,-2.52000004e-001
,,,3.45680000e-008,-2.47156247e-001
,,,3.45720000e-008,-2.39187509e-001
,,,3.45760000e-008,-2.38156259e-001
,,,3.45800000e-008,-2.39312500e-001
,,,3.45840000e-008,-2.44000003e-001
,,,3.45880000e-008,-2.40406260e-001
,,,3.45920000e-008,-2.43968755e-001
,,,3.45960000e-008,-2.44000003e-001
,,,3.46000000e-008,-2.35437497e-001
,,,3.46040000e-008,-2.40937501e-001
,,,3.46080000e-008,-2.51249999e-001
,,,3.46120000e-008,-2.52000004e-001
,,,3.46160000e-008,-2.42312506e-001
,,,3.46200000e-008,-2.44000003e-001
,,,3.46240000e-008,-2.38718748e-001
,,,3.46280000e-008,-2.42718756e-001
,,,3.46320000e-008,-2.48125002e-001
,,,3.46360000e-008,-2.48687506e-001
,,,3.46400000e-008,-2.53875017e-001
,,,3.46440000e-008,-2.50406265e-001
,,,3.46480000e-008,-2.38531247e-001
,,,3.46520000e-008,-2.28000000e-001
,,,3.46560000e-008,-2.36437500e-001
,,,3.46600000e-008,-2.38687500e-001
,,,3.46640000e-008,-2.36000001e-001
,,,3.46680000e-008,-2.47031257e-001
,,,3.46720000e-008,-2.47125000e-001
,,,3.46760000e-008,-2.39843756e-001
,,,3.46800000e-008,-2.62093753e-001
,,,3.46840000e-008,-2.75999993e-001
,,,3.46880000e-008,-2.70843744e-001
,,,3.46920000e-008,-2.53937513e-001
,,,3.46960000e-008,-2.54593760e-001
,,,3.47000000e-008,-2.44000003e-001
,,,3.47040000e-008,-2.36343756e-001
,,,3.47080000e-008,-2.52000004e-001
,,,3.47120000e-008,-2.56875008e-001
,,,3.47160000e-008,-2.49531254e-001
,,,3.47200000e-008,-2.39843756e-001
,,,3.47240000e-008,-2.38218755e-001
,,,3.47280000e-008,-2.38499999e-001
,,,3.47320000e-008,-2.36000001e-001
,,,3.47360000e-008,-2.45656252e-001
,,,3.47400000e-008,-2.51968741e-001
,,,3.47440000e-008,-2.48718753e-001
,,,3.47480000e-008,-2.36249998e-001
,,,3.47520000e-008,-2.36000001e-001
,,,3.47560000e-008,-2.37875000e-001
,,,3.47600000e-008,-2.45000005e-001
,,,3.47640000e-008,-2.52000004e-001
,,,3.47680000e-008,-2.54781246e-001
,,,3.47720000e-008,-2.51531243e-001
,,,3.47760000e-008,-2.38937497e-001
,,,3.47800000e-008,-2.29062498e-001
,,,3.47840000e-008,-2.41125003e-001
,,,3.47880000e-008,-2.52000004e-001
,,,3.47920000e-008,-2.49406248e-001
,,,3.47960000e-008,-2.36000001e-001
,,,3.48000000e-008,-2.36000001e-001
,,,3.48040000e-008,-2.46406257e-001
,,,3.48080000e-008,-2.47937500e-001
,,,3.48120000e-008,-2.39843756e-001
,,,3.48160000e-008,-2.43312508e-001
,,,3.48200000e-008,-2.48031259e-001
,,,3.48240000e-008,-2.52000004e-001
,,,3.48280000e-008,-2.41374999e-001
,,,3.48320000e-008,-2.36937508e-001
,,,3.48360000e-008,-2.40500003e-001
,,,3.48400000e-008,-2.37250000e-001
,,,3.48440000e-008,-2.36000001e-001
,,,3.48480000e-008,-2.42562503e-001
,,,3.48520000e-008,-2.41687506e-001
,,,3.48560000e-008,-2.57562518e-001
,,,3.48600000e-008,-2.59999990e-001
,,,3.48640000e-008,-2.47437507e-001
,,,3.48680000e-008,-2.31000006e-001
,,,3.48720000e-008,-2.39749998e-001
,,,3.48760000e-008,-2.52093762e-001
,,,3.48800000e-008,-2.53812492e-001
,,,3.48840000e-008,-2.44000003e-001
,,,3.48880000e-008,-2.42906258e-001
,,,3.48920000e-008,-2.44000003e-001
,,,3.48960000e-008,-2.37093747e-001
,,,3.49000000e-008,-2.40187511e-001
,,,3.49040000e-008,-2.49281257e-001
,,,3.49080000e-008,-2.52000004e-001
,,,3.49120000e-008,-2.43531257e-001
,,,3.49160000e-008,-2.37000003e-001
,,,3.49200000e-008,-2.44000003e-001
,,,3.49240000e-008,-2.43468747e-001
,,,3.49280000e-008,-2.44000003e-001
,,,3.49320000e-008,-2.35781252e-001
,,,3.49360000e-008,-2.30531260e-001
,,,3.49400000e-008,-2.36000001e-001
,,,3.49440000e-008,-2.36000001e-001
,,,3.49480000e-008,-2.29031250e-001
,,,3.49520000e-008,-2.38625005e-001
,,,3.49560000e-008,-2.38906249e-001
,,,3.49600000e-008,-2.38250002e-001
,,,3.49640000e-008,-2.34937504e-001
,,,3.49680000e-008,-2.36000001e-001
,,,3.49720000e-008,-2.44000003e-001
,,,3.49760000e-008,-2.43062496e-001
,,,3.49800000e-008,-2.38218755e-001
,,,3.49840000e-008,-2.33531252e-001
,,,3.49880000e-008,-2.33062506e-001
,,,3.49920000e-008,-2.44000003e-001
,,,3.49960000e-008,-2.44468749e-001
,,,3.50000000e-008,-2.36000001e-001
,,,3.50040000e-008,-2.36000001e-001
,,,3.50080000e-008,-2.42843747e-001
,,,3.50120000e-008,-2.36968756e-001
,,,3.50160000e-008,-2.40718752e-001
,,,3.50200000e-008,-2.52000004e-001
,,,3.50240000e-008,-2.51906246e-001
,,,3.50280000e-008,-2.38812506e-001
,,,3.50320000e-008,-2.26406246e-001
,,,3.50360000e-008,-2.39656255e-001
,,,3.50400000e-008,-2.44000003e-001
,,,3.50440000e-008,-2.37468749e-001
,,,3.50480000e-008,-2.39281252e-001
,,,3.50520000e-008,-2.41875008e-001
,,,3.50560000e-008,-2.35218748e-001
,,,3.50600000e-008,-2.34468758e-001
,,,3.50640000e-008,-2.39437506e-001
,,,3.50680000e-008,-2.40781248e-001
,,,3.50720000e-008,-2.43687510e-001
,,,3.50760000e-008,-2.36000001e-001
,,,3.50800000e-008,-2.36000001e-001
,,,3.50840000e-008,-2.35375002e-001
,,,3.50880000e-008,-2.32374996e-001
,,,3.50920000e-008,-2.36000001e-001
,,,3.50960000e-008,-2.32062504e-001
,,,3.51000000e-008,-2.21312508e-001
,,,3.51040000e-008,-2.25781247e-001
,,,3.51080000e-008,-2.36000001e-001
,,,3.51120000e-008,-2.44218752e-001
,,,3.51160000e-008,-2.39062503e-001
,,,3.51200000e-008,-2.36000001e-001
,,,3.51240000e-008,-2.39749998e-001
,,,3.51280000e-008,-2.36906260e-001
,,,3.51320000e-008,-2.37812504e-001
,,,3.51360000e-008,-2.38968760e-001
,,,3.51400000e-008,-2.38468751e-001
,,,3.51440000e-008,-2.39468753e-001
,,,3.51480000e-008,-2.28000000e-001
,,,3.51520000e-008,-2.29781255e-001
,,,3.51560000e-008,-2.33062506e-001
,,,3.51600000e-008,-2.37437502e-001
,,,3.51640000e-008,-2.46156260e-001
,,,3.51680000e-008,-2.44000003e-001
,,,3.51720000e-008,-2.36000001e-001
,,,3.51760000e-008,-2.33843759e-001
,,,3.51800000e-008,-2.28000000e-001
,,,3.51840000e-008,-2.30250001e-001
,,,3.51880000e-008,-2.44000003e-001
,,,3.51920000e-008,-2.47437507e-001
,,,3.51960000e-008,-2.35500008e-001
,,,3.52000000e-008,-2.32218757e-001
,,,3.52040000e-008,-2.31531247e-001
,,,3.52080000e-008,-2.30656251e-001
,,,3.52120000e-008,-2.36000001e-001
,,,3.52160000e-008,-2.36281261e-001
,,,3.52200000e-008,-2.28000000e-001
,,,3.52240000e-008,-2.31343746e-001
,,,3.52280000e-008,-2.36000001e-001
,,,3.52320000e-008,-2.36000001e-001
,,,3.52360000e-008,-2.39000008e-001
,,,3.52400000e-008,-2.30750009e-001
,,,3.52440000e-008,-2.36000001e-001
,,,3.52480000e-008,-2.30187505e-001
,,,3.52520000e-008,-2.28156254e-001
,,,3.52560000e-008,-2.36750007e-001
,,,3.52600000e-008,-2.36531258e-001
,,,3.52640000e-008,-2.28000000e-001
,,,3.52680000e-008,-2.25437507e-001
,,,3.52720000e-008,-2.21125007e-001
,,,3.52760000e-008,-2.24968746e-001
,,,3.52800000e-008,-2.32749999e-001
,,,3.52840000e-008,-2.33500004e-001
,,,3.52880000e-008,-2.32656255e-001
,,,3.52920000e-008,-2.38093749e-001
,,,3.52960000e-008,-2.33093753e-001
,,,3.53000000e-008,-2.28000000e-001
,,,3.53040000e-008,-2.20250010e-001
,,,3.53080000e-008,-2.26343751e-001
,,,3.53120000e-008,-2.28000000e-001
,,,3.53160000e-008,-2.24656254e-001
,,,3.53200000e-008,-2.22843751e-001
,,,3.53240000e-008,-2.29781255e-001
,,,3.53280000e-008,-2.31656253e-001
,,,3.53320000e-008,-2.28406250e-001
,,,3.53360000e-008,-2.26562500e-001
,,,3.53400000e-008,-2.29156256e-001
,,,3.53440000e-008,-2.36593753e-001
,,,3.53480000e-008,-2.36000001e-001
,,,3.53520000e-008,-2.31156260e-001
,,,3.53560000e-008,-2.32906252e-001
,,,3.53600000e-008,-2.31124997e-001
,,,3.53640000e-008,-2.28000000e-001
,,,3.53680000e-008,-2.30468750e-001
,,,3.53720000e-008,-2.30625004e-001
,,,3.53760000e-008,-2.28812501e-001
,,,3.53800000e-008,-2.29781255e-001
,,,3.53840000e-008,-2.30468750e-001
,,,3.53880000e-008,-2.31312498e-001
,,,3.53920000e-008,-2.35249996e-001
,,,3.53960000e-008,-2.31281251e-001
,,,3.54000000e-008,-2.35218748e-001
,,,3.54040000e-008,-2.36968756e-001
,,,3.54080000e-008,-2.28000000e-001
,,,3.54120000e-008,-2.28000000e-001
,,,3.54160000e-008,-2.28000000e-001
,,,3.54200000e-008,-2.36125007e-001
,,,3.54240000e-008,-2.36000001e-001
,,,3.54280000e-008,-2.35531256e-001
,,,3.54320000e-008,-2.36000001e-001
,,,3.54360000e-008,-2.39718750e-001
,,,3.54400000e-008,-2.48875007e-001
,,,3.54440000e-008,-2.46375009e-001
,,,3.54480000e-008,-2.33312503e-001
,,,3.54520000e-008,-2.22093746e-001
,,,3.54560000e-008,-2.19562501e-001
,,,3.54600000e-008,-2.24500000e-001
,,,3.54640000e-008,-2.26031259e-001
,,,3.54680000e-008,-2.22125009e-001
,,,3.54720000e-008,-2.32875004e-001
,,,3.54760000e-008,-2.35312507e-001
,,,3.54800000e-008,-2.28218749e-001
,,,3.54840000e-008,-2.40218759e-001
,,,3.54880000e-008,-2.40937501e-001
,,,3.54920000e-008,-2.30562508e-001
,,,3.54960000e-008,-2.24156260e-001
,,,3.55000000e-008,-2.30499998e-001
,,,3.55040000e-008,-2.34781250e-001
,,,3.55080000e-008,-2.28000000e-001
,,,3.55120000e-008,-2.38937497e-001
,,,3.55160000e-008,-2.42468759e-001
,,,3.55200000e-008,-2.35687509e-001
,,,3.55240000e-008,-2.37499997e-001
,,,3.55280000e-008,-2.32531250e-001
,,,3.55320000e-008,-2.20781252e-001
,,,3.55360000e-008,-2.28750005e-001
,,,3.55400000e-008,-2.28000000e-001
,,,3.55440000e-008,-2.19999999e-001
,,,3.55480000e-008,-2.24749997e-001
,,,3.55520000e-008,-2.28000000e-001
,,,3.55560000e-008,-2.30499998e-001
,,,3.55600000e-008,-2.30343759e-001
,,,3.55640000e-008,-2.28000000e-001
,,,3.55680000e-008,-2.33093753e-001
,,,3.55720000e-008,-2.36000001e-001
,,,3.55760000e-008,-2.26531252e-001
,,,3.55800000e-008,-2.26625010e-001
,,,3.55840000e-008,-2.26562500e-001
,,,3.55880000e-008,-2.33000010e-001
,,,3.55920000e-008,-2.40062505e-001
,,,3.55960000e-008,-2.36000001e-001
,,,3.56000000e-008,-2.21093759e-001
,,,3.56040000e-008,-2.20031247e-001
,,,3.56080000e-008,-2.28000000e-001
,,,3.56120000e-008,-2.28093758e-001
,,,3.56160000e-008,-2.28000000e-001
,,,3.56200000e-008,-2.19999999e-001
,,,3.56240000e-008,-2.32218757e-001
,,,3.56280000e-008,-2.35062510e-001
,,,3.56320000e-008,-2.28625000e-001
,,,3.56360000e-008,-2.23625004e-001
,,,3.56400000e-008,-2.28000000e-001
,,,3.56440000e-008,-2.22874999e-001
,,,3.56480000e-008,-2.26062506e-001
,,,3.56520000e-008,-2.25749999e-001
,,,3.56560000e-008,-2.28125006e-001
,,,3.56600000e-008,-2.24781260e-001
,,,3.56640000e-008,-2.30375007e-001
,,,3.56680000e-008,-2.28656247e-001
,,,3.56720000e-008,-2.20031247e-001
,,,3.56760000e-008,-2.18718752e-001
,,,3.56800000e-008,-2.20062509e-001
,,,3.56840000e-008,-2.23906249e-001
,,,3.56880000e-008,-2.21093759e-001
,,,3.56920000e-008,-2.19999999e-001
,,,3.56960000e-008,-2.21687511e-001
,,,3.57000000e-008,-2.29375005e-001
,,,3.57040000e-008,-2.28750005e-001
,,,3.57080000e-008,-2.26500005e-001
,,,3.57120000e-008,-2.19999999e-001
,,,3.57160000e-008,-2.19999999e-001
,,,3.57200000e-008,-2.23499998e-001
,,,3.57240000e-008,-2.28000000e-001
,,,3.57280000e-008,-2.23437503e-001
,,,3.57320000e-008,-2.19656259e-001
,,,3.57360000e-008,-2.23406255e-001
,,,3.57400000e-008,-2.21625000e-001
,,,3.57440000e-008,-2.28000000e-001
,,,3.57480000e-008,-2.33562499e-001
,,,3.57520000e-008,-2.41937503e-001
,,,3.57560000e-008,-2.37312511e-001
,,,3.57600000e-008,-2.28750005e-001
,,,3.57640000e-008,-2.24218756e-001
,,,3.57680000e-008,-2.28656247e-001
,,,3.57720000e-008,-2.19999999e-001
,,,3.57760000e-008,-2.17000008e-001
,,,3.57800000e-008,-2.23281249e-001
,,,3.57840000e-008,-2.21625000e-001
,,,3.57880000e-008,-2.20687509e-001
,,,3.57920000e-008,-2.21937507e-001
,,,3.57960000e-008,-2.31875002e-001
,,,3.58000000e-008,-2.31218755e-001
,,,3.58040000e-008,-2.19999999e-001
,,,3.58080000e-008,-2.26437509e-001
,,,3.58120000e-008,-2.28500009e-001
,,,3.58160000e-008,-2.17718750e-001
,,,3.58200000e-008,-2.25187510e-001
,,,3.58240000e-008,-2.28000000e-001
,,,3.58280000e-008,-2.23812506e-001
,,,3.58320000e-008,-2.25437507e-001
,,,3.58360000e-008,-2.21750006e-001
,,,3.58400000e-008,-2.18437508e-001
,,,3.58440000e-008,-2.20062509e-001
,,,3.58480000e-008,-2.27093756e-001
,,,3.58520000e-008,-2.28000000e-001
,,,3.58560000e-008,-2.22000003e-001
,,,3.58600000e-008,-2.19999999e-001
,,,3.58640000e-008,-2.21312508e-001
,,,3.58680000e-008,-2.15312496e-001
,,,3.58720000e-008,-2.16093749e-001
,,,3.58760000e-008,-2.28343755e-001
,,,3.58800000e-008,-2.28000000e-001
,,,3.58840000e-008,-2.19968751e-001
,,,3.58880000e-008,-2.19999999e-001
,,,3.58920000e-008,-2.29906246e-001
,,,3.58960000e-008,-2.28062510e-001
,,,3.59000000e-008,-2.16156259e-001
,,,3.59040000e-008,-2.22093746e-001
,,,3.59080000e-008,-2.19999999e-001
,,,3.59120000e-008,-2.12812498e-001
,,,3.59160000e-008,-2.08499998e-001
,,,3.59200000e-008,-2.13843748e-001
,,,3.59240000e-008,-2.22218752e-001
,,,3.59280000e-008,-2.26156250e-001
,,,3.59320000e-008,-2.23937497e-001
,,,3.59360000e-008,-2.11999997e-001
,,,3.59400000e-008,-2.23062500e-001
,,,3.59440000e-008,-2.24437505e-001
,,,3.59480000e-008,-2.19999999e-001
,,,3.59520000e-008,-2.14687496e-001
,,,3.59560000e-008,-2.16749996e-001
,,,3.59600000e-008,-2.16499999e-001
,,,3.59640000e-008,-2.26843759e-001
,,,3.59680000e-008,-2.28281260e-001
,,,3.59720000e-008,-2.20312506e-001
,,,3.59760000e-008,-2.27687508e-001
,,,3.59800000e-008,-2.25250006e-001
,,,3.59840000e-008,-2.14812502e-001
,,,3.59880000e-008,-2.19999999e-001
,,,3.59920000e-008,-2.18750000e-001
,,,3.59960000e-008,-2.37312511e-001
,,,3.60000000e-008,-2.43812501e-001
,,,3.60040000e-008,-2.36000001e-001
,,,3.60080000e-008,-2.20500007e-001
,,,3.60120000e-008,-2.19999999e-001
,,,3.60160000e-008,-2.21874997e-001
,,,3.60200000e-008,-2.20968753e-001
,,,3.60240000e-008,-2.19999999e-001
,,,3.60280000e-008,-2.19999999e-001
,,,3.60320000e-008,-2.19999999e-001
,,,3.60360000e-008,-2.14718759e-001
,,,3.60400000e-008,-2.19999999e-001
,,,3.60440000e-008,-2.27843747e-001
,,,3.60480000e-008,-2.27812499e-001
,,,3.60520000e-008,-2.19999999e-001
,,,3.60560000e-008,-2.11937502e-001
,,,3.60600000e-008,-2.13437498e-001
,,,3.60640000e-008,-2.13437498e-001
,,,3.60680000e-008,-2.07281247e-001
,,,3.60720000e-008,-2.11999997e-001
,,,3.60760000e-008,-2.13406250e-001
,,,3.60800000e-008,-2.19999999e-001
,,,3.60840000e-008,-2.31281251e-001
,,,3.60880000e-008,-2.30593756e-001
,,,3.60920000e-008,-2.19343752e-001
,,,3.60960000e-008,-2.11999997e-001
,,,3.61000000e-008,-2.11999997e-001
,,,3.61040000e-008,-2.12218747e-001
,,,3.61080000e-008,-2.15281248e-001
,,,3.61120000e-008,-2.19999999e-001
,,,3.61160000e-008,-2.16781259e-001
,,,3.61200000e-008,-2.08031252e-001
,,,3.61240000e-008,-2.11999997e-001
,,,3.61280000e-008,-2.09656253e-001
,,,3.61320000e-008,-2.11999997e-001
,,,3.61360000e-008,-2.09281251e-001
,,,3.61400000e-008,-2.11999997e-001
,,,3.61440000e-008,-2.25156248e-001
,,,3.61480000e-008,-2.32531250e-001
,,,3.61520000e-008,-2.28000000e-001
,,,3.61560000e-008,-2.12062508e-001
,,,3.61600000e-008,-2.03999996e-001
,,,3.61640000e-008,-2.05093756e-001
,,,3.61680000e-008,-2.04718754e-001
,,,3.61720000e-008,-2.11999997e-001
,,,3.61760000e-008,-2.11374998e-001
,,,3.61800000e-008,-2.08093747e-001
,,,3.61840000e-008,-2.07687497e-001
,,,3.61880000e-008,-2.11999997e-001
,,,3.61920000e-008,-2.14468747e-001
,,,3.61960000e-008,-2.14718759e-001
,,,3.62000000e-008,-2.19999999e-001
,,,3.62040000e-008,-2.14375004e-001
,,,3.62080000e-008,-2.13843748e-001
,,,3.62120000e-008,-2.19999999e-001
,,,3.62160000e-008,-2.16718748e-001
,,,3.62200000e-008,-2.11999997e-001
,,,3.62240000e-008,-2.19999999e-001
,,,3.62280000e-008,-2.21625000e-001
,,,3.62320000e-008,-2.13249996e-001
,,,3.62360000e-008,-2.13062510e-001
,,,3.62400000e-008,-2.19218746e-001
,,,3.62440000e-008,-2.15812504e-001
,,,3.62480000e-008,-2.13031247e-001
,,,3.62520000e-008,-2.06125006e-001
,,,3.62560000e-008,-2.04968750e-001
,,,3.62600000e-008,-2.09437504e-001
,,,3.62640000e-008,-2.19624996e-001
,,,3.62680000e-008,-2.20718756e-001
,,,3.62720000e-008,-2.11999997e-001
,,,3.62760000e-008,-2.09124997e-001
,,,3.62800000e-008,-2.11999997e-001
,,,3.62840000e-008,-2.18781248e-001
,,,3.62880000e-008,-2.16062501e-001
,,,3.62920000e-008,-2.11999997e-001
,,,3.62960000e-008,-2.11999997e-001
,,,3.63000000e-008,-2.04562500e-001
,,,3.63040000e-008,-2.03999996e-001
,,,3.63080000e-008,-2.03999996e-001
,,,3.63120000e-008,-2.12750003e-001
,,,3.63160000e-008,-2.20250010e-001
,,,3.63200000e-008,-2.19999999e-001
,,,3.63240000e-008,-2.28000000e-001
,,,3.63280000e-008,-2.33999997e-001
,,,3.63320000e-008,-2.28218749e-001
,,,3.63360000e-008,-2.13031247e-001
,,,3.63400000e-008,-2.10500002e-001
,,,3.63440000e-008,-2.02531248e-001
,,,3.63480000e-008,-2.03999996e-001
,,,3.63520000e-008,-1.99312508e-001
,,,3.63560000e-008,-2.03250006e-001
,,,3.63600000e-008,-2.11250007e-001
,,,3.63640000e-008,-2.13906258e-001
,,,3.63680000e-008,-2.06437498e-001
,,,3.63720000e-008,-2.03999996e-001
,,,3.63760000e-008,-2.05406249e-001
,,,3.63800000e-008,-2.03999996e-001
,,,3.63840000e-008,-2.00874999e-001
,,,3.63880000e-008,-2.06468746e-001
,,,3.63920000e-008,-2.11999997e-001
,,,3.63960000e-008,-2.06000000e-001
,,,3.64000000e-008,-2.02000007e-001
,,,3.64040000e-008,-2.05031246e-001
,,,3.64080000e-008,-2.11999997e-001
,,,3.64120000e-008,-2.09468752e-001
,,,3.64160000e-008,-2.12968752e-001
,,,3.64200000e-008,-2.11999997e-001
,,,3.64240000e-008,-2.03312501e-001
,,,3.64280000e-008,-2.04624996e-001
,,,3.64320000e-008,-2.11374998e-001
,,,3.64360000e-008,-2.09124997e-001
,,,3.64400000e-008,-2.03999996e-001
,,,3.64440000e-008,-2.07843751e-001
,,,3.64480000e-008,-2.07906246e-001
,,,3.64520000e-008,-2.03999996e-001
,,,3.64560000e-008,-2.10656255e-001
,,,3.64600000e-008,-2.06968755e-001
,,,3.64640000e-008,-2.02062503e-001
,,,3.64680000e-008,-2.12250009e-001
,,,3.64720000e-008,-2.11999997e-001
,,,3.64760000e-008,-2.04343751e-001
,,,3.64800000e-008,-1.99937508e-001
,,,3.64840000e-008,-2.03812510e-001
,,,3.64880000e-008,-2.11999997e-001
,,,3.64920000e-008,-2.20656246e-001
,,,3.64960000e-008,-2.19281256e-001
,,,3.65000000e-008,-2.08812505e-001
,,,3.65040000e-008,-1.99312508e-001
,,,3.65080000e-008,-2.04531252e-001
,,,3.65120000e-008,-2.02687502e-001
,,,3.65160000e-008,-2.04750001e-001
,,,3.65200000e-008,-2.03999996e-001
,,,3.65240000e-008,-1.97812498e-001
,,,3.65280000e-008,-2.03999996e-001
,,,3.65320000e-008,-2.06062496e-001
,,,3.65360000e-008,-2.19999999e-001
,,,3.65400000e-008,-2.20624998e-001
,,,3.65440000e-008,-2.06906259e-001
,,,3.65480000e-008,-2.03999996e-001
,,,3.65520000e-008,-2.03999996e-001
,,,3.65560000e-008,-1.99937508e-001
,,,3.65600000e-008,-2.03999996e-001
,,,3.65640000e-008,-2.05250010e-001
,,,3.65680000e-008,-2.06812501e-001
,,,3.65720000e-008,-2.05875009e-001
,,,3.65760000e-008,-2.04500005e-001
,,,3.65800000e-008,-2.03999996e-001
,,,3.65840000e-008,-2.03968748e-001
,,,3.65880000e-008,-1.98562503e-001
,,,3.65920000e-008,-2.01062500e-001
,,,3.65960000e-008,-2.05093756e-001
,,,3.66000000e-008,-2.03999996e-001
,,,3.66040000e-008,-2.07906246e-001
,,,3.66080000e-008,-2.01156259e-001
,,,3.66120000e-008,-1.98062509e-001
,,,3.66160000e-008,-2.03906253e-001
,,,3.66200000e-008,-2.03999996e-001
,,,3.66240000e-008,-2.08531246e-001
,,,3.66280000e-008,-2.03999996e-001
,,,3.66320000e-008,-2.00000003e-001
,,,3.66360000e-008,-2.03999996e-001
,,,3.66400000e-008,-2.05343753e-001
,,,3.66440000e-008,-2.03562498e-001
,,,3.66480000e-008,-2.05093756e-001
,,,3.66520000e-008,-2.08281249e-001
,,,3.66560000e-008,-2.12406248e-001
,,,3.66600000e-008,-2.11999997e-001
,,,3.66640000e-008,-2.02718750e-001
,,,3.66680000e-008,-2.03999996e-001
,,,3.66720000e-008,-2.02124998e-001
,,,3.66760000e-008,-2.02187508e-001
,,,3.66800000e-008,-2.03999996e-001
,,,3.66840000e-008,-2.00093746e-001
,,,3.66880000e-008,-1.96000010e-001
,,,3.66920000e-008,-1.92750007e-001
,,,3.66960000e-008,-1.95187509e-001
,,,3.67000000e-008,-1.96000010e-001
,,,3.67040000e-008,-2.03218758e-001
,,,3.67080000e-008,-2.00468749e-001
,,,3.67120000e-008,-1.95312500e-001
,,,3.67160000e-008,-1.96093753e-001
,,,3.67200000e-008,-1.96000010e-001
,,,3.67240000e-008,-1.96875006e-001
,,,3.67280000e-008,-1.99375004e-001
,,,3.67320000e-008,-1.97906256e-001
,,,3.67360000e-008,-1.99406251e-001
,,,3.67400000e-008,-2.06687510e-001
,,,3.67440000e-008,-2.03999996e-001
,,,3.67480000e-008,-2.01468751e-001
,,,3.67520000e-008,-1.96000010e-001
,,,3.67560000e-008,-2.03999996e-001
,,,3.67600000e-008,-2.04093754e-001
,,,3.67640000e-008,-2.04437509e-001
,,,3.67680000e-008,-1.96531251e-001
,,,3.67720000e-008,-1.99781254e-001
,,,3.67760000e-008,-2.02562496e-001
,,,3.67800000e-008,-2.03781247e-001
,,,3.67840000e-008,-2.04968750e-001
,,,3.67880000e-008,-1.98812500e-001
,,,3.67920000e-008,-2.05218747e-001
,,,3.67960000e-008,-2.11999997e-001
,,,3.68000000e-008,-2.05312505e-001
,,,3.68040000e-008,-1.94562510e-001
,,,3.68080000e-008,-1.98718756e-001
,,,3.68120000e-008,-2.04750001e-001
,,,3.68160000e-008,-2.06843749e-001
,,,3.68200000e-008,-2.04500005e-001
,,,3.68240000e-008,-2.08437502e-001
,,,3.68280000e-008,-2.03999996e-001
,,,3.68320000e-008,-1.93406254e-001
,,,3.68360000e-008,-1.95875004e-001
,,,3.68400000e-008,-2.02312499e-001
,,,3.68440000e-008,-1.99687496e-001
,,,3.68480000e-008,-1.96000010e-001
,,,3.68520000e-008,-1.91312507e-001
,,,3.68560000e-008,-1.93343759e-001
,,,3.68600000e-008,-1.96312502e-001
,,,3.68640000e-008,-2.07000002e-001
,,,3.68680000e-008,-2.03999996e-001
,,,3.68720000e-008,-2.00625002e-001
,,,3.68760000e-008,-2.00656250e-001
,,,3.68800000e-008,-2.05656260e-001
,,,3.68840000e-008,-2.09562510e-001
,,,3.68880000e-008,-2.03999996e-001
,,,3.68920000e-008,-1.99249998e-001
,,,3.68960000e-008,-1.92437500e-001
,,,3.69000000e-008,-1.96125001e-001
,,,3.69040000e-008,-2.05093756e-001
,,,3.69080000e-008,-2.05468759e-001
,,,3.69120000e-008,-2.03999996e-001
,,,3.69160000e-008,-1.99312508e-001
,,,3.69200000e-008,-1.96000010e-001
,,,3.69240000e-008,-2.04031259e-001
,,,3.69280000e-008,-2.03999996e-001
,,,3.69320000e-008,-2.06718758e-001
,,,3.69360000e-008,-2.00812504e-001
,,,3.69400000e-008,-1.96000010e-001
,,,3.69440000e-008,-2.02437505e-001
,,,3.69480000e-008,-2.01593757e-001
,,,3.69520000e-008,-2.11999997e-001
,,,3.69560000e-008,-2.17312500e-001
,,,3.69600000e-008,-2.11250007e-001
,,,3.69640000e-008,-2.00625002e-001
,,,3.69680000e-008,-2.08781257e-001
,,,3.69720000e-008,-2.18812510e-001
,,,3.69760000e-008,-2.16593757e-001
,,,3.69800000e-008,-2.02749997e-001
,,,3.69840000e-008,-2.02250004e-001
,,,3.69880000e-008,-2.03999996e-001
,,,3.69920000e-008,-2.02187508e-001
,,,3.69960000e-008,-2.05093756e-001
,,,3.70000000e-008,-2.11999997e-001
,,,3.70040000e-008,-2.11031258e-001
,,,3.70080000e-008,-1.99312508e-001
,,,3.70120000e-008,-1.96531251e-001
,,,3.70160000e-008,-1.94593757e-001
,,,3.70200000e-008,-1.93406254e-001
,,,3.70240000e-008,-1.92125008e-001
,,,3.70280000e-008,-1.93062499e-001
,,,3.70320000e-008,-2.01375008e-001
,,,3.70360000e-008,-2.02625006e-001
,,,3.70400000e-008,-1.96000010e-001
,,,3.70440000e-008,-1.93218753e-001
,,,3.70480000e-008,-1.98906258e-001
,,,3.70520000e-008,-2.08312497e-001
,,,3.70560000e-008,-2.18843758e-001
,,,3.70600000e-008,-2.17593759e-001
,,,3.70640000e-008,-2.03999996e-001
,,,3.70680000e-008,-1.88187510e-001
,,,3.70720000e-008,-1.89343750e-001
,,,3.70760000e-008,-1.93406254e-001
,,,3.70800000e-008,-1.97906256e-001
,,,3.70840000e-008,-1.93343759e-001
,,,3.70880000e-008,-1.97281256e-001
,,,3.70920000e-008,-1.97406247e-001
,,,3.70960000e-008,-1.96562499e-001
,,,3.71000000e-008,-1.95281252e-001
,,,3.71040000e-008,-2.03843758e-001
,,,3.71080000e-008,-2.06406251e-001
,,,3.71120000e-008,-2.11999997e-001
,,,3.71160000e-008,-2.04031259e-001
,,,3.71200000e-008,-2.09781259e-001
,,,3.71240000e-008,-2.10437506e-001
,,,3.71280000e-008,-2.03999996e-001
,,,3.71320000e-008,-1.98656246e-001
,,,3.71360000e-008,-2.03999996e-001
,,,3.71400000e-008,-1.97562501e-001
,,,3.71440000e-008,-2.04687506e-001
,,,3.71480000e-008,-2.04624996e-001
,,,3.71520000e-008,-1.95343748e-001
,,,3.71560000e-008,-1.93468750e-001
,,,3.71600000e-008,-1.93187505e-001
,,,3.71640000e-008,-1.94343746e-001
,,,3.71680000e-008,-1.97906256e-001
,,,3.71720000e-008,-2.00874999e-001
,,,3.71760000e-008,-1.96000010e-001
,,,3.71800000e-008,-1.93437502e-001
,,,3.71840000e-008,-1.99031249e-001
,,,3.71880000e-008,-2.07000002e-001
,,,3.71920000e-008,-2.03999996e-001
,,,3.71960000e-008,-1.95062503e-001
,,,3.72000000e-008,-1.96000010e-001
,,,3.72040000e-008,-1.99874997e-001
,,,3.72080000e-008,-2.00906247e-001
,,,3.72120000e-008,-1.96000010e-001
,,,3.72160000e-008,-2.01250002e-001
,,,3.72200000e-008,-2.03999996e-001
,,,3.72240000e-008,-2.05250010e-001
,,,3.72280000e-008,-1.98218748e-001
,,,3.72320000e-008,-1.92812502e-001
,,,3.72360000e-008,-1.93062499e-001
,,,3.72400000e-008,-1.96000010e-001
,,,3.72440000e-008,-1.95250005e-001
,,,3.72480000e-008,-1.99781254e-001
,,,3.72520000e-008,-1.93281248e-001
,,,3.72560000e-008,-1.95875004e-001
,,,3.72600000e-008,-2.00499997e-001
,,,3.72640000e-008,-2.02250004e-001
,,,3.72680000e-008,-1.96000010e-001
,,,3.72720000e-008,-2.04218760e-001
,,,3.72760000e-008,-2.06531256e-001
,,,3.72800000e-008,-1.96000010e-001
,,,3.72840000e-008,-1.88000008e-001
,,,3.72880000e-008,-1.96937501e-001
,,,3.72920000e-008,-2.01406255e-001
,,,3.72960000e-008,-2.00125009e-001
,,,3.73000000e-008,-1.97031260e-001
,,,3.73040000e-008,-1.96000010e-001
,,,3.73080000e-008,-1.89156249e-001
,,,3.73120000e-008,-1.88843757e-001
,,,3.73160000e-008,-2.04593748e-001
,,,3.73200000e-008,-2.03999996e-001
,,,3.73240000e-008,-2.00312510e-001
,,,3.73280000e-008,-1.96031258e-001
,,,3.73320000e-008,-1.89625010e-001
,,,3.73360000e-008,-1.96500003e-001
,,,3.73400000e-008,-1.97656259e-001
,,,3.73440000e-008,-1.91562504e-001
,,,3.73480000e-008,-1.96000010e-001
,,,3.73520000e-008,-1.96656257e-001
,,,3.73560000e-008,-1.88843757e-001
,,,3.73600000e-008,-2.03999996e-001
,,,3.73640000e-008,-2.09187508e-001
,,,3.73680000e-008,-2.04187497e-001
,,,3.73720000e-008,-1.98093757e-001
,,,3.73760000e-008,-2.01875001e-001
,,,3.73800000e-008,-1.96000010e-001
,,,3.73840000e-008,-1.92218751e-001
,,,3.73880000e-008,-1.95281252e-001
,,,3.73920000e-008,-1.94093749e-001
,,,3.73960000e-008,-1.94906250e-001
,,,3.74000000e-008,-1.89999998e-001
,,,3.74040000e-008,-1.80000007e-001
,,,3.74080000e-008,-1.81406260e-001
,,,3.74120000e-008,-1.88000008e-001
,,,3.74160000e-008,-1.90750003e-001
,,,3.74200000e-008,-1.96000010e-001
,,,3.74240000e-008,-1.92593753e-001
,,,3.74280000e-008,-1.88000008e-001
,,,3.74320000e-008,-1.92062497e-001
,,,3.74360000e-008,-1.88000008e-001
,,,3.74400000e-008,-1.88000008e-001
,,,3.74440000e-008,-1.82374999e-001
,,,3.74480000e-008,-1.88000008e-001
,,,3.74520000e-008,-1.87406257e-001
,,,3.74560000e-008,-1.88000008e-001
,,,3.74600000e-008,-1.82343751e-001
,,,3.74640000e-008,-1.87406257e-001
,,,3.74680000e-008,-1.98968753e-001
,,,3.74720000e-008,-2.06718758e-001
,,,3.74760000e-008,-2.05656260e-001
,,,3.74800000e-008,-1.96000010e-001
,,,3.74840000e-008,-1.95531249e-001
,,,3.74880000e-008,-1.94000006e-001
,,,3.74920000e-008,-1.88625008e-001
,,,3.74960000e-008,-1.90437496e-001
,,,3.75000000e-008,-1.84906259e-001
,,,3.75040000e-008,-1.85000002e-001
,,,3.75080000e-008,-1.91624999e-001
,,,3.75120000e-008,-1.95718750e-001
,,,3.75160000e-008,-1.91718757e-001
,,,3.75200000e-008,-2.00812504e-001
,,,3.75240000e-008,-2.03218758e-001
,,,3.75280000e-008,-1.96000010e-001
,,,3.75320000e-008,-1.81187496e-001
,,,3.75360000e-008,-1.82656258e-001
,,,3.75400000e-008,-1.82906255e-001
,,,3.75440000e-008,-1.79812506e-001
,,,3.75480000e-008,-1.84781253e-001
,,,3.75520000e-008,-1.88000008e-001
,,,3.75560000e-008,-1.85625002e-001
,,,3.75600000e-008,-1.88000008e-001
,,,3.75640000e-008,-1.90468758e-001
,,,3.75680000e-008,-1.86281249e-001
,,,3.75720000e-008,-1.85375005e-001
,,,3.75760000e-008,-1.80187508e-001
,,,3.75800000e-008,-1.86218753e-001
,,,3.75840000e-008,-1.96000010e-001
,,,3.75880000e-008,-1.94281250e-001
,,,3.75920000e-008,-1.87687501e-001
,,,3.75960000e-008,-1.88687503e-001
,,,3.76000000e-008,-1.88000008e-001
,,,3.76040000e-008,-1.88000008e-001
,,,3.76080000e-008,-1.85437500e-001
,,,3.76120000e-008,-1.84531257e-001
,,,3.76160000e-008,-1.88000008e-001
,,,3.76200000e-008,-1.87968746e-001
,,,3.76240000e-008,-1.82062507e-001
,,,3.76280000e-008,-1.78000003e-001
,,,3.76320000e-008,-1.86000004e-001
,,,3.76360000e-008,-1.96125001e-001
,,,3.76400000e-008,-1.96000010e-001
,,,3.76440000e-008,-1.87468752e-001
,,,3.76480000e-008,-1.88625008e-001
,,,3.76520000e-008,-1.88000008e-001
,,,3.76560000e-008,-1.80000007e-001
,,,3.76600000e-008,-1.86687499e-001
,,,3.76640000e-008,-1.88000008e-001
,,,3.76680000e-008,-1.91281259e-001
,,,3.76720000e-008,-2.02062503e-001
,,,3.76760000e-008,-2.02343747e-001
,,,3.76800000e-008,-1.91812500e-001
,,,3.76840000e-008,-1.84249997e-001
,,,3.76880000e-008,-1.88187510e-001
,,,3.76920000e-008,-1.83125004e-001
,,,3.76960000e-008,-1.86625004e-001
,,,3.77000000e-008,-1.96593747e-001
,,,3.77040000e-008,-1.96000010e-001
,,,3.77080000e-008,-1.80843756e-001
,,,3.77120000e-008,-1.88000008e-001
,,,3.77160000e-008,-1.90125003e-001
,,,3.77200000e-008,-2.04312503e-001
,,,3.77240000e-008,-2.15000004e-001
,,,3.77280000e-008,-2.12312505e-001
,,,3.77320000e-008,-1.96000010e-001
,,,3.77360000e-008,-1.86406255e-001
,,,3.77400000e-008,-1.88000008e-001
,,,3.77440000e-008,-1.91437498e-001
,,,3.77480000e-008,-1.88000008e-001
,,,3.77520000e-008,-1.84125006e-001
,,,3.77560000e-008,-1.86906248e-001
,,,3.77600000e-008,-1.93968758e-001
,,,3.77640000e-008,-1.96000010e-001
,,,3.77680000e-008,-1.87875003e-001
,,,3.77720000e-008,-1.88625008e-001
,,,3.77760000e-008,-1.85750008e-001
,,,3.77800000e-008,-1.80281252e-001
,,,3.77840000e-008,-1.88000008e-001
,,,3.77880000e-008,-1.88000008e-001
,,,3.77920000e-008,-1.84625000e-001
,,,3.77960000e-008,-1.86031252e-001
,,,3.78000000e-008,-1.81250006e-001
,,,3.78040000e-008,-1.80343747e-001
,,,3.78080000e-008,-1.80000007e-001
,,,3.78120000e-008,-1.80000007e-001
,,,3.78160000e-008,-1.78937510e-001
,,,3.78200000e-008,-1.93218753e-001
,,,3.78240000e-008,-2.07531258e-001
,,,3.78280000e-008,-2.08750010e-001
,,,3.78320000e-008,-1.96000010e-001
,,,3.78360000e-008,-1.88312501e-001
,,,3.78400000e-008,-1.97500005e-001
,,,3.78440000e-008,-1.96000010e-001
,,,3.78480000e-008,-1.83250010e-001
,,,3.78520000e-008,-1.78187504e-001
,,,3.78560000e-008,-1.77874997e-001
,,,3.78600000e-008,-1.77781254e-001
,,,3.78640000e-008,-1.80000007e-001
,,,3.78680000e-008,-1.80000007e-001
,,,3.78720000e-008,-1.82187498e-001
,,,3.78760000e-008,-1.84000000e-001
,,,3.78800000e-008,-1.84437498e-001
,,,3.78840000e-008,-1.77968755e-001
,,,3.78880000e-008,-1.83437496e-001
,,,3.78920000e-008,-1.88000008e-001
,,,3.78960000e-008,-1.82937503e-001
,,,3.79000000e-008,-1.80000007e-001
,,,3.79040000e-008,-1.79343760e-001
,,,3.79080000e-008,-1.72000006e-001
,,,3.79120000e-008,-1.80656254e-001
,,,3.79160000e-008,-1.88000008e-001
,,,3.79200000e-008,-1.82343751e-001
,,,3.79240000e-008,-1.73500001e-001
,,,3.79280000e-008,-1.74812496e-001
,,,3.79320000e-008,-1.81281254e-001
,,,3.79360000e-008,-1.84343755e-001
,,,3.79400000e-008,-1.89750001e-001
,,,3.79440000e-008,-1.92031249e-001
,,,3.79480000e-008,-1.88000008e-001
,,,3.79520000e-008,-1.85718760e-001
,,,3.79560000e-008,-1.83437496e-001
,,,3.79600000e-008,-1.78656250e-001
,,,3.79640000e-008,-1.75343752e-001
,,,3.79680000e-008,-1.80000007e-001
,,,3.79720000e-008,-1.78312495e-001
,,,3.79760000e-008,-1.83031246e-001
,,,3.79800000e-008,-1.81468755e-001
,,,3.79840000e-008,-1.76750004e-001
,,,3.79880000e-008,-1.85312510e-001
,,,3.79920000e-008,-1.88000008e-001
,,,3.79960000e-008,-1.89343750e-001
,,,3.80000000e-008,-1.81500003e-001
,,,3.80040000e-008,-1.80468753e-001
,,,3.80080000e-008,-1.88000008e-001
,,,3.80120000e-008,-1.84968755e-001
,,,3.80160000e-008,-1.85125008e-001
,,,3.80200000e-008,-1.78156257e-001
,,,3.80240000e-008,-1.73906252e-001
,,,3.80280000e-008,-1.80000007e-001
,,,3.80320000e-008,-1.80593759e-001
,,,3.80360000e-008,-1.73718750e-001
,,,3.80400000e-008,-1.77249998e-001
,,,3.80440000e-008,-1.76750004e-001
,,,3.80480000e-008,-1.73187509e-001
,,,3.80520000e-008,-1.76562503e-001
,,,3.80560000e-008,-1.80781245e-001
,,,3.80600000e-008,-1.80000007e-001
,,,3.80640000e-008,-1.88250005e-001
,,,3.80680000e-008,-1.85750008e-001
,,,3.80720000e-008,-1.74031258e-001
,,,3.80760000e-008,-1.72000006e-001
,,,3.80800000e-008,-1.80000007e-001
,,,3.80840000e-008,-1.78968757e-001
,,,3.80880000e-008,-1.68718755e-001
,,,3.80920000e-008,-1.68562502e-001
,,,3.80960000e-008,-1.72000006e-001
,,,3.81000000e-008,-1.77562505e-001
,,,3.81040000e-008,-1.73124999e-001
,,,3.81080000e-008,-1.76968753e-001
,,,3.81120000e-008,-1.88000008e-001
,,,3.81160000e-008,-1.87312499e-001
,,,3.81200000e-008,-1.79375008e-001
,,,3.81240000e-008,-1.80000007e-001
,,,3.81280000e-008,-1.71468750e-001
,,,3.81320000e-008,-1.73718750e-001
,,,3.81360000e-008,-1.75375000e-001
,,,3.81400000e-008,-1.72812507e-001
,,,3.81440000e-008,-1.78031251e-001
,,,3.81480000e-008,-1.84874997e-001
,,,3.81520000e-008,-1.88000008e-001
,,,3.81560000e-008,-1.81031257e-001
,,,3.81600000e-008,-1.89500004e-001
,,,3.81640000e-008,-1.95843756e-001
,,,3.81680000e-008,-1.92625001e-001
,,,3.81720000e-008,-1.80000007e-001
,,,3.81760000e-008,-1.69781253e-001
,,,3.81800000e-008,-1.73218757e-001
,,,3.81840000e-008,-1.80000007e-001
,,,3.81880000e-008,-1.74687505e-001
,,,3.81920000e-008,-1.70656249e-001
,,,3.81960000e-008,-1.67281255e-001
,,,3.82000000e-008,-1.79218754e-001
,,,3.82040000e-008,-1.85062498e-001
,,,3.82080000e-008,-1.82500005e-001
,,,3.82120000e-008,-1.80000007e-001
,,,3.82160000e-008,-1.85218751e-001
,,,3.82200000e-008,-1.79937497e-001
,,,3.82240000e-008,-1.72000006e-001
,,,3.82280000e-008,-1.75781250e-001
,,,3.82320000e-008,-1.80000007e-001
,,,3.82360000e-008,-1.80531248e-001
,,,3.82400000e-008,-1.70093760e-001
,,,3.82440000e-008,-1.70874998e-001
,,,3.82480000e-008,-1.72812507e-001
,,,3.82520000e-008,-1.72124997e-001
,,,3.82560000e-008,-1.79749995e-001
,,,3.82600000e-008,-1.84593752e-001
,,,3.82640000e-008,-1.80000007e-001
,,,3.82680000e-008,-1.83375001e-001
,,,3.82720000e-008,-1.80000007e-001
,,,3.82760000e-008,-1.67593747e-001
,,,3.82800000e-008,-1.71031252e-001
,,,3.82840000e-008,-1.72000006e-001
,,,3.82880000e-008,-1.69718757e-001
,,,3.82920000e-008,-1.66656256e-001
,,,3.82960000e-008,-1.65687501e-001
,,,3.83000000e-008,-1.72000006e-001
,,,3.83040000e-008,-1.69156253e-001
,,,3.83080000e-008,-1.72000006e-001
,,,3.83120000e-008,-1.77062497e-001
,,,3.83160000e-008,-1.75812498e-001
,,,3.83200000e-008,-1.69687510e-001
,,,3.83240000e-008,-1.66343749e-001
,,,3.83280000e-008,-1.70968756e-001
,,,3.83320000e-008,-1.68093756e-001
,,,3.83360000e-008,-1.71656251e-001
,,,3.83400000e-008,-1.71031252e-001
,,,3.83440000e-008,-1.67937502e-001
,,,3.83480000e-008,-1.72000006e-001
,,,3.83520000e-008,-1.72000006e-001
,,,3.83560000e-008,-1.72843754e-001
,,,3.83600000e-008,-1.74812496e-001
,,,3.83640000e-008,-1.68843746e-001
,,,3.83680000e-008,-1.72000006e-001
,,,3.83720000e-008,-1.70312509e-001
,,,3.83760000e-008,-1.65843755e-001
,,,3.83800000e-008,-1.68656260e-001
,,,3.83840000e-008,-1.70593753e-001
,,,3.83880000e-008,-1.66343749e-001
,,,3.83920000e-008,-1.72000006e-001
,,,3.83960000e-008,-1.77500010e-001
,,,3.84000000e-008,-1.75343752e-001
,,,3.84040000e-008,-1.69312507e-001
,,,3.84080000e-008,-1.69500008e-001
,,,3.84120000e-008,-1.79937497e-001
,,,3.84160000e-008,-1.81875005e-001
,,,3.84200000e-008,-1.72000006e-001
,,,3.84240000e-008,-1.67374998e-001
,,,3.84280000e-008,-1.72000006e-001
,,,3.84320000e-008,-1.73000008e-001
,,,3.84360000e-008,-1.77406251e-001
,,,3.84400000e-008,-1.72000006e-001
,,,3.84440000e-008,-1.65468752e-001
,,,3.84480000e-008,-1.66625008e-001
,,,3.84520000e-008,-1.69750005e-001
,,,3.84560000e-008,-1.71406254e-001
,,,3.84600000e-008,-1.72000006e-001
,,,3.84640000e-008,-1.63843751e-001
,,,3.84680000e-008,-1.72000006e-001
,,,3.84720000e-008,-1.76031247e-001
,,,3.84760000e-008,-1.72093749e-001
,,,3.84800000e-008,-1.80000007e-001
,,,3.84840000e-008,-1.82437509e-001
,,,3.84880000e-008,-1.74531251e-001
,,,3.84920000e-008,-1.76562503e-001
,,,3.84960000e-008,-1.75187498e-001
,,,3.85000000e-008,-1.72000006e-001
,,,3.85040000e-008,-1.71812505e-001
,,,3.85080000e-008,-1.72000006e-001
,,,3.85120000e-008,-1.75343752e-001
,,,3.85160000e-008,-1.70156255e-001
,,,3.85200000e-008,-1.64000005e-001
,,,3.85240000e-008,-1.68875009e-001
,,,3.85280000e-008,-1.72000006e-001
,,,3.85320000e-008,-1.74374998e-001
,,,3.85360000e-008,-1.73937500e-001
,,,3.85400000e-008,-1.64000005e-001
,,,3.85440000e-008,-1.62531257e-001
,,,3.85480000e-008,-1.64000005e-001
,,,3.85520000e-008,-1.61093757e-001
,,,3.85560000e-008,-1.69218749e-001
,,,3.85600000e-008,-1.73218757e-001
,,,3.85640000e-008,-1.67968750e-001
,,,3.85680000e-008,-1.66062504e-001
,,,3.85720000e-008,-1.65062502e-001
,,,3.85760000e-008,-1.64000005e-001
,,,3.85800000e-008,-1.66781247e-001
,,,3.85840000e-008,-1.71250001e-001
,,,3.85880000e-008,-1.64000005e-001
,,,3.85920000e-008,-1.67031258e-001
,,,3.85960000e-008,-1.64187506e-001
,,,3.86000000e-008,-1.72000006e-001
,,,3.86040000e-008,-1.82468757e-001
,,,3.86080000e-008,-1.88000008e-001
,,,3.86120000e-008,-1.80906251e-001
,,,3.86160000e-008,-1.63750008e-001
,,,3.86200000e-008,-1.64000005e-001
,,,3.86240000e-008,-1.71156257e-001
,,,3.86280000e-008,-1.88000008e-001
,,,3.86320000e-008,-1.90781251e-001
,,,3.86360000e-008,-1.80218756e-001
,,,3.86400000e-008,-1.67500004e-001
,,,3.86440000e-008,-1.69437498e-001
,,,3.86480000e-008,-1.64906248e-001
,,,3.86520000e-008,-1.64375007e-001
,,,3.86560000e-008,-1.64000005e-001
,,,3.86600000e-008,-1.60406247e-001
,,,3.86640000e-008,-1.65968746e-001
,,,3.86680000e-008,-1.67656258e-001
,,,3.86720000e-008,-1.66593745e-001
,,,3.86760000e-008,-1.67687505e-001
,,,3.86800000e-008,-1.64000005e-001
,,,3.86840000e-008,-1.66406259e-001
,,,3.86880000e-008,-1.67562500e-001
,,,3.86920000e-008,-1.69000000e-001
,,,3.86960000e-008,-1.61937505e-001
,,,3.87000000e-008,-1.57687500e-001
,,,3.87040000e-008,-1.67562500e-001
,,,3.87080000e-008,-1.78968757e-001
,,,3.87120000e-008,-1.80000007e-001
,,,3.87160000e-008,-1.69156253e-001
,,,3.87200000e-008,-1.64000005e-001
,,,3.87240000e-008,-1.67281255e-001
,,,3.87280000e-008,-1.72000006e-001
,,,3.87320000e-008,-1.71812505e-001
,,,3.87360000e-008,-1.63187504e-001
,,,3.87400000e-008,-1.56000003e-001
,,,3.87440000e-008,-1.64656252e-001
,,,3.87480000e-008,-1.72000006e-001
,,,3.87520000e-008,-1.68437496e-001
,,,3.87560000e-008,-1.68500006e-001
,,,3.87600000e-008,-1.68968752e-001
,,,3.87640000e-008,-1.75624996e-001
,,,3.87680000e-008,-1.74468756e-001
,,,3.87720000e-008,-1.64000005e-001
,,,3.87760000e-008,-1.64000005e-001
,,,3.87800000e-008,-1.64000005e-001
,,,3.87840000e-008,-1.63093746e-001
,,,3.87880000e-008,-1.64000005e-001
,,,3.87920000e-008,-1.62968755e-001
,,,3.87960000e-008,-1.59906253e-001
,,,3.88000000e-008,-1.59906253e-001
,,,3.88040000e-008,-1.65500000e-001
,,,3.88080000e-008,-1.65687501e-001
,,,3.88120000e-008,-1.64000005e-001
,,,3.88160000e-008,-1.70937508e-001
,,,3.88200000e-008,-1.68250009e-001
,,,3.88240000e-008,-1.64000005e-001
,,,3.88280000e-008,-1.59968749e-001
,,,3.88320000e-008,-1.59718752e-001
,,,3.88360000e-008,-1.77062497e-001
,,,3.88400000e-008,-1.84812501e-001
,,,3.88440000e-008,-1.80000007e-001
,,,3.88480000e-008,-1.64000005e-001
,,,3.88520000e-008,-1.64000005e-001
,,,3.88560000e-008,-1.67281255e-001
,,,3.88600000e-008,-1.70343757e-001
,,,3.88640000e-008,-1.64000005e-001
,,,3.88680000e-008,-1.64000005e-001
,,,3.88720000e-008,-1.65562496e-001
,,,3.88760000e-008,-1.62562504e-001
,,,3.88800000e-008,-1.64000005e-001
,,,3.88840000e-008,-1.60500005e-001
,,,3.88880000e-008,-1.56000003e-001
,,,3.88920000e-008,-1.58968747e-001
,,,3.88960000e-008,-1.60624996e-001
,,,3.89000000e-008,-1.64000005e-001
,,,3.89040000e-008,-1.62968755e-001
,,,3.89080000e-008,-1.59093753e-001
,,,3.89120000e-008,-1.57843754e-001
,,,3.89160000e-008,-1.61906257e-001
,,,3.89200000e-008,-1.64000005e-001
,,,3.89240000e-008,-1.74218759e-001
,,,3.89280000e-008,-1.73437506e-001
,,,3.89320000e-008,-1.72000006e-001
,,,3.89360000e-008,-1.63812503e-001
,,,3.89400000e-008,-1.63468748e-001
,,,3.89440000e-008,-1.64000005e-001
,,,3.89480000e-008,-1.57124996e-001
,,,3.89520000e-008,-1.55218750e-001
,,,3.89560000e-008,-1.56000003e-001
,,,3.89600000e-008,-1.61781251e-001
,,,3.89640000e-008,-1.64562508e-001
,,,3.89680000e-008,-1.58124998e-001
,,,3.89720000e-008,-1.56000003e-001
,,,3.89760000e-008,-1.53312504e-001
,,,3.89800000e-008,-1.56000003e-001
,,,3.89840000e-008,-1.57218754e-001
,,,3.89880000e-008,-1.58031255e-001
,,,3.89920000e-008,-1.64312497e-001
,,,3.89960000e-008,-1.64312497e-001
,,,3.90000000e-008,-1.56000003e-001
,,,3.90040000e-008,-1.61500007e-001
,,,3.90080000e-008,-1.61593750e-001
,,,3.90120000e-008,-1.73468754e-001
,,,3.90160000e-008,-1.76968753e-001
,,,3.90200000e-008,-1.67374998e-001
,,,3.90240000e-008,-1.59687504e-001
,,,3.90280000e-008,-1.57875001e-001
,,,3.90320000e-008,-1.49968758e-001
,,,3.90360000e-008,-1.56000003e-001
,,,3.90400000e-008,-1.61906257e-001
,,,3.90440000e-008,-1.64000005e-001
,,,3.90480000e-008,-1.57906249e-001
,,,3.90520000e-008,-1.56000003e-001
,,,3.90560000e-008,-1.64000005e-001
,,,3.90600000e-008,-1.64000005e-001
,,,3.90640000e-008,-1.65312499e-001
,,,3.90680000e-008,-1.64000005e-001
,,,3.90720000e-008,-1.56968758e-001
,,,3.90760000e-008,-1.58343747e-001
,,,3.90800000e-008,-1.54812500e-001
,,,3.90840000e-008,-1.56312495e-001
,,,3.90880000e-008,-1.62437499e-001
,,,3.90920000e-008,-1.62406251e-001
,,,3.90960000e-008,-1.70812503e-001
,,,3.91000000e-008,-1.79031253e-001
,,,3.91040000e-008,-1.76750004e-001
,,,3.91080000e-008,-1.64000005e-001
,,,3.91120000e-008,-1.62062496e-001
,,,3.91160000e-008,-1.58718750e-001
,,,3.91200000e-008,-1.50781259e-001
,,,3.91240000e-008,-1.61343753e-001
,,,3.91280000e-008,-1.64031252e-001
,,,3.91320000e-008,-1.58156246e-001
,,,3.91360000e-008,-1.60875008e-001
,,,3.91400000e-008,-1.66312501e-001
,,,3.91440000e-008,-1.61593750e-001
,,,3.91480000e-008,-1.66875005e-001
,,,3.91520000e-008,-1.64000005e-001
,,,3.91560000e-008,-1.55750006e-001
,,,3.91600000e-008,-1.56000003e-001
,,,3.91640000e-008,-1.59812495e-001
,,,3.91680000e-008,-1.61687508e-001
,,,3.91720000e-008,-1.64000005e-001
,,,3.91760000e-008,-1.64093748e-001
,,,3.91800000e-008,-1.70312509e-001
,,,3.91840000e-008,-1.72000006e-001
,,,3.91880000e-008,-1.60500005e-001
,,,3.91920000e-008,-1.64000005e-001
,,,3.91960000e-008,-1.66343749e-001
,,,3.92000000e-008,-1.59343749e-001
,,,3.92040000e-008,-1.54249996e-001
,,,3.92080000e-008,-1.56000003e-001
,,,3.92120000e-008,-1.61937505e-001
,,,3.92160000e-008,-1.58374995e-001
,,,3.92200000e-008,-1.56562507e-001
,,,3.92240000e-008,-1.58000007e-001
,,,3.92280000e-008,-1.48000002e-001
,,,3.92320000e-008,-1.55218750e-001
,,,3.92360000e-008,-1.57062501e-001
,,,3.92400000e-008,-1.56843752e-001
,,,3.92440000e-008,-1.57687500e-001
,,,3.92480000e-008,-1.61187500e-001
,,,3.92520000e-008,-1.69031247e-001
,,,3.92560000e-008,-1.67218760e-001
,,,3.92600000e-008,-1.67406246e-001
,,,3.92640000e-008,-1.79343760e-001
,,,3.92680000e-008,-1.80000007e-001
,,,3.92720000e-008,-1.68406248e-001
,,,3.92760000e-008,-1.51875004e-001
,,,3.92800000e-008,-1.59312502e-001
,,,3.92840000e-008,-1.61562502e-001
,,,3.92880000e-008,-1.60531253e-001
,,,3.92920000e-008,-1.56000003e-001
,,,3.92960000e-008,-1.56000003e-001
,,,3.93000000e-008,-1.56000003e-001
,,,3.93040000e-008,-1.57562509e-001
,,,3.93080000e-008,-1.49718747e-001
,,,3.93120000e-008,-1.46500006e-001
,,,3.93160000e-008,-1.44843757e-001
,,,3.93200000e-008,-1.48000002e-001
,,,3.93240000e-008,-1.49062499e-001
,,,3.93280000e-008,-1.52343750e-001
,,,3.93320000e-008,-1.56343758e-001
,,,3.93360000e-008,-1.59281254e-001
,,,3.93400000e-008,-1.56406254e-001
,,,3.93440000e-008,-1.48937508e-001
,,,3.93480000e-008,-1.52687505e-001
,,,3.93520000e-008,-1.48000002e-001
,,,3.93560000e-008,-1.49000004e-001
,,,3.93600000e-008,-1.52562499e-001
,,,3.93640000e-008,-1.48000002e-001
,,,3.93680000e-008,-1.60187498e-001
,,,3.93720000e-008,-1.60656258e-001
,,,3.93760000e-008,-1.60718754e-001
,,,3.93800000e-008,-1.68093756e-001
,,,3.93840000e-008,-1.64000005e-001
,,,3.93880000e-008,-1.56000003e-001
,,,3.93920000e-008,-1.52968749e-001
,,,3.93960000e-008,-1.57718748e-001
,,,3.94000000e-008,-1.59999996e-001
,,,3.94040000e-008,-1.64000005e-001
,,,3.94080000e-008,-1.59656256e-001
,,,3.94120000e-008,-1.59968749e-001
,,,3.94160000e-008,-1.59156248e-001
,,,3.94200000e-008,-1.62031248e-001
,,,3.94240000e-008,-1.72000006e-001
,,,3.94280000e-008,-1.66937500e-001
,,,3.94320000e-008,-1.52218759e-001
,,,3.94360000e-008,-1.50531247e-001
,,,3.94400000e-008,-1.58437505e-001
,,,3.94440000e-008,-1.64000005e-001
,,,3.94480000e-008,-1.65281251e-001
,,,3.94520000e-008,-1.58593759e-001
,,,3.94560000e-008,-1.60281256e-001
,,,3.94600000e-008,-1.64000005e-001
,,,3.94640000e-008,-1.56000003e-001
,,,3.94680000e-008,-1.61343753e-001
,,,3.94720000e-008,-1.56031251e-001
,,,3.94760000e-008,-1.60343751e-001
,,,3.94800000e-008,-1.57656252e-001
,,,3.94840000e-008,-1.53875008e-001
,,,3.94880000e-008,-1.48062497e-001
,,,3.94920000e-008,-1.51687503e-001
,,,3.94960000e-008,-1.48062497e-001
,,,3.95000000e-008,-1.48000002e-001
,,,3.95040000e-008,-1.49062499e-001
,,,3.95080000e-008,-1.57031253e-001
,,,3.95120000e-008,-1.55093759e-001
,,,3.95160000e-008,-1.45218745e-001
,,,3.95200000e-008,-1.51687503e-001
,,,3.95240000e-008,-1.56000003e-001
,,,3.95280000e-008,-1.52156249e-001
,,,3.95320000e-008,-1.53718755e-001
,,,3.95360000e-008,-1.56000003e-001
,,,3.95400000e-008,-1.54656246e-001
,,,3.95440000e-008,-1.52187496e-001
,,,3.95480000e-008,-1.56000003e-001
,,,3.95520000e-008,-1.50593758e-001
,,,3.95560000e-008,-1.49062499e-001
,,,3.95600000e-008,-1.53593749e-001
,,,3.95640000e-008,-1.64000005e-001
,,,3.95680000e-008,-1.65156245e-001
,,,3.95720000e-008,-1.56375006e-001
,,,3.95760000e-008,-1.57812506e-001
,,,3.95800000e-008,-1.56000003e-001
,,,3.95840000e-008,-1.56000003e-001
,,,3.95880000e-008,-1.63718745e-001
,,,3.95920000e-008,-1.58781245e-001
,,,3.95960000e-008,-1.59906253e-001
,,,3.96000000e-008,-1.64718747e-001
,,,3.96040000e-008,-1.57906249e-001
,,,3.96080000e-008,-1.48812503e-001
,,,3.96120000e-008,-1.48687497e-001
,,,3.96160000e-008,-1.50031254e-001
,,,3.96200000e-008,-1.55687496e-001
,,,3.96240000e-008,-1.70218751e-001
,,,3.96280000e-008,-1.70656249e-001
,,,3.96320000e-008,-1.56000003e-001
,,,3.96360000e-008,-1.51687503e-001
,,,3.96400000e-008,-1.54125005e-001
,,,3.96440000e-008,-1.56000003e-001
,,,3.96480000e-008,-1.59312502e-001
,,,3.96520000e-008,-1.55218750e-001
,,,3.96560000e-008,-1.53656259e-001
,,,3.96600000e-008,-1.48000002e-001
,,,3.96640000e-008,-1.54062510e-001
,,,3.96680000e-008,-1.56187505e-001
,,,3.96720000e-008,-1.51281253e-001
,,,3.96760000e-008,-1.59062505e-001
,,,3.96800000e-008,-1.66781247e-001
,,,3.96840000e-008,-1.66343749e-001
,,,3.96880000e-008,-1.64000005e-001
,,,3.96920000e-008,-1.50250003e-001
,,,3.96960000e-008,-1.54781252e-001
,,,3.97000000e-008,-1.51437506e-001
,,,3.97040000e-008,-1.48687497e-001
,,,3.97080000e-008,-1.48062497e-001
,,,3.97120000e-008,-1.40750006e-001
,,,3.97160000e-008,-1.46031246e-001
,,,3.97200000e-008,-1.56562507e-001
,,,3.97240000e-008,-1.56000003e-001
,,,3.97280000e-008,-1.52937502e-001
,,,3.97320000e-008,-1.66031256e-001
,,,3.97360000e-008,-1.71375006e-001
,,,3.97400000e-008,-1.64000005e-001
,,,3.97440000e-008,-1.44531250e-001
,,,3.97480000e-008,-1.48000002e-001
,,,3.97520000e-008,-1.51625007e-001
,,,3.97560000e-008,-1.46218747e-001
,,,3.97600000e-008,-1.45562500e-001
,,,3.97640000e-008,-1.48000002e-001
,,,3.97680000e-008,-1.47968754e-001
,,,3.97720000e-008,-1.48000002e-001
,,,3.97760000e-008,-1.52156249e-001
,,,3.97800000e-008,-1.57968760e-001
,,,3.97840000e-008,-1.64000005e-001
,,,3.97880000e-008,-1.59374997e-001
,,,3.97920000e-008,-1.49281248e-001
,,,3.97960000e-008,-1.56000003e-001
,,,3.98000000e-008,-1.50281250e-001
,,,3.98040000e-008,-1.49250001e-001
,,,3.98080000e-008,-1.49781257e-001
,,,3.98120000e-008,-1.50593758e-001
,,,3.98160000e-008,-1.51968747e-001
,,,3.98200000e-008,-1.58718750e-001
,,,3.98240000e-008,-1.63625002e-001
,,,3.98280000e-008,-1.69500008e-001
,,,3.98320000e-008,-1.64000005e-001
,,,3.98360000e-008,-1.47562504e-001
,,,3.98400000e-008,-1.44437507e-001
,,,3.98440000e-008,-1.50500000e-001
,,,3.98480000e-008,-1.56000003e-001
,,,3.98520000e-008,-1.52062505e-001
,,,3.98560000e-008,-1.60406247e-001
,,,3.98600000e-008,-1.64000005e-001
,,,3.98640000e-008,-1.55406252e-001
,,,3.98680000e-008,-1.44812509e-001
,,,3.98720000e-008,-1.49937496e-001
,,,3.98760000e-008,-1.46250010e-001
,,,3.98800000e-008,-1.47562504e-001
,,,3.98840000e-008,-1.49781257e-001
,,,3.98880000e-008,-1.44937500e-001
,,,3.98920000e-008,-1.47000000e-001
,,,3.98960000e-008,-1.48093745e-001
,,,3.99000000e-008,-1.48000002e-001
,,,3.99040000e-008,-1.51093751e-001
,,,3.99080000e-008,-1.49281248e-001
,,,3.99120000e-008,-1.49625003e-001
,,,3.99160000e-008,-1.49656251e-001
,,,3.99200000e-008,-1.52281255e-001
,,,3.99240000e-008,-1.56000003e-001
,,,3.99280000e-008,-1.54125005e-001
,,,3.99320000e-008,-1.51062503e-001
,,,3.99360000e-008,-1.62531257e-001
,,,3.99400000e-008,-1.64000005e-001
,,,3.99440000e-008,-1.56000003e-001
,,,3.99480000e-008,-1.57281250e-001
,,,3.99520000e-008,-1.45656258e-001
,,,3.99560000e-008,-1.49312496e-001
,,,3.99600000e-008,-1.50156260e-001
,,,3.99640000e-008,-1.64187506e-001
,,,3.99680000e-008,-1.64000005e-001
,,,3.99720000e-008,-1.51156247e-001
,,,3.99760000e-008,-1.48000002e-001
,,,3.99800000e-008,-1.44156247e-001
,,,3.99840000e-008,-1.48000002e-001
,,,3.99880000e-008,-1.44468755e-001
,,,3.99920000e-008,-1.55687496e-001
,,,3.99960000e-008,-1.66875005e-001
,,,4.00000000e-008,-1.64562508e-001
,,,4.00040000e-008,-1.48000002e-001
,,,4.00080000e-008,-1.44843757e-001
,,,4.00120000e-008,-1.51531249e-001
,,,4.00160000e-008,-1.56625003e-001
,,,4.00200000e-008,-1.48937508e-001
,,,4.00240000e-008,-1.51281253e-001
,,,4.00280000e-008,-1.56000003e-001
,,,4.00320000e-008,-1.51781246e-001
,,,4.00360000e-008,-1.46187499e-001
,,,4.00400000e-008,-1.50218755e-001
,,,4.00440000e-008,-1.48000002e-001
,,,4.00480000e-008,-1.57531247e-001
,,,4.00520000e-008,-1.52406245e-001
,,,4.00560000e-008,-1.48031250e-001
,,,4.00600000e-008,-1.48000002e-001
,,,4.00640000e-008,-1.44374996e-001
,,,4.00680000e-008,-1.52093753e-001
,,,4.00720000e-008,-1.48000002e-001
,,,4.00760000e-008,-1.48187503e-001
,,,4.00800000e-008,-1.51968747e-001
,,,4.00840000e-008,-1.48000002e-001
,,,4.00880000e-008,-1.47750005e-001
,,,4.00920000e-008,-1.40468746e-001
,,,4.00960000e-008,-1.43968746e-001
,,,4.01000000e-008,-1.47249997e-001
,,,4.01040000e-008,-1.48000002e-001
,,,4.01080000e-008,-1.42156258e-001
,,,4.01120000e-008,-1.48000002e-001
,,,4.01160000e-008,-1.40468746e-001
,,,4.01200000e-008,-1.48000002e-001
,,,4.01240000e-008,-1.50281250e-001
,,,4.01280000e-008,-1.59781247e-001
,,,4.01320000e-008,-1.56000003e-001
,,,4.01360000e-008,-1.49499997e-001
,,,4.01400000e-008,-1.49187505e-001
,,,4.01440000e-008,-1.40000001e-001
,,,4.01480000e-008,-1.43656254e-001
,,,4.01520000e-008,-1.41406253e-001
,,,4.01560000e-008,-1.51031256e-001
,,,4.01600000e-008,-1.56000003e-001
,,,4.01640000e-008,-1.56000003e-001
,,,4.01680000e-008,-1.62593752e-001
,,,4.01720000e-008,-1.54218748e-001
,,,4.01760000e-008,-1.47874996e-001
,,,4.01800000e-008,-1.48000002e-001
,,,4.01840000e-008,-1.48000002e-001
,,,4.01880000e-008,-1.50312498e-001
,,,4.01920000e-008,-1.42625004e-001
,,,4.01960000e-008,-1.40656248e-001
,,,4.02000000e-008,-1.46656245e-001
,,,4.02040000e-008,-1.51124999e-001
,,,4.02080000e-008,-1.44906253e-001
,,,4.02120000e-008,-1.43812507e-001
,,,4.02160000e-008,-1.42562509e-001
,,,4.02200000e-008,-1.48000002e-001
,,,4.02240000e-008,-1.40156254e-001
,,,4.02280000e-008,-1.40000001e-001
,,,4.02320000e-008,-1.39468759e-001
,,,4.02360000e-008,-1.48000002e-001
,,,4.02400000e-008,-1.42906249e-001
,,,4.02440000e-008,-1.40000001e-001
,,,4.02480000e-008,-1.40000001e-001
,,,4.02520000e-008,-1.35343745e-001
,,,4.02560000e-008,-1.38406247e-001
,,,4.02600000e-008,-1.40000001e-001
,,,4.02640000e-008,-1.39812499e-001
,,,4.02680000e-008,-1.45781249e-001
,,,4.02720000e-008,-1.45187497e-001
,,,4.02760000e-008,-1.41187504e-001
,,,4.02800000e-008,-1.41031250e-001
,,,4.02840000e-008,-1.41874999e-001
,,,4.02880000e-008,-1.47218749e-001
,,,4.02920000e-008,-1.43593758e-001
,,,4.02960000e-008,-1.36999995e-001
,,,4.03000000e-008,-1.39093757e-001
,,,4.03040000e-008,-1.44843757e-001
,,,4.03080000e-008,-1.42187506e-001
,,,4.03120000e-008,-1.40000001e-001
,,,4.03160000e-008,-1.41031250e-001
,,,4.03200000e-008,-1.50468752e-001
,,,4.03240000e-008,-1.56000003e-001
,,,4.03280000e-008,-1.52125001e-001
,,,4.03320000e-008,-1.50281250e-001
,,,4.03360000e-008,-1.41249999e-001
,,,4.03400000e-008,-1.41156256e-001
,,,4.03440000e-008,-1.48000002e-001
,,,4.03480000e-008,-1.45781249e-001
,,,4.03520000e-008,-1.40000001e-001
,,,4.03560000e-008,-1.46093756e-001
,,,4.03600000e-008,-1.43937498e-001
,,,4.03640000e-008,-1.40000001e-001
,,,4.03680000e-008,-1.34781256e-001
,,,4.03720000e-008,-1.36999995e-001
,,,4.03760000e-008,-1.45312503e-001
,,,4.03800000e-008,-1.43687502e-001
,,,4.03840000e-008,-1.40000001e-001
,,,4.03880000e-008,-1.35000005e-001
,,,4.03920000e-008,-1.36468753e-001
,,,4.03960000e-008,-1.35593757e-001
,,,4.04000000e-008,-1.31999999e-001
,,,4.04040000e-008,-1.41062498e-001
,,,4.04080000e-008,-1.44406259e-001
,,,4.04120000e-008,-1.48000002e-001
,,,4.04160000e-008,-1.47687495e-001
,,,4.04200000e-008,-1.56000003e-001
,,,4.04240000e-008,-1.51718751e-001
,,,4.04280000e-008,-1.39125004e-001
,,,4.04320000e-008,-1.40000001e-001
,,,4.04360000e-008,-1.36406258e-001
,,,4.04400000e-008,-1.37968749e-001
,,,4.04440000e-008,-1.40000001e-001
,,,4.04480000e-008,-1.37500003e-001
,,,4.04520000e-008,-1.40000001e-001
,,,4.04560000e-008,-1.40343755e-001
,,,4.04600000e-008,-1.40000001e-001
,,,4.04640000e-008,-1.32874995e-001
,,,4.04680000e-008,-1.36999995e-001
,,,4.04720000e-008,-1.37687504e-001
,,,4.04760000e-008,-1.36625007e-001
,,,4.04800000e-008,-1.34250000e-001
,,,4.04840000e-008,-1.40000001e-001
,,,4.04880000e-008,-1.40000001e-001
,,,4.04920000e-008,-1.43343747e-001
,,,4.04960000e-008,-1.48000002e-001
,,,4.05000000e-008,-1.50406256e-001
,,,4.05040000e-008,-1.55750006e-001
,,,4.05080000e-008,-1.49750009e-001
,,,4.05120000e-008,-1.36250004e-001
,,,4.05160000e-008,-1.40000001e-001
,,,4.05200000e-008,-1.50187507e-001
,,,4.05240000e-008,-1.48000002e-001
,,,4.05280000e-008,-1.37218758e-001
,,,4.05320000e-008,-1.40000001e-001
,,,4.05360000e-008,-1.49000004e-001
,,,4.05400000e-008,-1.48000002e-001
,,,4.05440000e-008,-1.38500005e-001
,,,4.05480000e-008,-1.40000001e-001
,,,4.05520000e-008,-1.39968753e-001
,,,4.05560000e-008,-1.33031249e-001
,,,4.05600000e-008,-1.32249996e-001
,,,4.05640000e-008,-1.31999999e-001
,,,4.05680000e-008,-1.37999997e-001
,,,4.05720000e-008,-1.40562505e-001
,,,4.05760000e-008,-1.39468759e-001
,,,4.05800000e-008,-1.32906258e-001
,,,4.05840000e-008,-1.40000001e-001
,,,4.05880000e-008,-1.40000001e-001
,,,4.05920000e-008,-1.40937507e-001
,,,4.05960000e-008,-1.41375005e-001
,,,4.06000000e-008,-1.48000002e-001
,,,4.06040000e-008,-1.50593758e-001
,,,4.06080000e-008,-1.47593752e-001
,,,4.06120000e-008,-1.48000002e-001
,,,4.06160000e-008,-1.40218750e-001
,,,4.06200000e-008,-1.35343745e-001
,,,4.06240000e-008,-1.34125009e-001
,,,4.06280000e-008,-1.40000001e-001
,,,4.06320000e-008,-1.39312506e-001
,,,4.06360000e-008,-1.41625002e-001
,,,4.06400000e-008,-1.36343747e-001
,,,4.06440000e-008,-1.35062501e-001
,,,4.06480000e-008,-1.48000002e-001
,,,4.06520000e-008,-1.48968756e-001
,,,4.06560000e-008,-1.48062497e-001
,,,4.06600000e-008,-1.44093752e-001
,,,4.06640000e-008,-1.40000001e-001
,,,4.06680000e-008,-1.44906253e-001
,,,4.06720000e-008,-1.40000001e-001
,,,4.06760000e-008,-1.34187505e-001
,,,4.06800000e-008,-1.43375009e-001
,,,4.06840000e-008,-1.46906257e-001
,,,4.06880000e-008,-1.45062506e-001
,,,4.06920000e-008,-1.40000001e-001
,,,4.06960000e-008,-1.40312508e-001
,,,4.07000000e-008,-1.40000001e-001
,,,4.07040000e-008,-1.41687497e-001
,,,4.07080000e-008,-1.44749999e-001
,,,4.07120000e-008,-1.40000001e-001
,,,4.07160000e-008,-1.31999999e-001
,,,4.07200000e-008,-1.38156250e-001
,,,4.07240000e-008,-1.40062496e-001
,,,4.07280000e-008,-1.31999999e-001
,,,4.07320000e-008,-1.40000001e-001
,,,4.07360000e-008,-1.41499996e-001
,,,4.07400000e-008,-1.34875000e-001
,,,4.07440000e-008,-1.34875000e-001
,,,4.07480000e-008,-1.40000001e-001
,,,4.07520000e-008,-1.38218746e-001
,,,4.07560000e-008,-1.39531255e-001
,,,4.07600000e-008,-1.38781250e-001
,,,4.07640000e-008,-1.36749998e-001
,,,4.07680000e-008,-1.34218752e-001
,,,4.07720000e-008,-1.41562507e-001
,,,4.07760000e-008,-1.46093756e-001
,,,4.07800000e-008,-1.48000002e-001
,,,4.07840000e-008,-1.43906251e-001
,,,4.07880000e-008,-1.35437503e-001
,,,4.07920000e-008,-1.34625003e-001
,,,4.07960000e-008,-1.48874998e-001
,,,4.08000000e-008,-1.48000002e-001
,,,4.08040000e-008,-1.40000001e-001
,,,4.08080000e-008,-1.39218748e-001
,,,4.08120000e-008,-1.39906257e-001
,,,4.08160000e-008,-1.31999999e-001
,,,4.08200000e-008,-1.40000001e-001
,,,4.08240000e-008,-1.40000001e-001
,,,4.08280000e-008,-1.31999999e-001
,,,4.08320000e-008,-1.28718749e-001
,,,4.08360000e-008,-1.34125009e-001
,,,4.08400000e-008,-1.34781256e-001
,,,4.08440000e-008,-1.42687500e-001
,,,4.08480000e-008,-1.48843750e-001
,,,4.08520000e-008,-1.42031252e-001
,,,4.08560000e-008,-1.30531251e-001
,,,4.08600000e-008,-1.31999999e-001
,,,4.08640000e-008,-1.29187495e-001
,,,4.08680000e-008,-1.29625008e-001
,,,4.08720000e-008,-1.36875004e-001
,,,4.08760000e-008,-1.43124998e-001
,,,4.08800000e-008,-1.41468748e-001
,,,4.08840000e-008,-1.44968748e-001
,,,4.08880000e-008,-1.49625003e-001
,,,4.08920000e-008,-1.46312505e-001
,,,4.08960000e-008,-1.36906251e-001
,,,4.09000000e-008,-1.40000001e-001
,,,4.09040000e-008,-1.30812496e-001
,,,4.09080000e-008,-1.31999999e-001
,,,4.09120000e-008,-1.31937504e-001
,,,4.09160000e-008,-1.32125005e-001
,,,4.09200000e-008,-1.27781257e-001
,,,4.09240000e-008,-1.34468749e-001
,,,4.09280000e-008,-1.31999999e-001
,,,4.09320000e-008,-1.37374997e-001
,,,4.09360000e-008,-1.45343751e-001
,,,4.09400000e-008,-1.40000001e-001
,,,4.09440000e-008,-1.34000003e-001
,,,4.09480000e-008,-1.30750000e-001
,,,4.09520000e-008,-1.40312508e-001
,,,4.09560000e-008,-1.45750001e-001
,,,4.09600000e-008,-1.39562503e-001
,,,4.09640000e-008,-1.31999999e-001
,,,4.09680000e-008,-1.32031247e-001
,,,4.09720000e-008,-1.27218753e-001
,,,4.09760000e-008,-1.34562507e-001
,,,4.09800000e-008,-1.36406258e-001
,,,4.09840000e-008,-1.35812506e-001
,,,4.09880000e-008,-1.32656246e-001
,,,4.09920000e-008,-1.33781254e-001
,,,4.09960000e-008,-1.40500009e-001
,,,4.10000000e-008,-1.42843753e-001
,,,4.10040000e-008,-1.43031254e-001
,,,4.10080000e-008,-1.48093745e-001
,,,4.10120000e-008,-1.55187503e-001
,,,4.10160000e-008,-1.48000002e-001
,,,4.10200000e-008,-1.26968756e-001
,,,4.10240000e-008,-1.33531258e-001
,,,4.10280000e-008,-1.31999999e-001
,,,4.10320000e-008,-1.36062503e-001
,,,4.10360000e-008,-1.38718754e-001
,,,4.10400000e-008,-1.43250003e-001
,,,4.10440000e-008,-1.37093753e-001
,,,4.10480000e-008,-1.33218750e-001
,,,4.10520000e-008,-1.31343752e-001
,,,4.10560000e-008,-1.34437501e-001
,,,4.10600000e-008,-1.28093749e-001
,,,4.10640000e-008,-1.31999999e-001
,,,4.10680000e-008,-1.31999999e-001
,,,4.10720000e-008,-1.29437506e-001
,,,4.10760000e-008,-1.34093747e-001
,,,4.10800000e-008,-1.38187498e-001
,,,4.10840000e-008,-1.40000001e-001
,,,4.10880000e-008,-1.32156253e-001
,,,4.10920000e-008,-1.31999999e-001
,,,4.10960000e-008,-1.30406246e-001
,,,4.11000000e-008,-1.34187505e-001
,,,4.11040000e-008,-1.37906253e-001
,,,4.11080000e-008,-1.31999999e-001
,,,4.11120000e-008,-1.31999999e-001
,,,4.11160000e-008,-1.34437501e-001
,,,4.11200000e-008,-1.33187503e-001
,,,4.11240000e-008,-1.26249999e-001
,,,4.11280000e-008,-1.35968745e-001
,,,4.11320000e-008,-1.40000001e-001
,,,4.11360000e-008,-1.33687496e-001
,,,4.11400000e-008,-1.32437497e-001
,,,4.11440000e-008,-1.33187503e-001
,,,4.11480000e-008,-1.27937496e-001
,,,4.11520000e-008,-1.26000002e-001
,,,4.11560000e-008,-1.20562501e-001
,,,4.11600000e-008,-1.22843750e-001
,,,4.11640000e-008,-1.24000005e-001
,,,4.11680000e-008,-1.24062501e-001
,,,4.11720000e-008,-1.36531249e-001
,,,4.11760000e-008,-1.39624998e-001
,,,4.11800000e-008,-1.31999999e-001
,,,4.11840000e-008,-1.31999999e-001
,,,4.11880000e-008,-1.31999999e-001
,,,4.11920000e-008,-1.41218752e-001
,,,4.11960000e-008,-1.45968750e-001
,,,4.12000000e-008,-1.40000001e-001
,,,4.12040000e-008,-1.31999999e-001
,,,4.12080000e-008,-1.26343757e-001
,,,4.12120000e-008,-1.24000005e-001
,,,4.12160000e-008,-1.26312509e-001
,,,4.12200000e-008,-1.27968758e-001
,,,4.12240000e-008,-1.34156257e-001
,,,4.12280000e-008,-1.31999999e-001
,,,4.12320000e-008,-1.24000005e-001
,,,4.12360000e-008,-1.34031251e-001
,,,4.12400000e-008,-1.40000001e-001
,,,4.12440000e-008,-1.35499999e-001
,,,4.12480000e-008,-1.31999999e-001
,,,4.12520000e-008,-1.43218756e-001
,,,4.12560000e-008,-1.45343751e-001
,,,4.12600000e-008,-1.43843755e-001
,,,4.12640000e-008,-1.49843752e-001
,,,4.12680000e-008,-1.40000001e-001
,,,4.12720000e-008,-1.28500000e-001
,,,4.12760000e-008,-1.34062499e-001
,,,4.12800000e-008,-1.31999999e-001
,,,4.12840000e-008,-1.21312499e-001
,,,4.12880000e-008,-1.24968752e-001
,,,4.12920000e-008,-1.31812498e-001
,,,4.12960000e-008,-1.27593756e-001
,,,4.13000000e-008,-1.18749999e-001
,,,4.13040000e-008,-1.24000005e-001
,,,4.13080000e-008,-1.31999999e-001
,,,4.13120000e-008,-1.49687499e-001
,,,4.13160000e-008,-1.51093751e-001
,,,4.13200000e-008,-1.36593759e-001
,,,4.13240000e-008,-1.37500003e-001
,,,4.13280000e-008,-1.40937507e-001
,,,4.13320000e-008,-1.33468747e-001
,,,4.13360000e-008,-1.26375005e-001
,,,4.13400000e-008,-1.26843750e-001
,,,4.13440000e-008,-1.40000001e-001
,,,4.13480000e-008,-1.40218750e-001
,,,4.13520000e-008,-1.28749996e-001
,,,4.13560000e-008,-1.26187503e-001
,,,4.13600000e-008,-1.23500004e-001
,,,4.13640000e-008,-1.43625006e-001
,,,4.13680000e-008,-1.48000002e-001
,,,4.13720000e-008,-1.35250002e-001
,,,4.13760000e-008,-1.36437505e-001
,,,4.13800000e-008,-1.48000002e-001
,,,4.13840000e-008,-1.45812497e-001
,,,4.13880000e-008,-1.34187505e-001
,,,4.13920000e-008,-1.40000001e-001
,,,4.13960000e-008,-1.34468749e-001
,,,4.14000000e-008,-1.31437495e-001
,,,4.14040000e-008,-1.20375000e-001
,,,4.14080000e-008,-1.24000005e-001
,,,4.14120000e-008,-1.21781252e-001
,,,4.14160000e-008,-1.29656255e-001
,,,4.14200000e-008,-1.30968750e-001
,,,4.14240000e-008,-1.32187501e-001
,,,4.14280000e-008,-1.40000001e-001
,,,4.14320000e-008,-1.40625000e-001
,,,4.14360000e-008,-1.29749998e-001
,,,4.14400000e-008,-1.28625005e-001
,,,4.14440000e-008,-1.36562496e-001
,,,4.14480000e-008,-1.48000002e-001
,,,4.14520000e-008,-1.45437509e-001
,,,4.14560000e-008,-1.29843757e-001
,,,4.14600000e-008,-1.29625008e-001
,,,4.14640000e-008,-1.24000005e-001
,,,4.14680000e-008,-1.31999999e-001
,,,4.14720000e-008,-1.27062500e-001
,,,4.14760000e-008,-1.30218759e-001
,,,4.14800000e-008,-1.24718755e-001
,,,4.14840000e-008,-1.31593749e-001
,,,4.14880000e-008,-1.28437504e-001
,,,4.14920000e-008,-1.22718751e-001
,,,4.14960000e-008,-1.29031256e-001
,,,4.15000000e-008,-1.31999999e-001
,,,4.15040000e-008,-1.31562501e-001
,,,4.15080000e-008,-1.31999999e-001
,,,4.15120000e-008,-1.21218748e-001
,,,4.15160000e-008,-1.27437502e-001
,,,4.15200000e-008,-1.30374998e-001
,,,4.15240000e-008,-1.28406256e-001
,,,4.15280000e-008,-1.24000005e-001
,,,4.15320000e-008,-1.21281251e-001
,,,4.15360000e-008,-1.19093753e-001
,,,4.15400000e-008,-1.24000005e-001
,,,4.15440000e-008,-1.30562499e-001
,,,4.15480000e-008,-1.29718751e-001
,,,4.15520000e-008,-1.27218753e-001
,,,4.15560000e-008,-1.33031249e-001
,,,4.15600000e-008,-1.40000001e-001
,,,4.15640000e-008,-1.35468751e-001
,,,4.15680000e-008,-1.33375004e-001
,,,4.15720000e-008,-1.32687509e-001
,,,4.15760000e-008,-1.32531255e-001
,,,4.15800000e-008,-1.30437508e-001
,,,4.15840000e-008,-1.27937496e-001
,,,4.15880000e-008,-1.25937507e-001
,,,4.15920000e-008,-1.26562506e-001
,,,4.15960000e-008,-1.25031248e-001
,,,4.16000000e-008,-1.31999999e-001
,,,4.16040000e-008,-1.28656253e-001
,,,4.16080000e-008,-1.20187499e-001
,,,4.16120000e-008,-1.22562505e-001
,,,4.16160000e-008,-1.29468754e-001
,,,4.16200000e-008,-1.31999999e-001
,,,4.16240000e-008,-1.31562501e-001
,,,4.16280000e-008,-1.25437498e-001
,,,4.16320000e-008,-1.26187503e-001
,,,4.16360000e-008,-1.28718749e-001
,,,4.16400000e-008,-1.31031245e-001
,,,4.16440000e-008,-1.24656253e-001
,,,4.16480000e-008,-1.20250002e-001
,,,4.16520000e-008,-1.24468751e-001
,,,4.16560000e-008,-1.31999999e-001
,,,4.16600000e-008,-1.35812506e-001
,,,4.16640000e-008,-1.30531251e-001
,,,4.16680000e-008,-1.24000005e-001
,,,4.16720000e-008,-1.24000005e-001
,,,4.16760000e-008,-1.19437501e-001
,,,4.16800000e-008,-1.26406252e-001
,,,4.16840000e-008,-1.31999999e-001
,,,4.16880000e-008,-1.27281249e-001
,,,4.16920000e-008,-1.23656251e-001
,,,4.16960000e-008,-1.20125003e-001
,,,4.17000000e-008,-1.23093754e-001
,,,4.17040000e-008,-1.24000005e-001
,,,4.17080000e-008,-1.16000004e-001
,,,4.17120000e-008,-1.20375000e-001
,,,4.17160000e-008,-1.21468753e-001
,,,4.17200000e-008,-1.25343755e-001
,,,4.17240000e-008,-1.23843752e-001
,,,4.17280000e-008,-1.16999999e-001
,,,4.17320000e-008,-1.20781250e-001
,,,4.17360000e-008,-1.19093753e-001
,,,4.17400000e-008,-1.18812501e-001
,,,4.17440000e-008,-1.26499996e-001
,,,4.17480000e-008,-1.31999999e-001
,,,4.17520000e-008,-1.26218751e-001
,,,4.17560000e-008,-1.22125000e-001
,,,4.17600000e-008,-1.26812503e-001
,,,4.17640000e-008,-1.34656250e-001
,,,4.17680000e-008,-1.31999999e-001
,,,4.17720000e-008,-1.24000005e-001
,,,4.17760000e-008,-1.27468750e-001
,,,4.17800000e-008,-1.26312509e-001
,,,4.17840000e-008,-1.19156249e-001
,,,4.17880000e-008,-1.31999999e-001
,,,4.17920000e-008,-1.30781248e-001
,,,4.17960000e-008,-1.20937504e-001
,,,4.18000000e-008,-1.19937502e-001
,,,4.18040000e-008,-1.23187505e-001
,,,4.18080000e-008,-1.25125006e-001
,,,4.18120000e-008,-1.23875000e-001
,,,4.18160000e-008,-1.21312499e-001
,,,4.18200000e-008,-1.31125003e-001
,,,4.18240000e-008,-1.31999999e-001
,,,4.18280000e-008,-1.31999999e-001
,,,4.18320000e-008,-1.30374998e-001
,,,4.18360000e-008,-1.19687505e-001
,,,4.18400000e-008,-1.16000004e-001
,,,4.18440000e-008,-1.16843753e-001
,,,4.18480000e-008,-1.35749996e-001
,,,4.18520000e-008,-1.47031248e-001
,,,4.18560000e-008,-1.47531256e-001
,,,4.18600000e-008,-1.36718750e-001
,,,4.18640000e-008,-1.20062500e-001
,,,4.18680000e-008,-1.24000005e-001
,,,4.18720000e-008,-1.20250002e-001
,,,4.18760000e-008,-1.19343750e-001
,,,4.18800000e-008,-1.22875005e-001
,,,4.18840000e-008,-1.16562501e-001
,,,4.18880000e-008,-1.16000004e-001
,,,4.18920000e-008,-1.15812503e-001
,,,4.18960000e-008,-1.21906251e-001
,,,4.19000000e-008,-1.19218752e-001
,,,4.19040000e-008,-1.20187499e-001
,,,4.19080000e-008,-1.27031252e-001
,,,4.19120000e-008,-1.35312498e-001
,,,4.19160000e-008,-1.31437495e-001
,,,4.19200000e-008,-1.16093755e-001
,,,4.19240000e-008,-1.16000004e-001
,,,4.19280000e-008,-1.23000003e-001
,,,4.19320000e-008,-1.28781259e-001
,,,4.19360000e-008,-1.24531254e-001
,,,4.19400000e-008,-1.26156256e-001
,,,4.19440000e-008,-1.22749999e-001
,,,4.19480000e-008,-1.17500000e-001
,,,4.19520000e-008,-1.25874996e-001
,,,4.19560000e-008,-1.34187505e-001
,,,4.19600000e-008,-1.30875006e-001
,,,4.19640000e-008,-1.21343754e-001
,,,4.19680000e-008,-1.13312505e-001
,,,4.19720000e-008,-1.18437499e-001
,,,4.19760000e-008,-1.16000004e-001
,,,4.19800000e-008,-1.17281251e-001
,,,4.19840000e-008,-1.26000002e-001
,,,4.19880000e-008,-1.28531247e-001
,,,4.19920000e-008,-1.32531255e-001
,,,4.19960000e-008,-1.28187507e-001
,,,4.20000000e-008,-1.21468753e-001
,,,4.20040000e-008,-1.25500008e-001
,,,4.20080000e-008,-1.25562504e-001
,,,4.20120000e-008,-1.16000004e-001
,,,4.20160000e-008,-1.18937500e-001
,,,4.20200000e-008,-1.16000004e-001
,,,4.20240000e-008,-1.24000005e-001
,,,4.20280000e-008,-1.20499998e-001
,,,4.20320000e-008,-1.16218753e-001
,,,4.20360000e-008,-1.22343749e-001
,,,4.20400000e-008,-1.24000005e-001
,,,4.20440000e-008,-1.23093754e-001
,,,4.20480000e-008,-1.26249999e-001
,,,4.20520000e-008,-1.26843750e-001
,,,4.20560000e-008,-1.22906253e-001
,,,4.20600000e-008,-1.24000005e-001
,,,4.20640000e-008,-1.21718749e-001
,,,4.20680000e-008,-1.11937501e-001
,,,4.20720000e-008,-1.23531252e-001
,,,4.20760000e-008,-1.25062495e-001
,,,4.20800000e-008,-1.16593748e-001
,,,4.20840000e-008,-1.16000004e-001
,,,4.20880000e-008,-1.21937498e-001
,,,4.20920000e-008,-1.19593754e-001
,,,4.20960000e-008,-1.13062501e-001
,,,4.21000000e-008,-1.28187507e-001
,,,4.21040000e-008,-1.31999999e-001
,,,4.21080000e-008,-1.22749999e-001
,,,4.21120000e-008,-1.12812504e-001
,,,4.21160000e-008,-1.13156252e-001
,,,4.21200000e-008,-1.14562504e-001
,,,4.21240000e-008,-1.14124998e-001
,,,4.21280000e-008,-1.15562499e-001
,,,4.21320000e-008,-1.15125000e-001
,,,4.21360000e-008,-1.18500002e-001
,,,4.21400000e-008,-1.16593748e-001
,,,4.21440000e-008,-1.28187507e-001
,,,4.21480000e-008,-1.40000001e-001
,,,4.21520000e-008,-1.40562505e-001
,,,4.21560000e-008,-1.31093755e-001
,,,4.21600000e-008,-1.16000004e-001
,,,4.21640000e-008,-1.19718753e-001
,,,4.21680000e-008,-1.23593755e-001
,,,4.21720000e-008,-1.19312502e-001
,,,4.21760000e-008,-1.18156254e-001
,,,4.21800000e-008,-1.16000004e-001
,,,4.21840000e-008,-1.12156250e-001
,,,4.21880000e-008,-1.18406251e-001
,,,4.21920000e-008,-1.24000005e-001
,,,4.21960000e-008,-1.18031248e-001
,,,4.22000000e-008,-1.16000004e-001
,,,4.22040000e-008,-1.25093758e-001
,,,4.22080000e-008,-1.26375005e-001
,,,4.22120000e-008,-1.20843753e-001
,,,4.22160000e-008,-1.13531254e-001
,,,4.22200000e-008,-1.16000004e-001
,,,4.22240000e-008,-1.12750001e-001
,,,4.22280000e-008,-1.24906249e-001
,,,4.22320000e-008,-1.24000005e-001
,,,4.22360000e-008,-1.16187498e-001
,,,4.22400000e-008,-1.23250000e-001
,,,4.22440000e-008,-1.24000005e-001
,,,4.22480000e-008,-1.18375003e-001
,,,4.22520000e-008,-1.12343751e-001
,,,4.22560000e-008,-1.14624999e-001
,,,4.22600000e-008,-1.13499999e-001
,,,4.22640000e-008,-1.16000004e-001
,,,4.22680000e-008,-1.21875003e-001
,,,4.22720000e-008,-1.28312498e-001
,,,4.22760000e-008,-1.23562500e-001
,,,4.22800000e-008,-1.16000004e-001
,,,4.22840000e-008,-1.14812501e-001
,,,4.22880000e-008,-1.28000006e-001
,,,4.22920000e-008,-1.31999999e-001
,,,4.22960000e-008,-1.25437498e-001
,,,4.23000000e-008,-1.12625003e-001
,,,4.23040000e-008,-1.16000004e-001
,,,4.23080000e-008,-1.19874999e-001
,,,4.23120000e-008,-1.24000005e-001
,,,4.23160000e-008,-1.18656255e-001
,,,4.23200000e-008,-1.26812503e-001
,,,4.23240000e-008,-1.26468748e-001
,,,4.23280000e-008,-1.21187501e-001
,,,4.23320000e-008,-1.16000004e-001
,,,4.23360000e-008,-1.12968750e-001
,,,4.23400000e-008,-1.24000005e-001
,,,4.23440000e-008,-1.29562497e-001
,,,4.23480000e-008,-1.27531245e-001
,,,4.23520000e-008,-1.20750003e-001
,,,4.23560000e-008,-1.11562498e-001
,,,4.23600000e-008,-1.16000004e-001
,,,4.23640000e-008,-1.24437504e-001
,,,4.23680000e-008,-1.28906250e-001
,,,4.23720000e-008,-1.22749999e-001
,,,4.23760000e-008,-1.16000004e-001
,,,4.23800000e-008,-1.16000004e-001
,,,4.23840000e-008,-1.23125002e-001
,,,4.23880000e-008,-1.19406253e-001
,,,4.23920000e-008,-1.17437504e-001
,,,4.23960000e-008,-1.16000004e-001
,,,4.24000000e-008,-1.14781253e-001
,,,4.24040000e-008,-1.24000005e-001
,,,4.24080000e-008,-1.20499998e-001
,,,4.24120000e-008,-1.16000004e-001
,,,4.24160000e-008,-1.12687498e-001
,,,4.24200000e-008,-1.16000004e-001
,,,4.24240000e-008,-1.16000004e-001
,,,4.24280000e-008,-1.13218755e-001
,,,4.24320000e-008,-1.09468751e-001
,,,4.24360000e-008,-1.17156252e-001
,,,4.24400000e-008,-1.16000004e-001
,,,4.24440000e-008,-1.16750002e-001
,,,4.24480000e-008,-1.24000005e-001
,,,4.24520000e-008,-1.27937496e-001
,,,4.24560000e-008,-1.25312507e-001
,,,4.24600000e-008,-1.22249998e-001
,,,4.24640000e-008,-1.13437504e-001
,,,4.24680000e-008,-1.08000003e-001
,,,4.24720000e-008,-1.15156248e-001
,,,4.24760000e-008,-1.12937503e-001
,,,4.24800000e-008,-1.08000003e-001
,,,4.24840000e-008,-1.08281255e-001
,,,4.24880000e-008,-1.12812504e-001
,,,4.24920000e-008,-1.20687500e-001
,,,4.24960000e-008,-1.21906251e-001
,,,4.25000000e-008,-1.19062498e-001
,,,4.25040000e-008,-1.16000004e-001
,,,4.25080000e-008,-1.19468749e-001
,,,4.25120000e-008,-1.16000004e-001
,,,4.25160000e-008,-1.16937503e-001
,,,4.25200000e-008,-1.24000005e-001
,,,4.25240000e-008,-1.29062504e-001
,,,4.25280000e-008,-1.27781257e-001
,,,4.25320000e-008,-1.19093753e-001
,,,4.25360000e-008,-1.23062499e-001
,,,4.25400000e-008,-1.24000005e-001
,,,4.25440000e-008,-1.14343755e-001
,,,4.25480000e-008,-1.09593749e-001
,,,4.25520000e-008,-1.18000001e-001
,,,4.25560000e-008,-1.14718750e-001
,,,4.25600000e-008,-1.27656251e-001
,,,4.25640000e-008,-1.40437499e-001
,,,4.25680000e-008,-1.40000001e-001
,,,4.25720000e-008,-1.25312507e-001
,,,4.25760000e-008,-1.16781250e-001
,,,4.25800000e-008,-1.16000004e-001
,,,4.25840000e-008,-1.20218754e-001
,,,4.25880000e-008,-1.15156248e-001
,,,4.25920000e-008,-1.12406254e-001
,,,4.25960000e-008,-1.09343752e-001
,,,4.26000000e-008,-1.14750005e-001
,,,4.26040000e-008,-1.16000004e-001
,,,4.26080000e-008,-1.09000005e-001
,,,4.26120000e-008,-1.11312501e-001
,,,4.26160000e-008,-1.09093748e-001
,,,4.26200000e-008,-1.06531255e-001
,,,4.26240000e-008,-1.12156250e-001
,,,4.26280000e-008,-1.11968748e-001
,,,4.26320000e-008,-1.13968752e-001
,,,4.26360000e-008,-1.09750003e-001
,,,4.26400000e-008,-1.08000003e-001
,,,4.26440000e-008,-1.09999999e-001
,,,4.26480000e-008,-1.15312502e-001
,,,4.26520000e-008,-1.17062502e-001
,,,4.26560000e-008,-1.17906250e-001
,,,4.26600000e-008,-1.24000005e-001
,,,4.26640000e-008,-1.17562503e-001
,,,4.26680000e-008,-1.08000003e-001
,,,4.26720000e-008,-1.08000003e-001
,,,4.26760000e-008,-1.12000003e-001
,,,4.26800000e-008,-1.16000004e-001
,,,4.26840000e-008,-1.16625004e-001
,,,4.26880000e-008,-1.05406255e-001
,,,4.26920000e-008,-1.06781252e-001
,,,4.26960000e-008,-1.08937502e-001
,,,4.27000000e-008,-1.09062500e-001
,,,4.27040000e-008,-1.16999999e-001
,,,4.27080000e-008,-1.27250001e-001
,,,4.27120000e-008,-1.27031252e-001
,,,4.27160000e-008,-1.16000004e-001
,,,4.27200000e-008,-1.08000003e-001
,,,4.27240000e-008,-1.09218754e-001
,,,4.27280000e-008,-1.09968752e-001
,,,4.27320000e-008,-1.08750001e-001
,,,4.27360000e-008,-1.09375000e-001
,,,4.27400000e-008,-1.21250004e-001
,,,4.27440000e-008,-1.24000005e-001
,,,4.27480000e-008,-1.16531253e-001
,,,4.27520000e-008,-1.20531254e-001
,,,4.27560000e-008,-1.17687501e-001
,,,4.27600000e-008,-1.12218753e-001
,,,4.27640000e-008,-1.15062505e-001
,,,4.27680000e-008,-1.17093749e-001
,,,4.27720000e-008,-1.17312498e-001
,,,4.27760000e-008,-1.20187499e-001
,,,4.27800000e-008,-1.18250005e-001
,,,4.27840000e-008,-1.16000004e-001
,,,4.27880000e-008,-1.13125004e-001
,,,4.27920000e-008,-1.04249999e-001
,,,4.27960000e-008,-1.07062504e-001
,,,4.28000000e-008,-1.25156254e-001
,,,4.28040000e-008,-1.34218752e-001
,,,4.28080000e-008,-1.31999999e-001
,,,4.28120000e-008,-1.18062504e-001
,,,4.28160000e-008,-1.08687505e-001
,,,4.28200000e-008,-1.18406251e-001
,,,4.28240000e-008,-1.16000004e-001
,,,4.28280000e-008,-1.14562504e-001
,,,4.28320000e-008,-1.21375002e-001
,,,4.28360000e-008,-1.19343750e-001
,,,4.28400000e-008,-1.16000004e-001
,,,4.28440000e-008,-1.12656251e-001
,,,4.28480000e-008,-1.08874999e-001
,,,4.28520000e-008,-1.08000003e-001
,,,4.28560000e-008,-1.09968752e-001
,,,4.28600000e-008,-1.08000003e-001
,,,4.28640000e-008,-1.08000003e-001
,,,4.28680000e-008,-1.09625004e-001
,,,4.28720000e-008,-1.16062500e-001
,,,4.28760000e-008,-1.11000001e-001
,,,4.28800000e-008,-1.09812498e-001
,,,4.28840000e-008,-1.08000003e-001
,,,4.28880000e-008,-1.08000003e-001
,,,4.28920000e-008,-1.09781250e-001
,,,4.28960000e-008,-1.08000003e-001
,,,4.29000000e-008,-1.02468751e-001
,,,4.29040000e-008,-1.04625002e-001
,,,4.29080000e-008,-1.09656252e-001
,,,4.29120000e-008,-1.08000003e-001
,,,4.29160000e-008,-1.07687503e-001
,,,4.29200000e-008,-1.17062502e-001
,,,4.29240000e-008,-1.16000004e-001
,,,4.29280000e-008,-1.04562499e-001
,,,4.29320000e-008,-1.09250002e-001
,,,4.29360000e-008,-1.16031252e-001
,,,4.29400000e-008,-1.13750003e-001
,,,4.29440000e-008,-1.14687502e-001
,,,4.29480000e-008,-1.16625004e-001
,,,4.29520000e-008,-1.08593754e-001
,,,4.29560000e-008,-1.02062501e-001
,,,4.29600000e-008,-1.06156252e-001
,,,4.29640000e-008,-1.12187505e-001
,,,4.29680000e-008,-1.16000004e-001
,,,4.29720000e-008,-1.13687500e-001
,,,4.29760000e-008,-1.06875002e-001
,,,4.29800000e-008,-1.08000003e-001
,,,4.29840000e-008,-1.08125001e-001
,,,4.29880000e-008,-1.08000003e-001
,,,4.29920000e-008,-1.04531251e-001
,,,4.29960000e-008,-1.01937503e-001
,,,4.30000000e-008,-1.03812501e-001
,,,4.30040000e-008,-1.08000003e-001
,,,4.30080000e-008,-1.08000003e-001
,,,4.30120000e-008,-1.08000003e-001
,,,4.30160000e-008,-1.15968749e-001
,,,4.30200000e-008,-1.24000005e-001
,,,4.30240000e-008,-1.19812503e-001
,,,4.30280000e-008,-1.09375000e-001
,,,4.30320000e-008,-1.10375002e-001
,,,4.30360000e-008,-1.06812499e-001
,,,4.30400000e-008,-1.01000004e-001
,,,4.30440000e-008,-1.00000001e-001
,,,4.30480000e-008,-1.05812505e-001
,,,4.30520000e-008,-1.10281251e-001
,,,4.30560000e-008,-1.08031251e-001
,,,4.30600000e-008,-1.05187498e-001
,,,4.30640000e-008,-1.08000003e-001
,,,4.30680000e-008,-1.13937505e-001
,,,4.30720000e-008,-1.18749999e-001
,,,4.30760000e-008,-1.14156254e-001
,,,4.30800000e-008,-1.09593749e-001
,,,4.30840000e-008,-1.16000004e-001
,,,4.30880000e-008,-1.13156252e-001
,,,4.30920000e-008,-1.08406253e-001
,,,4.30960000e-008,-1.22031249e-001
,,,4.31000000e-008,-1.24000005e-001
,,,4.31040000e-008,-1.16875000e-001
,,,4.31080000e-008,-1.16000004e-001
,,,4.31120000e-008,-1.09499998e-001
,,,4.31160000e-008,-1.08000003e-001
,,,4.31200000e-008,-1.07625000e-001
,,,4.31240000e-008,-1.08000003e-001
,,,4.31280000e-008,-1.03593752e-001
,,,4.31320000e-008,-1.01031251e-001
,,,4.31360000e-008,-1.02875002e-001
,,,4.31400000e-008,-1.08000003e-001
,,,4.31440000e-008,-1.08000003e-001
,,,4.31480000e-008,-1.09906249e-001
,,,4.31520000e-008,-1.17781252e-001
,,,4.31560000e-008,-1.17031254e-001
,,,4.31600000e-008,-1.08000003e-001
,,,4.31640000e-008,-1.22156255e-001
,,,4.31680000e-008,-1.25218749e-001
,,,4.31720000e-008,-1.24000005e-001
,,,4.31760000e-008,-1.16343752e-001
,,,4.31800000e-008,-1.05937503e-001
,,,4.31840000e-008,-1.08000003e-001
,,,4.31880000e-008,-1.09843753e-001
,,,4.31920000e-008,-1.04312502e-001
,,,4.31960000e-008,-1.06718749e-001
,,,4.32000000e-008,-1.16000004e-001
,,,4.32040000e-008,-1.12718754e-001
,,,4.32080000e-008,-1.05000004e-001
,,,4.32120000e-008,-1.05750002e-001
,,,4.32160000e-008,-1.06781252e-001
,,,4.32200000e-008,-1.11906253e-001
,,,4.32240000e-008,-1.08000003e-001
,,,4.32280000e-008,-1.00500003e-001
,,,4.32320000e-008,-1.08000003e-001
,,,4.32360000e-008,-1.14906251e-001
,,,4.32400000e-008,-1.10468753e-001
,,,4.32440000e-008,-1.02812499e-001
,,,4.32480000e-008,-1.04218751e-001
,,,4.32520000e-008,-1.00531250e-001
,,,4.32560000e-008,-1.00249998e-001
,,,4.32600000e-008,-1.04125001e-001
,,,4.32640000e-008,-1.00812502e-001
,,,4.32680000e-008,-1.08593754e-001
,,,4.32720000e-008,-1.08000003e-001
,,,4.32760000e-008,-1.04750000e-001
,,,4.32800000e-008,-1.10218748e-001
,,,4.32840000e-008,-1.16000004e-001
,,,4.32880000e-008,-1.13093749e-001
,,,4.32920000e-008,-1.08000003e-001
,,,4.32960000e-008,-1.07093751e-001
,,,4.33000000e-008,-1.05343752e-001
,,,4.33040000e-008,-1.16000004e-001
,,,4.33080000e-008,-1.15156248e-001
,,,4.33120000e-008,-1.16000004e-001
,,,4.33160000e-008,-1.12125002e-001
,,,4.33200000e-008,-1.00000001e-001
,,,4.33240000e-008,-1.00000001e-001
,,,4.33280000e-008,-1.00000001e-001
,,,4.33320000e-008,-1.08000003e-001
,,,4.33360000e-008,-1.04968749e-001
,,,4.33400000e-008,-9.94687527e-002
,,,4.33440000e-008,-1.02812499e-001
,,,4.33480000e-008,-1.08000003e-001
,,,4.33520000e-008,-1.06343754e-001
,,,4.33560000e-008,-9.88750011e-002
,,,4.33600000e-008,-1.05187498e-001
,,,4.33640000e-008,-1.07031249e-001
,,,4.33680000e-008,-1.03406250e-001
,,,4.33720000e-008,-1.00000001e-001
,,,4.33760000e-008,-1.00000001e-001
,,,4.33800000e-008,-1.00375004e-001
,,,4.33840000e-008,-1.11281253e-001
,,,4.33880000e-008,-1.19375005e-001
,,,4.33920000e-008,-1.16000004e-001
,,,4.33960000e-008,-1.18031248e-001
,,,4.34000000e-008,-1.08000003e-001
,,,4.34040000e-008,-1.08000003e-001
,,,4.34080000e-008,-1.09250002e-001
,,,4.34120000e-008,-1.08000003e-001
,,,4.34160000e-008,-1.01000004e-001
,,,4.34200000e-008,-9.87187549e-002
,,,4.34240000e-008,-9.20000002e-002
,,,4.34280000e-008,-9.40000042e-002
,,,4.34320000e-008,-9.50312540e-002
,,,4.34360000e-008,-9.54999998e-002
,,,4.34400000e-008,-1.01656251e-001
,,,4.34440000e-008,-1.05562501e-001
,,,4.34480000e-008,-1.04906254e-001
,,,4.34520000e-008,-1.00000001e-001
,,,4.34560000e-008,-1.03031248e-001
,,,4.34600000e-008,-1.08000003e-001
,,,4.34640000e-008,-1.09656252e-001
,,,4.34680000e-008,-1.16000004e-001
,,,4.34720000e-008,-1.09656252e-001
,,,4.34760000e-008,-1.00656249e-001
,,,4.34800000e-008,-1.07593752e-001
,,,4.34840000e-008,-1.08000003e-001
,,,4.34880000e-008,-1.02499999e-001
,,,4.34920000e-008,-1.08000003e-001
,,,4.34960000e-008,-1.03687502e-001
,,,4.35000000e-008,-1.05656251e-001
,,,4.35040000e-008,-1.08000003e-001
,,,4.35080000e-008,-1.07718751e-001
,,,4.35120000e-008,-1.02781251e-001
,,,4.35160000e-008,-1.02031253e-001
,,,4.35200000e-008,-1.00031249e-001
,,,4.35240000e-008,-1.02156252e-001
,,,4.35280000e-008,-1.05718754e-001
,,,4.35320000e-008,-1.01968750e-001
,,,4.35360000e-008,-9.20000002e-002
,,,4.35400000e-008,-9.54999998e-002
,,,4.35440000e-008,-9.99374986e-002
,,,4.35480000e-008,-1.13531254e-001
,,,4.35520000e-008,-1.16000004e-001
,,,4.35560000e-008,-1.13906249e-001
,,,4.35600000e-008,-1.18749999e-001
,,,4.35640000e-008,-1.11249998e-001
,,,4.35680000e-008,-1.18625000e-001
,,,4.35720000e-008,-1.15062505e-001
,,,4.35760000e-008,-1.00000001e-001
,,,4.35800000e-008,-1.00000001e-001
,,,4.35840000e-008,-9.60625038e-002
,,,4.35880000e-008,-9.83125046e-002
,,,4.35920000e-008,-1.00000001e-001
,,,4.35960000e-008,-1.05750002e-001
,,,4.36000000e-008,-1.00249998e-001
,,,4.36040000e-008,-1.00093752e-001
,,,4.36080000e-008,-9.99687538e-002
,,,4.36120000e-008,-9.97187495e-002
,,,4.36160000e-008,-9.95312482e-002
,,,4.36200000e-008,-1.00000001e-001
,,,4.36240000e-008,-1.04031250e-001
,,,4.36280000e-008,-1.02093749e-001
,,,4.36320000e-008,-1.01000004e-001
,,,4.36360000e-008,-9.92500037e-002
,,,4.36400000e-008,-1.08000003e-001
,,,4.36440000e-008,-1.05781250e-001
,,,4.36480000e-008,-1.02843754e-001
,,,4.36520000e-008,-1.08000003e-001
,,,4.36560000e-008,-1.03937499e-001
,,,4.36600000e-008,-1.03250004e-001
,,,4.36640000e-008,-1.02937505e-001
,,,4.36680000e-008,-9.60625038e-002
,,,4.36720000e-008,-9.67812538e-002
,,,4.36760000e-008,-9.42187533e-002
,,,4.36800000e-008,-9.78749990e-002
,,,4.36840000e-008,-1.03593752e-001
,,,4.36880000e-008,-1.00781254e-001
,,,4.36920000e-008,-1.05812505e-001
,,,4.36960000e-008,-1.17281251e-001
,,,4.37000000e-008,-1.16000004e-001
,,,4.37040000e-008,-1.08687505e-001
,,,4.37080000e-008,-1.10906251e-001
,,,4.37120000e-008,-1.00000001e-001
,,,4.37160000e-008,-9.79375020e-002
,,,4.37200000e-008,-1.08000003e-001
,,,4.37240000e-008,-1.06718749e-001
,,,4.37280000e-008,-1.00000001e-001
,,,4.37320000e-008,-1.00000001e-001
,,,4.37360000e-008,-9.15312544e-002
,,,4.37400000e-008,-9.70000029e-002
,,,4.37440000e-008,-1.05218753e-001
,,,4.37480000e-008,-1.08156249e-001
,,,4.37520000e-008,-1.13156252e-001
,,,4.37560000e-008,-1.02781251e-001
,,,4.37600000e-008,-1.08000003e-001
,,,4.37640000e-008,-1.06343754e-001
,,,4.37680000e-008,-1.06906250e-001
,,,4.37720000e-008,-1.08000003e-001
,,,4.37760000e-008,-1.05187498e-001
,,,4.37800000e-008,-9.68437493e-002
,,,4.37840000e-008,-1.00000001e-001
,,,4.37880000e-008,-1.04125001e-001
,,,4.37920000e-008,-1.08000003e-001
,,,4.37960000e-008,-1.06687501e-001
,,,4.38000000e-008,-9.57187489e-002
,,,4.38040000e-008,-1.03562504e-001
,,,4.38080000e-008,-1.05687499e-001
,,,4.38120000e-008,-1.03749998e-001
,,,4.38160000e-008,-9.99062508e-002
,,,4.38200000e-008,-9.53437537e-002
,,,4.38240000e-008,-9.20000002e-002
,,,4.38280000e-008,-8.57812539e-002
,,,4.38320000e-008,-9.40624997e-002
,,,4.38360000e-008,-1.05000004e-001
,,,4.38400000e-008,-1.07312500e-001
,,,4.38440000e-008,-9.70937535e-002
,,,4.38480000e-008,-9.64374989e-002
,,,4.38520000e-008,-1.01843752e-001
,,,4.38560000e-008,-1.03843749e-001
,,,4.38600000e-008,-1.08000003e-001
,,,4.38640000e-008,-9.91249979e-002
,,,4.38680000e-008,-9.48750004e-002
,,,4.38720000e-008,-9.02500004e-002
,,,4.38760000e-008,-8.95000026e-002
,,,4.38800000e-008,-1.00000001e-001
,,,4.38840000e-008,-1.01750001e-001
,,,4.38880000e-008,-1.16000004e-001
,,,4.38920000e-008,-1.14687502e-001
,,,4.38960000e-008,-1.05156250e-001
,,,4.39000000e-008,-1.00000001e-001
,,,4.39040000e-008,-9.20000002e-002
,,,4.39080000e-008,-9.96875018e-002
,,,4.39120000e-008,-1.01781249e-001
,,,4.39160000e-008,-9.82812494e-002
,,,4.39200000e-008,-9.55937505e-002
,,,4.39240000e-008,-1.02625005e-001
,,,4.39280000e-008,-1.00000001e-001
,,,4.39320000e-008,-9.95937511e-002
,,,4.39360000e-008,-9.91875008e-002
,,,4.39400000e-008,-9.72499996e-002
,,,4.39440000e-008,-9.21249986e-002
,,,4.39480000e-008,-8.84687528e-002
,,,4.39520000e-008,-9.20000002e-002
,,,4.39560000e-008,-1.00749999e-001
,,,4.39600000e-008,-9.97500047e-002
,,,4.39640000e-008,-1.03906251e-001
,,,4.39680000e-008,-1.00000001e-001
,,,4.39720000e-008,-9.74687487e-002
,,,4.39760000e-008,-9.64374989e-002
,,,4.39800000e-008,-1.08000003e-001
,,,4.39840000e-008,-1.11187503e-001
,,,4.39880000e-008,-1.01906255e-001
,,,4.39920000e-008,-9.78749990e-002
,,,4.39960000e-008,-9.85312536e-002
,,,4.40000000e-008,-1.00000001e-001
,,,4.40040000e-008,-9.43125039e-002
,,,4.40080000e-008,-1.08000003e-001
,,,4.40120000e-008,-1.12406254e-001
,,,4.40160000e-008,-1.06250003e-001
,,,4.40200000e-008,-1.04218751e-001
,,,4.40240000e-008,-1.01906255e-001
,,,4.40280000e-008,-9.20000002e-002
,,,4.40320000e-008,-9.42187533e-002
,,,4.40360000e-008,-9.55937505e-002
,,,4.40400000e-008,-9.20000002e-002
,,,4.40440000e-008,-9.20000002e-002
,,,4.40480000e-008,-9.75312516e-002
,,,4.40520000e-008,-9.53750014e-002
,,,4.40560000e-008,-9.25000012e-002
,,,4.40600000e-008,-9.20000002e-002
,,,4.40640000e-008,-1.00749999e-001
,,,4.40680000e-008,-1.07218750e-001
,,,4.40720000e-008,-1.00000001e-001
,,,4.40760000e-008,-9.31250006e-002
,,,4.40800000e-008,-9.34687480e-002
,,,4.40840000e-008,-9.22500044e-002
,,,4.40880000e-008,-8.43437538e-002
,,,4.40920000e-008,-8.75937492e-002
,,,4.40960000e-008,-9.37187523e-002
,,,4.41000000e-008,-1.00000001e-001
,,,4.41040000e-008,-1.00000001e-001
,,,4.41080000e-008,-9.44062546e-002
,,,4.41120000e-008,-1.02750003e-001
,,,4.41160000e-008,-1.06812499e-001
,,,4.41200000e-008,-1.07562505e-001
,,,4.41240000e-008,-9.65625048e-002
,,,4.41280000e-008,-9.13750008e-002
,,,4.41320000e-008,-9.20000002e-002
,,,4.41360000e-008,-9.20000002e-002
,,,4.41400000e-008,-9.76250023e-002
,,,4.41440000e-008,-1.00000001e-001
,,,4.41480000e-008,-1.02937505e-001
,,,4.41520000e-008,-1.00218751e-001
,,,4.41560000e-008,-9.65937525e-002
,,,4.41600000e-008,-8.70312527e-002
,,,4.41640000e-008,-8.97187516e-002
,,,4.41680000e-008,-8.77187476e-002
,,,4.41720000e-008,-9.63125005e-002
,,,4.41760000e-008,-1.12875000e-001
,,,4.41800000e-008,-1.16000004e-001
,,,4.41840000e-008,-1.03812501e-001
,,,4.41880000e-008,-8.39999989e-002
,,,4.41920000e-008,-8.51249993e-002
,,,4.41960000e-008,-8.77500027e-002
,,,4.42000000e-008,-9.40312520e-002
,,,4.42040000e-008,-1.00000001e-001
,,,4.42080000e-008,-9.44687501e-002
,,,4.42120000e-008,-9.20000002e-002
,,,4.42160000e-008,-1.03749998e-001
,,,4.42200000e-008,-1.02656253e-001
,,,4.42240000e-008,-9.75937545e-002
,,,4.42280000e-008,-9.89062488e-002
,,,4.42320000e-008,-1.02625005e-001
,,,4.42360000e-008,-9.51562524e-002
,,,4.42400000e-008,-1.08000003e-001
,,,4.42440000e-008,-1.09156251e-001
,,,4.42480000e-008,-9.87500027e-002
,,,4.42520000e-008,-1.00000001e-001
,,,4.42560000e-008,-9.59374979e-002
,,,4.42600000e-008,-1.05875000e-001
,,,4.42640000e-008,-1.07406251e-001
,,,4.42680000e-008,-1.00000001e-001
,,,4.42720000e-008,-1.00000001e-001
,,,4.42760000e-008,-9.73437503e-002
,,,4.42800000e-008,-1.00000001e-001
,,,4.42840000e-008,-1.05343752e-001
,,,4.42880000e-008,-9.91249979e-002
,,,4.42920000e-008,-9.22500044e-002
,,,4.42960000e-008,-9.38437507e-002
,,,4.43000000e-008,-8.84374976e-002
,,,4.43040000e-008,-8.53750035e-002
,,,4.43080000e-008,-9.20000002e-002
,,,4.43120000e-008,-9.98437479e-002
,,,4.43160000e-008,-9.71250013e-002
,,,4.43200000e-008,-8.94062519e-002
,,,4.43240000e-008,-9.20000002e-002
,,,4.43280000e-008,-8.87812525e-002
,,,4.43320000e-008,-8.39999989e-002
,,,4.43360000e-008,-9.15312544e-002
,,,4.43400000e-008,-9.91562530e-002
,,,4.43440000e-008,-1.03375003e-001
,,,4.43480000e-008,-9.81250033e-002
,,,4.43520000e-008,-8.43124986e-002
,,,4.43560000e-008,-8.81875008e-002
,,,4.43600000e-008,-9.48437527e-002
,,,4.43640000e-008,-1.00000001e-001
,,,4.43680000e-008,-1.00218751e-001
,,,4.43720000e-008,-9.59374979e-002
,,,4.43760000e-008,-9.76250023e-002
,,,4.43800000e-008,-9.20000002e-002
,,,4.43840000e-008,-9.55625027e-002
,,,4.43880000e-008,-8.90312493e-002
,,,4.43920000e-008,-8.89374986e-002
,,,4.43960000e-008,-9.32812542e-002
,,,4.44000000e-008,-9.62500051e-002
,,,4.44040000e-008,-9.59062502e-002
,,,4.44080000e-008,-9.37500000e-002
,,,4.44120000e-008,-1.02031253e-001
,,,4.44160000e-008,-1.03812501e-001
,,,4.44200000e-008,-9.45312530e-002
,,,4.44240000e-008,-9.19375047e-002
,,,4.44280000e-008,-9.11562517e-002
,,,4.44320000e-008,-8.75312537e-002
,,,4.44360000e-008,-9.89687517e-002
,,,4.44400000e-008,-1.00562498e-001
,,,4.44440000e-008,-9.37500000e-002
,,,4.44480000e-008,-9.22500044e-002
,,,4.44520000e-008,-1.00375004e-001
,,,4.44560000e-008,-1.00000001e-001
,,,4.44600000e-008,-9.20625031e-002
,,,4.44640000e-008,-8.70312527e-002
,,,4.44680000e-008,-8.56875032e-002
,,,4.44720000e-008,-9.25625041e-002
,,,4.44760000e-008,-9.69687477e-002
,,,4.44800000e-008,-9.68750045e-002
,,,4.44840000e-008,-9.23750028e-002
,,,4.44880000e-008,-9.20000002e-002
,,,4.44920000e-008,-8.89687538e-002
,,,4.44960000e-008,-9.42500010e-002
,,,4.45000000e-008,-9.20000002e-002
,,,4.45040000e-008,-9.20000002e-002
,,,4.45080000e-008,-9.23124999e-002
,,,4.45120000e-008,-9.56562534e-002
,,,4.45160000e-008,-9.46250036e-002
,,,4.45200000e-008,-9.14375037e-002
,,,4.45240000e-008,-9.20000002e-002
,,,4.45280000e-008,-8.86875018e-002
,,,4.45320000e-008,-8.72500017e-002
,,,4.45360000e-008,-9.17187482e-002
,,,4.45400000e-008,-9.13437530e-002
,,,4.45440000e-008,-9.20625031e-002
,,,4.45480000e-008,-9.56875011e-002
,,,4.45520000e-008,-8.69375020e-002
,,,4.45560000e-008,-9.08437520e-002
,,,4.45600000e-008,-9.20000002e-002
,,,4.45640000e-008,-8.53125006e-002
,,,4.45680000e-008,-8.39999989e-002
,,,4.45720000e-008,-9.57812518e-002
,,,4.45760000e-008,-1.08062498e-001
,,,4.45800000e-008,-1.09750003e-001
,,,4.45840000e-008,-1.00000001e-001
,,,4.45880000e-008,-1.00000001e-001
,,,4.45920000e-008,-9.54062492e-002
,,,4.45960000e-008,-9.26249996e-002
,,,4.46000000e-008,-1.08000003e-001
,,,4.46040000e-008,-1.17218755e-001
,,,4.46080000e-008,-1.11843750e-001
,,,4.46120000e-008,-9.44062546e-002
,,,4.46160000e-008,-8.64062533e-002
,,,4.46200000e-008,-8.95937532e-002
,,,4.46240000e-008,-9.95000005e-002
,,,4.46280000e-008,-1.00000001e-001
,,,4.46320000e-008,-9.86562520e-002
,,,4.46360000e-008,-9.42187533e-002
,,,4.46400000e-008,-9.20000002e-002
,,,4.46440000e-008,-9.20000002e-002
,,,4.46480000e-008,-9.35937539e-002
,,,4.46520000e-008,-9.42812487e-002
,,,4.46560000e-008,-9.20000002e-002
,,,4.46600000e-008,-9.39375013e-002
,,,4.46640000e-008,-9.37187523e-002
,,,4.46680000e-008,-9.27812532e-002
,,,4.46720000e-008,-9.12812501e-002
,,,4.46760000e-008,-9.01562497e-002
,,,4.46800000e-008,-9.20000002e-002
,,,4.46840000e-008,-9.04375017e-002
,,,4.46880000e-008,-9.72187519e-002
,,,4.46920000e-008,-9.52500030e-002
,,,4.46960000e-008,-9.24687535e-002
,,,4.47000000e-008,-8.46875012e-002
,,,4.47040000e-008,-8.62499997e-002
,,,4.47080000e-008,-9.20000002e-002
,,,4.47120000e-008,-9.30000022e-002
,,,4.47160000e-008,-8.42187479e-002
,,,4.47200000e-008,-8.69687498e-002
,,,4.47240000e-008,-9.11562517e-002
,,,4.47280000e-008,-9.20000002e-002
,,,4.47320000e-008,-9.05312523e-002
,,,4.47360000e-008,-9.05625001e-002
,,,4.47400000e-008,-9.05000046e-002
,,,4.47440000e-008,-9.27812532e-002
,,,4.47480000e-008,-9.59062502e-002
,,,4.47520000e-008,-9.20000002e-002
,,,4.47560000e-008,-8.39999989e-002
,,,4.47600000e-008,-8.39999989e-002
,,,4.47640000e-008,-8.81562531e-002
,,,4.47680000e-008,-8.80625024e-002
,,,4.47720000e-008,-9.43437517e-002
,,,4.47760000e-008,-9.88750011e-002
,,,4.47800000e-008,-9.40000042e-002
,,,4.47840000e-008,-9.20000002e-002
,,,4.47880000e-008,-8.55625048e-002
,,,4.47920000e-008,-8.39999989e-002
,,,4.47960000e-008,-8.27187523e-002
,,,4.48000000e-008,-8.66874978e-002
,,,4.48040000e-008,-9.20000002e-002
,,,4.48080000e-008,-8.59375000e-002
,,,4.48120000e-008,-9.36250016e-002
,,,4.48160000e-008,-9.45625007e-002
,,,4.48200000e-008,-8.67500007e-002
,,,4.48240000e-008,-8.51875022e-002
,,,4.48280000e-008,-8.32500011e-002
,,,4.48320000e-008,-8.39999989e-002
,,,4.48360000e-008,-9.18437541e-002
,,,4.48400000e-008,-8.82812515e-002
,,,4.48440000e-008,-9.20000002e-002
,,,4.48480000e-008,-9.79062542e-002
,,,4.48520000e-008,-9.01875049e-002
,,,4.48560000e-008,-8.59687477e-002
,,,4.48600000e-008,-9.20000002e-002
,,,4.48640000e-008,-9.12187546e-002
,,,4.48680000e-008,-1.00000001e-001
,,,4.48720000e-008,-1.01125002e-001
,,,4.48760000e-008,-9.42187533e-002
,,,4.48800000e-008,-9.58750024e-002
,,,4.48840000e-008,-8.83437544e-002
,,,4.48880000e-008,-8.92499983e-002
,,,4.48920000e-008,-8.44687521e-002
,,,4.48960000e-008,-8.36562514e-002
,,,4.49000000e-008,-8.39999989e-002
,,,4.49040000e-008,-8.29375014e-002
,,,4.49080000e-008,-8.39999989e-002
,,,4.49120000e-008,-8.25312510e-002
,,,4.49160000e-008,-8.15000013e-002
,,,4.49200000e-008,-8.61875042e-002
,,,4.49240000e-008,-9.20000002e-002
,,,4.49280000e-008,-9.64062512e-002
,,,4.49320000e-008,-9.20000002e-002
,,,4.49360000e-008,-8.49062502e-002
,,,4.49400000e-008,-8.92812535e-002
,,,4.49440000e-008,-8.80625024e-002
,,,4.49480000e-008,-9.10312533e-002
,,,4.49520000e-008,-8.66874978e-002
,,,4.49560000e-008,-8.75625014e-002
,,,4.49600000e-008,-8.39999989e-002
,,,4.49640000e-008,-7.96250030e-002
,,,4.49680000e-008,-9.23124999e-002
,,,4.49720000e-008,-9.68750045e-002
,,,4.49760000e-008,-9.36562493e-002
,,,4.49800000e-008,-8.39999989e-002
,,,4.49840000e-008,-7.99375027e-002
,,,4.49880000e-008,-8.35625008e-002
,,,4.49920000e-008,-8.05312544e-002
,,,4.49960000e-008,-8.38750005e-002
,,,4.50000000e-008,-9.36875045e-002
,,,4.50040000e-008,-9.76562500e-002
,,,4.50080000e-008,-9.20000002e-002
,,,4.50120000e-008,-7.91874975e-002
,,,4.50160000e-008,-8.04999992e-002
,,,4.50200000e-008,-8.39999989e-002
,,,4.50240000e-008,-8.39999989e-002
,,,4.50280000e-008,-8.38124976e-002
,,,4.50320000e-008,-8.39999989e-002
,,,4.50360000e-008,-9.20000002e-002
,,,4.50400000e-008,-8.83124992e-002
,,,4.50440000e-008,-7.92500004e-002
,,,4.50480000e-008,-8.13750029e-002
,,,4.50520000e-008,-7.59999976e-002
,,,4.50560000e-008,-7.59999976e-002
,,,4.50600000e-008,-7.59999976e-002
,,,4.50640000e-008,-7.64999986e-002
,,,4.50680000e-008,-7.59999976e-002
,,,4.50720000e-008,-7.90937543e-002
,,,4.50760000e-008,-7.69062489e-002
,,,4.50800000e-008,-8.39999989e-002
,,,4.50840000e-008,-8.28749985e-002
,,,4.50880000e-008,-8.58437493e-002
,,,4.50920000e-008,-9.20000002e-002
,,,4.50960000e-008,-9.08437520e-002
,,,4.51000000e-008,-8.15000013e-002
,,,4.51040000e-008,-8.39999989e-002
,,,4.51080000e-008,-9.30312499e-002
,,,4.51120000e-008,-9.21875015e-002
,,,4.51160000e-008,-9.40000042e-002
,,,4.51200000e-008,-9.20000002e-002
,,,4.51240000e-008,-8.39999989e-002
,,,4.51280000e-008,-8.58437493e-002
,,,4.51320000e-008,-9.20000002e-002
,,,4.51360000e-008,-8.70937482e-002
,,,4.51400000e-008,-8.19687545e-002
,,,4.51440000e-008,-8.37500021e-002
,,,4.51480000e-008,-8.18750039e-002
,,,4.51520000e-008,-8.20624977e-002
,,,4.51560000e-008,-9.20000002e-002
,,,4.51600000e-008,-8.95624980e-002
,,,4.51640000e-008,-8.01562518e-002
,,,4.51680000e-008,-7.69062489e-002
,,,4.51720000e-008,-8.05625021e-002
,,,4.51760000e-008,-7.61874989e-002
,,,4.51800000e-008,-7.75625035e-002
,,,4.51840000e-008,-8.61562490e-002
,,,4.51880000e-008,-8.84374976e-002
,,,4.51920000e-008,-8.25000033e-002
,,,4.51960000e-008,-8.19687545e-002
,,,4.52000000e-008,-8.11562538e-002
,,,4.52040000e-008,-8.42187479e-002
,,,4.52080000e-008,-8.05937499e-002
,,,4.52120000e-008,-8.85000005e-002
,,,4.52160000e-008,-9.05000046e-002
,,,4.52200000e-008,-8.32500011e-002
,,,4.52240000e-008,-8.39999989e-002
,,,4.52280000e-008,-7.96874985e-002
,,,4.52320000e-008,-8.39999989e-002
,,,4.52360000e-008,-8.33437517e-002
,,,4.52400000e-008,-7.59999976e-002
,,,4.52440000e-008,-7.99687505e-002
,,,4.52480000e-008,-7.59999976e-002
,,,4.52520000e-008,-7.01562539e-002
,,,4.52560000e-008,-6.82500005e-002
,,,4.52600000e-008,-7.84062520e-002
,,,4.52640000e-008,-9.08437520e-002
,,,4.52680000e-008,-9.67499986e-002
,,,4.52720000e-008,-9.20000002e-002
,,,4.52760000e-008,-9.43437517e-002
,,,4.52800000e-008,-9.40312520e-002
,,,4.52840000e-008,-9.12812501e-002
,,,4.52880000e-008,-9.20000002e-002
,,,4.52920000e-008,-8.18437487e-002
,,,4.52960000e-008,-8.64062533e-002
,,,4.53000000e-008,-8.93437490e-002
,,,4.53040000e-008,-8.76562521e-002
,,,4.53080000e-008,-9.98437479e-002
,,,4.53120000e-008,-1.00000001e-001
,,,4.53160000e-008,-8.72812495e-002
,,,4.53200000e-008,-8.76250044e-002
,,,4.53240000e-008,-8.06562528e-002
,,,4.53280000e-008,-9.20000002e-002
,,,4.53320000e-008,-9.53437537e-002
,,,4.53360000e-008,-9.45625007e-002
,,,4.53400000e-008,-9.89062488e-002
,,,4.53440000e-008,-9.24687535e-002
,,,4.53480000e-008,-8.78750011e-002
,,,4.53520000e-008,-8.62499997e-002
,,,4.53560000e-008,-8.11249986e-002
,,,4.53600000e-008,-7.71562532e-002
,,,4.53640000e-008,-7.63125047e-002
,,,4.53680000e-008,-7.59999976e-002
,,,4.53720000e-008,-7.67812505e-002
,,,4.53760000e-008,-8.02500024e-002
,,,4.53800000e-008,-8.63749981e-002
,,,4.53840000e-008,-8.39999989e-002
,,,4.53880000e-008,-8.15625042e-002
,,,4.53920000e-008,-8.80937502e-002
,,,4.53960000e-008,-8.62812549e-002
,,,4.54000000e-008,-8.85000005e-002
,,,4.54040000e-008,-8.39999989e-002
,,,4.54080000e-008,-7.98437521e-002
,,,4.54120000e-008,-7.59999976e-002
,,,4.54160000e-008,-7.34375045e-002
,,,4.54200000e-008,-7.50312507e-002
,,,4.54240000e-008,-7.59999976e-002
,,,4.54280000e-008,-7.71249980e-002
,,,4.54320000e-008,-8.32812488e-002
,,,4.54360000e-008,-1.01312503e-001
,,,4.54400000e-008,-1.11031249e-001
,,,4.54440000e-008,-1.10624999e-001
,,,4.54480000e-008,-1.00000001e-001
,,,4.54520000e-008,-9.51875001e-002
,,,4.54560000e-008,-9.89687517e-002
,,,4.54600000e-008,-1.00000001e-001
,,,4.54640000e-008,-9.19375047e-002
,,,4.54680000e-008,-8.83750021e-002
,,,4.54720000e-008,-9.20000002e-002
,,,4.54760000e-008,-8.48750025e-002
,,,4.54800000e-008,-7.64687508e-002
,,,4.54840000e-008,-7.77499974e-002
,,,4.54880000e-008,-8.39999989e-002
,,,4.54920000e-008,-8.39999989e-002
,,,4.54960000e-008,-7.87812546e-002
,,,4.55000000e-008,-8.46562535e-002
,,,4.55040000e-008,-9.18750018e-002
,,,4.55080000e-008,-1.01562500e-001
,,,4.55120000e-008,-1.03218749e-001
,,,4.55160000e-008,-9.12187546e-002
,,,4.55200000e-008,-8.39999989e-002
,,,4.55240000e-008,-8.07500035e-002
,,,4.55280000e-008,-7.88749978e-002
,,,4.55320000e-008,-7.59999976e-002
,,,4.55360000e-008,-7.94375017e-002
,,,4.55400000e-008,-8.24375004e-002
,,,4.55440000e-008,-7.64062479e-002
,,,4.55480000e-008,-7.63437524e-002
,,,4.55520000e-008,-7.55624995e-002
,,,4.55560000e-008,-7.78125003e-002
,,,4.55600000e-008,-9.20000002e-002
,,,4.55640000e-008,-9.19687524e-002
,,,4.55680000e-008,-8.71250033e-002
,,,4.55720000e-008,-8.65624994e-002
,,,4.55760000e-008,-8.62187520e-002
,,,4.55800000e-008,-8.39999989e-002
,,,4.55840000e-008,-9.31562483e-002
,,,4.55880000e-008,-9.01250020e-002
,,,4.55920000e-008,-7.59375021e-002
,,,4.55960000e-008,-7.69999996e-002
,,,4.56000000e-008,-8.29687491e-002
,,,4.56040000e-008,-8.84062499e-002
,,,4.56080000e-008,-1.00000001e-001
,,,4.56120000e-008,-9.70624983e-002
,,,4.56160000e-008,-8.24062526e-002
,,,4.56200000e-008,-8.09375048e-002
,,,4.56240000e-008,-7.59999976e-002
,,,4.56280000e-008,-7.70625025e-002
,,,4.56320000e-008,-8.20937529e-002
,,,4.56360000e-008,-8.42187479e-002
,,,4.56400000e-008,-8.10937509e-002
,,,4.56440000e-008,-8.74687508e-002
,,,4.56480000e-008,-8.79062489e-002
,,,4.56520000e-008,-8.69375020e-002
,,,4.56560000e-008,-7.59999976e-002
,,,4.56600000e-008,-7.90937543e-002
,,,4.56640000e-008,-8.55000019e-002
,,,4.56680000e-008,-9.40000042e-002
,,,4.56720000e-008,-9.32187513e-002
,,,4.56760000e-008,-8.25937539e-002
,,,4.56800000e-008,-7.79374987e-002
,,,4.56840000e-008,-8.14687535e-002
,,,4.56880000e-008,-7.79687539e-002
,,,4.56920000e-008,-7.59999976e-002
,,,4.56960000e-008,-7.11875036e-002
,,,4.57000000e-008,-7.59375021e-002
,,,4.57040000e-008,-7.65937492e-002
,,,4.57080000e-008,-7.89687485e-002
,,,4.57120000e-008,-7.65312538e-002
,,,4.57160000e-008,-7.33437538e-002
,,,4.57200000e-008,-7.59999976e-002
,,,4.57240000e-008,-7.67500028e-002
,,,4.57280000e-008,-7.89687485e-002
,,,4.57320000e-008,-8.13124999e-002
,,,4.57360000e-008,-8.82187486e-002
,,,4.57400000e-008,-9.16875005e-002
,,,4.57440000e-008,-8.39999989e-002
,,,4.57480000e-008,-8.38124976e-002
,,,4.57520000e-008,-8.08750018e-002
,,,4.57560000e-008,-7.07187504e-002
,,,4.57600000e-008,-7.28750005e-002
,,,4.57640000e-008,-7.52812475e-002
,,,4.57680000e-008,-7.52187520e-002
,,,4.57720000e-008,-7.26562515e-002
,,,4.57760000e-008,-7.22187534e-002
,,,4.57800000e-008,-7.59999976e-002
,,,4.57840000e-008,-8.10000002e-002
,,,4.57880000e-008,-7.59062544e-002
,,,4.57920000e-008,-6.97812513e-002
,,,4.57960000e-008,-6.94062486e-002
,,,4.58000000e-008,-7.81562477e-002
,,,4.58040000e-008,-7.83437490e-002
,,,4.58080000e-008,-7.66874999e-002
,,,4.58120000e-008,-7.75625035e-002
,,,4.58160000e-008,-7.75937513e-002
,,,4.58200000e-008,-7.41249993e-002
,,,4.58240000e-008,-6.80000037e-002
,,,4.58280000e-008,-6.80000037e-002
,,,4.58320000e-008,-7.13749975e-002
,,,4.58360000e-008,-7.09062517e-002
,,,4.58400000e-008,-7.59999976e-002
,,,4.58440000e-008,-7.82812536e-002
,,,4.58480000e-008,-8.50937515e-002
,,,4.58520000e-008,-8.72812495e-002
,,,4.58560000e-008,-8.42500031e-002
,,,4.58600000e-008,-7.59999976e-002
,,,4.58640000e-008,-6.80000037e-002
,,,4.58680000e-008,-7.59999976e-002
,,,4.58720000e-008,-8.39999989e-002
,,,4.58760000e-008,-8.25000033e-002
,,,4.58800000e-008,-6.99062496e-002
,,,4.58840000e-008,-7.59999976e-002
,,,4.58880000e-008,-7.47812539e-002
,,,4.58920000e-008,-8.22187513e-002
,,,4.58960000e-008,-8.30312520e-002
,,,4.59000000e-008,-7.59999976e-002
,,,4.59040000e-008,-7.77187496e-002
,,,4.59080000e-008,-7.30312541e-002
,,,4.59120000e-008,-7.06249997e-002
,,,4.59160000e-008,-7.23125041e-002
,,,4.59200000e-008,-7.53437504e-002
,,,4.59240000e-008,-8.39999989e-002
,,,4.59280000e-008,-8.20312500e-002
,,,4.59320000e-008,-7.84062520e-002
,,,4.59360000e-008,-9.13437530e-002
,,,4.59400000e-008,-9.20000002e-002
,,,4.59440000e-008,-7.90624991e-002
,,,4.59480000e-008,-6.99062496e-002
,,,4.59520000e-008,-7.38124996e-002
,,,4.59560000e-008,-7.91874975e-002
,,,4.59600000e-008,-7.70625025e-002
,,,4.59640000e-008,-7.59999976e-002
,,,4.59680000e-008,-7.68124983e-002
,,,4.59720000e-008,-7.16250017e-002
,,,4.59760000e-008,-7.05625042e-002
,,,4.59800000e-008,-7.69999996e-002
,,,4.59840000e-008,-7.59999976e-002
,,,4.59880000e-008,-7.19375014e-002
,,,4.59920000e-008,-7.59999976e-002
,,,4.59960000e-008,-7.34999999e-002
,,,4.60000000e-008,-7.44687542e-002
,,,4.60040000e-008,-7.64375031e-002
,,,4.60080000e-008,-7.59999976e-002
,,,4.60120000e-008,-7.24062547e-002
,,,4.60160000e-008,-7.11562485e-002
,,,4.60200000e-008,-7.30937496e-002
,,,4.60240000e-008,-7.59999976e-002
,,,4.60280000e-008,-7.59999976e-002
,,,4.60320000e-008,-7.74687529e-002
,,,4.60360000e-008,-7.28750005e-002
,,,4.60400000e-008,-6.80000037e-002
,,,4.60440000e-008,-6.67812526e-002
,,,4.60480000e-008,-6.66249990e-002
,,,4.60520000e-008,-6.94999993e-002
,,,4.60560000e-008,-7.34375045e-002
,,,4.60600000e-008,-7.15000033e-002
,,,4.60640000e-008,-7.83750042e-002
,,,4.60680000e-008,-8.63749981e-002
,,,4.60720000e-008,-8.56250003e-002
,,,4.60760000e-008,-7.79687539e-002
,,,4.60800000e-008,-8.00625011e-002
,,,4.60840000e-008,-7.59687498e-002
,,,4.60880000e-008,-7.09687546e-002
,,,4.60920000e-008,-6.80000037e-002
,,,4.60960000e-008,-6.77499995e-002
,,,4.61000000e-008,-7.91250020e-002
,,,4.61040000e-008,-8.36562514e-002
,,,4.61080000e-008,-7.99062476e-002
,,,4.61120000e-008,-6.80000037e-002
,,,4.61160000e-008,-7.27500021e-002
,,,4.61200000e-008,-7.43437484e-002
,,,4.61240000e-008,-7.04374984e-002
,,,4.61280000e-008,-7.59999976e-002
,,,4.61320000e-008,-7.74374977e-002
,,,4.61360000e-008,-6.98437542e-002
,,,4.61400000e-008,-6.80000037e-002
,,,4.61440000e-008,-6.98750019e-002
,,,4.61480000e-008,-7.59999976e-002
,,,4.61520000e-008,-7.21562505e-002
,,,4.61560000e-008,-7.61562511e-002
,,,4.61600000e-008,-6.80000037e-002
,,,4.61640000e-008,-6.84999973e-002
,,,4.61680000e-008,-7.02812523e-002
,,,4.61720000e-008,-7.00625032e-002
,,,4.61760000e-008,-7.97500014e-002
,,,4.61800000e-008,-7.94687495e-002
,,,4.61840000e-008,-7.27187544e-002
,,,4.61880000e-008,-6.65625036e-002
,,,4.61920000e-008,-7.66874999e-002
,,,4.61960000e-008,-8.44375044e-002
,,,4.62000000e-008,-8.39999989e-002
,,,4.62040000e-008,-7.43750036e-002
,,,4.62080000e-008,-6.98750019e-002
,,,4.62120000e-008,-7.69375041e-002
,,,4.62160000e-008,-8.39999989e-002
,,,4.62200000e-008,-7.96562508e-002
,,,4.62240000e-008,-7.59999976e-002
,,,4.62280000e-008,-7.05000013e-002
,,,4.62320000e-008,-6.80000037e-002
,,,4.62360000e-008,-6.58124983e-002
,,,4.62400000e-008,-6.88437521e-002
,,,4.62440000e-008,-6.80000037e-002
,,,4.62480000e-008,-6.80000037e-002
,,,4.62520000e-008,-7.62187541e-002
,,,4.62560000e-008,-8.42500031e-002
,,,4.62600000e-008,-8.25000033e-002
,,,4.62640000e-008,-7.10937530e-002
,,,4.62680000e-008,-6.41250014e-002
,,,4.62720000e-008,-7.26874992e-002
,,,4.62760000e-008,-7.24375024e-002
,,,4.62800000e-008,-6.21562526e-002
,,,4.62840000e-008,-6.19999990e-002
,,,4.62880000e-008,-6.26562536e-002
,,,4.62920000e-008,-6.80000037e-002
,,,4.62960000e-008,-6.86562508e-002
,,,4.63000000e-008,-6.80000037e-002
,,,4.63040000e-008,-6.40624985e-002
,,,4.63080000e-008,-6.80000037e-002
,,,4.63120000e-008,-6.39375001e-002
,,,4.63160000e-008,-6.47187531e-002
,,,4.63200000e-008,-6.98437542e-002
,,,4.63240000e-008,-7.59999976e-002
,,,4.63280000e-008,-7.13749975e-002
,,,4.63320000e-008,-6.79687485e-002
,,,4.63360000e-008,-6.84999973e-002
,,,4.63400000e-008,-6.96875006e-002
,,,4.63440000e-008,-7.14062527e-002
,,,4.63480000e-008,-7.08437487e-002
,,,4.63520000e-008,-7.17500001e-002
,,,4.63560000e-008,-6.74374998e-002
,,,4.63600000e-008,-7.13437498e-002
,,,4.63640000e-008,-7.10937530e-002
,,,4.63680000e-008,-6.96875006e-002
,,,4.63720000e-008,-6.40000030e-002
,,,4.63760000e-008,-7.50000030e-002
,,,4.63800000e-008,-7.59999976e-002
,,,4.63840000e-008,-6.62500039e-002
,,,4.63880000e-008,-6.36250004e-002
,,,4.63920000e-008,-6.80000037e-002
,,,4.63960000e-008,-6.64374977e-002
,,,4.64000000e-008,-6.51250035e-002
,,,4.64040000e-008,-6.74687475e-002
,,,4.64080000e-008,-7.59999976e-002
,,,4.64120000e-008,-7.53749982e-002
,,,4.64160000e-008,-6.66562542e-002
,,,4.64200000e-008,-6.13125004e-002
,,,4.64240000e-008,-6.35000020e-002
,,,4.64280000e-008,-6.48125038e-002
,,,4.64320000e-008,-6.00000024e-002
,,,4.64360000e-008,-5.84375001e-002
,,,4.64400000e-008,-6.25312477e-002
,,,4.64440000e-008,-6.56874999e-002
,,,4.64480000e-008,-6.86874986e-002
,,,4.64520000e-008,-6.94999993e-002
,,,4.64560000e-008,-6.18750006e-002
,,,4.64600000e-008,-7.20000044e-002
,,,4.64640000e-008,-7.58125037e-002
,,,4.64680000e-008,-7.15624988e-002
,,,4.64720000e-008,-6.11562505e-002
,,,4.64760000e-008,-6.13749996e-002
,,,4.64800000e-008,-6.73437491e-002
,,,4.64840000e-008,-6.80000037e-002
,,,4.64880000e-008,-6.66249990e-002
,,,4.64920000e-008,-7.29375035e-002
,,,4.64960000e-008,-7.57187530e-002
,,,4.65000000e-008,-7.59999976e-002
,,,4.65040000e-008,-7.29999989e-002
,,,4.65080000e-008,-6.50937483e-002
,,,4.65120000e-008,-6.66875020e-002
,,,4.65160000e-008,-6.58437535e-002
,,,4.65200000e-008,-6.65312484e-002
,,,4.65240000e-008,-6.37499988e-002
,,,4.65280000e-008,-6.00000024e-002
,,,4.65320000e-008,-5.64687513e-002
,,,4.65360000e-008,-5.55624999e-002
,,,4.65400000e-008,-6.00000024e-002
,,,4.65440000e-008,-6.48749992e-002
,,,4.65480000e-008,-6.18125014e-002
,,,4.65520000e-008,-6.68750033e-002
,,,4.65560000e-008,-6.75937533e-002
,,,4.65600000e-008,-6.32187501e-002
,,,4.65640000e-008,-6.62500039e-002
,,,4.65680000e-008,-6.80000037e-002
,,,4.65720000e-008,-6.56874999e-002
,,,4.65760000e-008,-5.78749999e-002
,,,4.65800000e-008,-6.00000024e-002
,,,4.65840000e-008,-6.16874993e-002
,,,4.65880000e-008,-6.11562505e-002
,,,4.65920000e-008,-6.00000024e-002
,,,4.65960000e-008,-6.23437501e-002
,,,4.66000000e-008,-5.77812493e-002
,,,4.66040000e-008,-6.02499992e-002
,,,4.66080000e-008,-6.80000037e-002
,,,4.66120000e-008,-6.58124983e-002
,,,4.66160000e-008,-6.94375038e-002
,,,4.66200000e-008,-7.59999976e-002
,,,4.66240000e-008,-7.17500001e-002
,,,4.66280000e-008,-7.05312490e-002
,,,4.66320000e-008,-6.30312487e-002
,,,4.66360000e-008,-5.90000004e-002
,,,4.66400000e-008,-5.68125024e-002
,,,4.66440000e-008,-6.04687519e-002
,,,4.66480000e-008,-6.53124973e-002
,,,4.66520000e-008,-6.80000037e-002
,,,4.66560000e-008,-6.32187501e-002
,,,4.66600000e-008,-6.10000007e-002
,,,4.66640000e-008,-6.00625016e-002
,,,4.66680000e-008,-6.25312477e-002
,,,4.66720000e-008,-6.04062490e-002
,,,4.66760000e-008,-6.80000037e-002
,,,4.66800000e-008,-7.74687529e-002
,,,4.66840000e-008,-7.59999976e-002
,,,4.66880000e-008,-7.26874992e-002
,,,4.66920000e-008,-6.80000037e-002
,,,4.66960000e-008,-6.10000007e-002
,,,4.67000000e-008,-6.80000037e-002
,,,4.67040000e-008,-6.48749992e-002
,,,4.67080000e-008,-6.10937513e-002
,,,4.67120000e-008,-7.32812509e-002
,,,4.67160000e-008,-7.58749992e-002
,,,4.67200000e-008,-6.80000037e-002
,,,4.67240000e-008,-6.08124994e-002
,,,4.67280000e-008,-6.00000024e-002
,,,4.67320000e-008,-5.84687516e-002
,,,4.67360000e-008,-6.63750023e-002
,,,4.67400000e-008,-6.64687529e-002
,,,4.67440000e-008,-6.80000037e-002
,,,4.67480000e-008,-7.69375041e-002
,,,4.67520000e-008,-7.59999976e-002
,,,4.67560000e-008,-7.03125000e-002
,,,4.67600000e-008,-6.80000037e-002
,,,4.67640000e-008,-7.51562491e-002
,,,4.67680000e-008,-7.19687492e-002
,,,4.67720000e-008,-5.95312491e-002
,,,4.67760000e-008,-5.51562496e-002
,,,4.67800000e-008,-5.81250004e-002
,,,4.67840000e-008,-7.56250024e-002
,,,4.67880000e-008,-8.39999989e-002
,,,4.67920000e-008,-8.06875005e-002
,,,4.67960000e-008,-6.90625012e-002
,,,4.68000000e-008,-6.34687543e-002
,,,4.68040000e-008,-6.61875010e-002
,,,4.68080000e-008,-6.18125014e-002
,,,4.68120000e-008,-6.22812510e-002
,,,4.68160000e-008,-6.01250008e-002
,,,4.68200000e-008,-5.83750010e-002
,,,4.68240000e-008,-5.94375022e-002
,,,4.68280000e-008,-6.38749972e-002
,,,4.68320000e-008,-6.23125024e-002
,,,4.68360000e-008,-6.67812526e-002
,,,4.68400000e-008,-6.94062486e-002
,,,4.68440000e-008,-6.89375028e-002
,,,4.68480000e-008,-6.00000024e-002
,,,4.68520000e-008,-5.40000014e-002
,,,4.68560000e-008,-5.95625006e-002
,,,4.68600000e-008,-6.00000024e-002
,,,4.68640000e-008,-5.90000004e-002
,,,4.68680000e-008,-6.00000024e-002
,,,4.68720000e-008,-6.16874993e-002
,,,4.68760000e-008,-6.80000037e-002
,,,4.68800000e-008,-6.47500008e-002
,,,4.68840000e-008,-6.50312528e-002
,,,4.68880000e-008,-6.64687529e-002
,,,4.68920000e-008,-6.80000037e-002
,,,4.68960000e-008,-6.71250001e-002
,,,4.69000000e-008,-7.32187480e-002
,,,4.69040000e-008,-6.80000037e-002
,,,4.69080000e-008,-6.36250004e-002
,,,4.69120000e-008,-6.48749992e-002
,,,4.69160000e-008,-6.26875013e-002
,,,4.69200000e-008,-6.00000024e-002
,,,4.69240000e-008,-7.11250007e-002
,,,4.69280000e-008,-7.31249973e-002
,,,4.69320000e-008,-7.27500021e-002
,,,4.69360000e-008,-6.80000037e-002
,,,4.69400000e-008,-5.36250025e-002
,,,4.69440000e-008,-5.45937493e-002
,,,4.69480000e-008,-6.09687492e-002
,,,4.69520000e-008,-6.80000037e-002
,,,4.69560000e-008,-7.06249997e-002
,,,4.69600000e-008,-6.80000037e-002
,,,4.69640000e-008,-6.53124973e-002
,,,4.69680000e-008,-6.00000024e-002
,,,4.69720000e-008,-6.34687543e-002
,,,4.69760000e-008,-6.00000024e-002
,,,4.69800000e-008,-5.51562496e-002
,,,4.69840000e-008,-5.58125004e-002
,,,4.69880000e-008,-6.00000024e-002
,,,4.69920000e-008,-6.00000024e-002
,,,4.69960000e-008,-5.62187508e-002
,,,4.70000000e-008,-5.36250025e-002
,,,4.70040000e-008,-5.90937510e-002
,,,4.70080000e-008,-6.00000024e-002
,,,4.70120000e-008,-6.30625039e-002
,,,4.70160000e-008,-6.00000024e-002
,,,4.70200000e-008,-6.07500002e-002
,,,4.70240000e-008,-5.84999993e-002
,,,4.70280000e-008,-6.01250008e-002
,,,4.70320000e-008,-6.59999996e-002
,,,4.70360000e-008,-6.46874979e-002
,,,4.70400000e-008,-6.00000024e-002
,,,4.70440000e-008,-5.97500019e-002
,,,4.70480000e-008,-6.00000024e-002
,,,4.70520000e-008,-5.38749993e-002
,,,4.70560000e-008,-5.79374991e-002
,,,4.70600000e-008,-5.36875017e-002
,,,4.70640000e-008,-5.20000011e-002
,,,4.70680000e-008,-6.01875000e-002
,,,4.70720000e-008,-6.00000024e-002
,,,4.70760000e-008,-6.31875023e-002
,,,4.70800000e-008,-6.26249984e-002
,,,4.70840000e-008,-6.00000024e-002
,,,4.70880000e-008,-6.00000024e-002
,,,4.70920000e-008,-5.80312498e-002
,,,4.70960000e-008,-6.00000024e-002
,,,4.71000000e-008,-6.57812506e-002
,,,4.71040000e-008,-6.80000037e-002
,,,4.71080000e-008,-6.16562515e-002
,,,4.71120000e-008,-6.37499988e-002
,,,4.71160000e-008,-6.03750013e-002
,,,4.71200000e-008,-6.00000024e-002
,,,4.71240000e-008,-6.68750033e-002
,,,4.71280000e-008,-6.72499985e-002
,,,4.71320000e-008,-6.13125004e-002
,,,4.71360000e-008,-6.42499998e-002
,,,4.71400000e-008,-6.00000024e-002
,,,4.71440000e-008,-6.01875000e-002
,,,4.71480000e-008,-5.97812496e-002
,,,4.71520000e-008,-5.45937493e-002
,,,4.71560000e-008,-6.03750013e-002
,,,4.71600000e-008,-5.94687499e-002
,,,4.71640000e-008,-5.44687510e-002
,,,4.71680000e-008,-5.23125008e-002
,,,4.71720000e-008,-5.45000024e-002
,,,4.71760000e-008,-5.35000004e-002
,,,4.71800000e-008,-5.40625006e-002
,,,4.71840000e-008,-5.05937524e-002
,,,4.71880000e-008,-5.20000011e-002
,,,4.71920000e-008,-5.63125014e-002
,,,4.71960000e-008,-5.31250015e-002
,,,4.72000000e-008,-6.38125017e-002
,,,4.72040000e-008,-6.80000037e-002
,,,4.72080000e-008,-6.40000030e-002
,,,4.72120000e-008,-5.63750006e-002
,,,4.72160000e-008,-5.69062494e-002
,,,4.72200000e-008,-5.60937524e-002
,,,4.72240000e-008,-5.64374998e-002
,,,4.72280000e-008,-6.00000024e-002
,,,4.72320000e-008,-5.52500002e-002
,,,4.72360000e-008,-6.36562482e-002
,,,4.72400000e-008,-6.78437501e-002
,,,4.72440000e-008,-6.09375015e-002
,,,4.72480000e-008,-5.16250022e-002
,,,4.72520000e-008,-5.64999990e-002
,,,4.72560000e-008,-7.23749995e-002
,,,4.72600000e-008,-7.59999976e-002
,,,4.72640000e-008,-6.52812496e-002
,,,4.72680000e-008,-6.17812499e-002
,,,4.72720000e-008,-6.00000024e-002
,,,4.72760000e-008,-6.04062490e-002
,,,4.72800000e-008,-6.00000024e-002
,,,4.72840000e-008,-5.43750003e-002
,,,4.72880000e-008,-6.00000024e-002
,,,4.72920000e-008,-6.18750006e-002
,,,4.72960000e-008,-5.56249991e-002
,,,4.73000000e-008,-5.51562496e-002
,,,4.73040000e-008,-6.31562471e-002
,,,4.73080000e-008,-6.31249994e-002
,,,4.73120000e-008,-6.61875010e-002
,,,4.73160000e-008,-6.18437491e-002
,,,4.73200000e-008,-6.00000024e-002
,,,4.73240000e-008,-5.34375012e-002
,,,4.73280000e-008,-6.00000024e-002
,,,4.73320000e-008,-6.15937524e-002
,,,4.73360000e-008,-5.81874996e-002
,,,4.73400000e-008,-5.44062518e-002
,,,4.73440000e-008,-5.28750010e-002
,,,4.73480000e-008,-5.20000011e-002
,,,4.73520000e-008,-5.74687496e-002
,,,4.73560000e-008,-5.41562513e-002
,,,4.73600000e-008,-6.56874999e-002
,,,4.73640000e-008,-6.80000037e-002
,,,4.73680000e-008,-5.93437515e-002
,,,4.73720000e-008,-6.37187511e-002
,,,4.73760000e-008,-6.00000024e-002
,,,4.73800000e-008,-5.54687493e-002
,,,4.73840000e-008,-5.17812520e-002
,,,4.73880000e-008,-5.20000011e-002
,,,4.73920000e-008,-5.46562523e-002
,,,4.73960000e-008,-5.56249991e-002
,,,4.74000000e-008,-5.23125008e-002
,,,4.74040000e-008,-5.55312522e-002
,,,4.74080000e-008,-5.77812493e-002
,,,4.74120000e-008,-5.54687493e-002
,,,4.74160000e-008,-5.47187515e-002
,,,4.74200000e-008,-5.05625010e-002
,,,4.74240000e-008,-5.28437495e-002
,,,4.74280000e-008,-5.49062490e-002
,,,4.74320000e-008,-5.15000001e-002
,,,4.74360000e-008,-5.51562496e-002
,,,4.74400000e-008,-5.55624999e-002
,,,4.74440000e-008,-5.90624996e-002
,,,4.74480000e-008,-5.48437499e-002
,,,4.74520000e-008,-5.22812493e-002
,,,4.74560000e-008,-5.16562499e-002
,,,4.74600000e-008,-5.88124990e-002
,,,4.74640000e-008,-6.00000024e-002
,,,4.74680000e-008,-5.39375022e-002
,,,4.74720000e-008,-5.20000011e-002
,,,4.74760000e-008,-4.94062491e-002
,,,4.74800000e-008,-5.25312498e-002
,,,4.74840000e-008,-5.20000011e-002
,,,4.74880000e-008,-5.20000011e-002
,,,4.74920000e-008,-5.69062494e-002
,,,4.74960000e-008,-5.10312505e-002
,,,4.75000000e-008,-4.82500009e-002
,,,4.75040000e-008,-4.39999998e-002
,,,4.75080000e-008,-5.20000011e-002
,,,4.75120000e-008,-5.39687499e-002
,,,4.75160000e-008,-5.25625013e-002
,,,4.75200000e-008,-6.00000024e-002
,,,4.75240000e-008,-6.35312498e-002
,,,4.75280000e-008,-5.83125018e-002
,,,4.75320000e-008,-6.00000024e-002
,,,4.75360000e-008,-5.50624989e-002
,,,4.75400000e-008,-5.40000014e-002
,,,4.75440000e-008,-5.72187491e-002
,,,4.75480000e-008,-5.20000011e-002
,,,4.75520000e-008,-4.93125021e-002
,,,4.75560000e-008,-5.20000011e-002
,,,4.75600000e-008,-4.96250018e-002
,,,4.75640000e-008,-6.33750036e-002
,,,4.75680000e-008,-6.80000037e-002
,,,4.75720000e-008,-6.13749996e-002
,,,4.75760000e-008,-5.12812510e-002
,,,4.75800000e-008,-4.96250018e-002
,,,4.75840000e-008,-5.20000011e-002
,,,4.75880000e-008,-5.16875014e-002
,,,4.75920000e-008,-4.67187501e-002
,,,4.75960000e-008,-5.70312515e-002
,,,4.76000000e-008,-6.00000024e-002
,,,4.76040000e-008,-5.48125021e-002
,,,4.76080000e-008,-4.86562513e-002
,,,4.76120000e-008,-4.99062501e-002
,,,4.76160000e-008,-5.16875014e-002
,,,4.76200000e-008,-5.20000011e-002
,,,4.76240000e-008,-6.06875010e-002
,,,4.76280000e-008,-6.16250001e-002
,,,4.76320000e-008,-5.51875010e-002
,,,4.76360000e-008,-5.50937504e-002
,,,4.76400000e-008,-5.20000011e-002
,,,4.76440000e-008,-5.20000011e-002
,,,4.76480000e-008,-5.20000011e-002
,,,4.76520000e-008,-4.93750013e-002
,,,4.76560000e-008,-5.24687506e-002
,,,4.76600000e-008,-5.20937517e-002
,,,4.76640000e-008,-5.27187511e-002
,,,4.76680000e-008,-4.70937490e-002
,,,4.76720000e-008,-5.20000011e-002
,,,4.76760000e-008,-5.63750006e-002
,,,4.76800000e-008,-6.00000024e-002
,,,4.76840000e-008,-5.42500019e-002
,,,4.76880000e-008,-5.38749993e-002
,,,4.76920000e-008,-6.08437508e-002
,,,4.76960000e-008,-6.08437508e-002
,,,4.77000000e-008,-5.42187504e-002
,,,4.77040000e-008,-5.23750000e-002
,,,4.77080000e-008,-5.20000011e-002
,,,4.77120000e-008,-5.23437522e-002
,,,4.77160000e-008,-4.57499996e-002
,,,4.77200000e-008,-4.94062491e-002
,,,4.77240000e-008,-4.61875014e-002
,,,4.77280000e-008,-4.95624989e-002
,,,4.77320000e-008,-5.20000011e-002
,,,4.77360000e-008,-5.73749989e-002
,,,4.77400000e-008,-6.33437485e-002
,,,4.77440000e-008,-6.00000024e-002
,,,4.77480000e-008,-5.20000011e-002
,,,4.77520000e-008,-5.68750016e-002
,,,4.77560000e-008,-5.77187501e-002
,,,4.77600000e-008,-5.20000011e-002
,,,4.77640000e-008,-5.20000011e-002
,,,4.77680000e-008,-5.20000011e-002
,,,4.77720000e-008,-5.36562502e-002
,,,4.77760000e-008,-5.80000021e-002
,,,4.77800000e-008,-6.68125004e-002
,,,4.77840000e-008,-6.78437501e-002
,,,4.77880000e-008,-6.00000024e-002
,,,4.77920000e-008,-5.81250004e-002
,,,4.77960000e-008,-4.77499999e-002
,,,4.78000000e-008,-4.84375022e-002
,,,4.78040000e-008,-5.20000011e-002
,,,4.78080000e-008,-5.20000011e-002
,,,4.78120000e-008,-5.20000011e-002
,,,4.78160000e-008,-4.89687510e-002
,,,4.78200000e-008,-4.89687510e-002
,,,4.78240000e-008,-5.52500002e-002
,,,4.78280000e-008,-5.20000011e-002
,,,4.78320000e-008,-5.20000011e-002
,,,4.78360000e-008,-4.89062518e-002
,,,4.78400000e-008,-5.04687503e-002
,,,4.78440000e-008,-6.07812516e-002
,,,4.78480000e-008,-6.87812492e-002
,,,4.78520000e-008,-6.80000037e-002
,,,4.78560000e-008,-5.74687496e-002
,,,4.78600000e-008,-4.53125015e-002
,,,4.78640000e-008,-4.93750013e-002
,,,4.78680000e-008,-5.20000011e-002
,,,4.78720000e-008,-5.50312512e-002
,,,4.78760000e-008,-5.67499995e-002
,,,4.78800000e-008,-6.00000024e-002
,,,4.78840000e-008,-5.67499995e-002
,,,4.78880000e-008,-4.43124995e-002
,,,4.78920000e-008,-4.68437523e-002
,,,4.78960000e-008,-5.36250025e-002
,,,4.79000000e-008,-5.41249998e-002
,,,4.79040000e-008,-5.44687510e-002
,,,4.79080000e-008,-5.04687503e-002
,,,4.79120000e-008,-4.44062501e-002
,,,4.79160000e-008,-4.62812521e-002
,,,4.79200000e-008,-4.25000004e-002
,,,4.79240000e-008,-4.18750010e-002
,,,4.79280000e-008,-5.60000017e-002
,,,4.79320000e-008,-6.25937507e-002
,,,4.79360000e-008,-6.00000024e-002
,,,4.79400000e-008,-4.78437506e-002
,,,4.79440000e-008,-4.49062511e-002
,,,4.79480000e-008,-5.04687503e-002
,,,4.79520000e-008,-5.83125018e-002
,,,4.79560000e-008,-5.60312495e-002
,,,4.79600000e-008,-5.13125025e-002
,,,4.79640000e-008,-5.69687523e-002
,,,4.79680000e-008,-5.43750003e-002
,,,4.79720000e-008,-4.80312519e-002
,,,4.79760000e-008,-5.33437505e-002
,,,4.79800000e-008,-5.21562509e-002
,,,4.79840000e-008,-5.56249991e-002
,,,4.79880000e-008,-5.60937524e-002
,,,4.79920000e-008,-5.31875007e-002
,,,4.79960000e-008,-4.80312519e-002
,,,4.80000000e-008,-4.80000004e-002
,,,4.80040000e-008,-4.39999998e-002
,,,4.80080000e-008,-4.44375016e-002
,,,4.80120000e-008,-4.14687507e-002
,,,4.80160000e-008,-4.39687520e-002
,,,4.80200000e-008,-4.74687517e-002
,,,4.80240000e-008,-4.63749990e-002
,,,4.80280000e-008,-4.91875000e-002
,,,4.80320000e-008,-5.39062507e-002
,,,4.80360000e-008,-5.70000000e-002
,,,4.80400000e-008,-5.20000011e-002
,,,4.80440000e-008,-4.39999998e-002
,,,4.80480000e-008,-3.96250002e-002
,,,4.80520000e-008,-4.00625020e-002
,,,4.80560000e-008,-3.91562507e-002
,,,4.80600000e-008,-4.39999998e-002
,,,4.80640000e-008,-4.46875021e-002
,,,4.80680000e-008,-5.20000011e-002
,,,4.80720000e-008,-5.10937497e-002
,,,4.80760000e-008,-4.31249999e-002
,,,4.80800000e-008,-4.39999998e-002
,,,4.80840000e-008,-4.84687500e-002
,,,4.80880000e-008,-4.61562499e-002
,,,4.80920000e-008,-4.39062491e-002
,,,4.80960000e-008,-4.16250005e-002
,,,4.81000000e-008,-5.15000001e-002
,,,4.81040000e-008,-5.20000011e-002
,,,4.81080000e-008,-4.96875010e-002
,,,4.81120000e-008,-5.68437502e-002
,,,4.81160000e-008,-5.56249991e-002
,,,4.81200000e-008,-5.09062521e-002
,,,4.81240000e-008,-5.59375025e-002
,,,4.81280000e-008,-5.32499999e-002
,,,4.81320000e-008,-5.43125011e-002
,,,4.81360000e-008,-6.33437485e-002
,,,4.81400000e-008,-6.28750026e-002
,,,4.81440000e-008,-5.20000011e-002
,,,4.81480000e-008,-5.33124991e-002
,,,4.81520000e-008,-6.00000024e-002
,,,4.81560000e-008,-5.57187498e-002
,,,4.81600000e-008,-4.26249988e-002
,,,4.81640000e-008,-4.15937491e-002
,,,4.81680000e-008,-4.54687513e-002
,,,4.81720000e-008,-5.08750007e-002
,,,4.81760000e-008,-5.20000011e-002
,,,4.81800000e-008,-4.63437513e-002
,,,4.81840000e-008,-5.29375002e-002
,,,4.81880000e-008,-5.20000011e-002
,,,4.81920000e-008,-4.95312512e-002
,,,4.81960000e-008,-4.12500016e-002
,,,4.82000000e-008,-4.39999998e-002
,,,4.82040000e-008,-5.28750010e-002
,,,4.82080000e-008,-4.90312502e-002
,,,4.82120000e-008,-4.39999998e-002
,,,4.82160000e-008,-4.39999998e-002
,,,4.82200000e-008,-4.39999998e-002
,,,4.82240000e-008,-5.15937507e-002
,,,4.82280000e-008,-5.20000011e-002
,,,4.82320000e-008,-4.70625013e-002
,,,4.82360000e-008,-4.92499992e-002
,,,4.82400000e-008,-5.20000011e-002
,,,4.82440000e-008,-5.20000011e-002
,,,4.82480000e-008,-4.64687496e-002
,,,4.82520000e-008,-5.41874990e-002
,,,4.82560000e-008,-6.04062490e-002
,,,4.82600000e-008,-6.00000024e-002
,,,4.82640000e-008,-5.22187501e-002
,,,4.82680000e-008,-4.94687520e-002
,,,4.82720000e-008,-4.48125005e-002
,,,4.82760000e-008,-4.20625024e-002
,,,4.82800000e-008,-4.15312499e-002
,,,4.82840000e-008,-4.39999998e-002
,,,4.82880000e-008,-4.78437506e-002
,,,4.82920000e-008,-4.93437499e-002
,,,4.82960000e-008,-4.21875007e-002
,,,4.83000000e-008,-4.39999998e-002
,,,4.83040000e-008,-4.39999998e-002
,,,4.83080000e-008,-4.60937507e-002
,,,4.83120000e-008,-4.41875011e-002
,,,4.83160000e-008,-5.37187494e-002
,,,4.83200000e-008,-5.57187498e-002
,,,4.83240000e-008,-6.25312477e-002
,,,4.83280000e-008,-6.16562515e-002
,,,4.83320000e-008,-4.98124994e-002
,,,4.83360000e-008,-4.31562513e-002
,,,4.83400000e-008,-5.20000011e-002
,,,4.83440000e-008,-4.95312512e-002
,,,4.83480000e-008,-4.05000001e-002
,,,4.83520000e-008,-4.10937518e-002
,,,4.83560000e-008,-4.42187488e-002
,,,4.83600000e-008,-4.39999998e-002
,,,4.83640000e-008,-4.11874987e-002
,,,4.83680000e-008,-3.95312496e-002
,,,4.83720000e-008,-3.80625017e-002
,,,4.83760000e-008,-4.00937498e-002
,,,4.83800000e-008,-4.39999998e-002
,,,4.83840000e-008,-3.85624990e-002
,,,4.83880000e-008,-4.39999998e-002
,,,4.83920000e-008,-4.41562496e-002
,,,4.83960000e-008,-3.87812518e-002
,,,4.84000000e-008,-4.39999998e-002
,,,4.84040000e-008,-4.59062494e-002
,,,4.84080000e-008,-4.25624996e-002
,,,4.84120000e-008,-3.94062512e-002
,,,4.84160000e-008,-3.93437520e-002
,,,4.84200000e-008,-4.39999998e-002
,,,4.84240000e-008,-4.43124995e-002
,,,4.84280000e-008,-4.48749997e-002
,,,4.84320000e-008,-4.81562503e-002
,,,4.84360000e-008,-4.58124988e-002
,,,4.84400000e-008,-5.20000011e-002
,,,4.84440000e-008,-4.90625016e-002
,,,4.84480000e-008,-4.49062511e-002
,,,4.84520000e-008,-4.72812504e-002
,,,4.84560000e-008,-4.55937497e-002
,,,4.84600000e-008,-5.20000011e-002
,,,4.84640000e-008,-4.90625016e-002
,,,4.84680000e-008,-4.74375002e-002
,,,4.84720000e-008,-4.50937524e-002
,,,4.84760000e-008,-4.78750020e-002
,,,4.84800000e-008,-4.39999998e-002
,,,4.84840000e-008,-5.12499996e-002
,,,4.84880000e-008,-5.29375002e-002
,,,4.84920000e-008,-4.89687510e-002
,,,4.84960000e-008,-4.36250009e-002
,,,4.85000000e-008,-4.39999998e-002
,,,4.85040000e-008,-4.20312509e-002
,,,4.85080000e-008,-5.20000011e-002
,,,4.85120000e-008,-5.09374999e-002
,,,4.85160000e-008,-5.33124991e-002
,,,4.85200000e-008,-5.27187511e-002
,,,4.85240000e-008,-4.39999998e-002
,,,4.85280000e-008,-5.24374992e-002
,,,4.85320000e-008,-5.26250005e-002
,,,4.85360000e-008,-4.39687520e-002
,,,4.85400000e-008,-3.99062522e-002
,,,4.85440000e-008,-3.83125022e-002
,,,4.85480000e-008,-4.52812500e-002
,,,4.85520000e-008,-4.39999998e-002
,,,4.85560000e-008,-4.36875001e-002
,,,4.85600000e-008,-4.87187505e-002
,,,4.85640000e-008,-4.39999998e-002
,,,4.85680000e-008,-3.60000022e-002
,,,4.85720000e-008,-3.73749994e-002
,,,4.85760000e-008,-4.26875018e-002
,,,4.85800000e-008,-4.39999998e-002
,,,4.85840000e-008,-4.60624993e-002
,,,4.85880000e-008,-4.76250015e-002
,,,4.85920000e-008,-5.20000011e-002
,,,4.85960000e-008,-5.06250001e-002
,,,4.86000000e-008,-4.39999998e-002
,,,4.86040000e-008,-5.13125025e-002
,,,4.86080000e-008,-4.93750013e-002
,,,4.86120000e-008,-4.73437496e-002
,,,4.86160000e-008,-4.39999998e-002
,,,4.86200000e-008,-4.39999998e-002
,,,4.86240000e-008,-5.17187491e-002
,,,4.86280000e-008,-4.79687490e-002
,,,4.86320000e-008,-4.60000001e-002
,,,4.86360000e-008,-4.17187512e-002
,,,4.86400000e-008,-4.53437492e-002
,,,4.86440000e-008,-5.13437502e-002
,,,4.86480000e-008,-4.86562513e-002
,,,4.86520000e-008,-4.39999998e-002
,,,4.86560000e-008,-3.62812504e-002
,,,4.86600000e-008,-4.39999998e-002
,,,4.86640000e-008,-5.14687523e-002
,,,4.86680000e-008,-4.94375005e-002
,,,4.86720000e-008,-5.52187525e-002
,,,4.86760000e-008,-6.49999976e-002
,,,4.86800000e-008,-6.00000024e-002
,,,4.86840000e-008,-4.82500009e-002
,,,4.86880000e-008,-4.31249999e-002
,,,4.86920000e-008,-4.39999998e-002
,,,4.86960000e-008,-4.42187488e-002
,,,4.87000000e-008,-4.68750000e-002
,,,4.87040000e-008,-4.71250005e-002
,,,4.87080000e-008,-4.14062515e-002
,,,4.87120000e-008,-3.79999988e-002
,,,4.87160000e-008,-4.16250005e-002
,,,4.87200000e-008,-4.39999998e-002
,,,4.87240000e-008,-3.94687504e-002
,,,4.87280000e-008,-3.85937504e-002
,,,4.87320000e-008,-3.60000022e-002
,,,4.87360000e-008,-3.24687511e-002
,,,4.87400000e-008,-3.60000022e-002
,,,4.87440000e-008,-3.45312506e-002
,,,4.87480000e-008,-3.53749990e-002
,,,4.87520000e-008,-4.35937494e-002
,,,4.87560000e-008,-4.85625006e-002
,,,4.87600000e-008,-5.20000011e-002
,,,4.87640000e-008,-5.34375012e-002
,,,4.87680000e-008,-4.52187508e-002
,,,4.87720000e-008,-4.39687520e-002
,,,4.87760000e-008,-4.38125022e-002
,,,4.87800000e-008,-3.76874991e-002
,,,4.87840000e-008,-4.43437509e-002
,,,4.87880000e-008,-4.39999998e-002
,,,4.87920000e-008,-4.39999998e-002
,,,4.87960000e-008,-5.34687489e-002
,,,4.88000000e-008,-4.81875017e-002
,,,4.88040000e-008,-4.09687497e-002
,,,4.88080000e-008,-3.63750011e-002
,,,4.88120000e-008,-4.98437509e-002
,,,4.88160000e-008,-5.59062511e-002
,,,4.88200000e-008,-5.20000011e-002
,,,4.88240000e-008,-3.96562517e-002
,,,4.88280000e-008,-4.39999998e-002
,,,4.88320000e-008,-5.29062524e-002
,,,4.88360000e-008,-5.55937514e-002
,,,4.88400000e-008,-4.98124994e-002
,,,4.88440000e-008,-3.71562503e-002
,,,4.88480000e-008,-4.16562520e-002
,,,4.88520000e-008,-4.39999998e-002
,,,4.88560000e-008,-4.39999998e-002
,,,4.88600000e-008,-4.39999998e-002
,,,4.88640000e-008,-5.57500012e-002
,,,4.88680000e-008,-5.60000017e-002
,,,4.88720000e-008,-5.20000011e-002
,,,4.88760000e-008,-5.22500016e-002
,,,4.88800000e-008,-4.00625020e-002
,,,4.88840000e-008,-3.73749994e-002
,,,4.88880000e-008,-3.88437510e-002
,,,4.88920000e-008,-3.60000022e-002
,,,4.88960000e-008,-4.10312489e-002
,,,4.89000000e-008,-5.28125018e-002
,,,4.89040000e-008,-5.30312508e-002
,,,4.89080000e-008,-4.58124988e-002
,,,4.89120000e-008,-4.50625010e-002
,,,4.89160000e-008,-5.18124998e-002
,,,4.89200000e-008,-6.00000024e-002
,,,4.89240000e-008,-5.33124991e-002
,,,4.89280000e-008,-4.79375012e-002
,,,4.89320000e-008,-4.64375019e-002
,,,4.89360000e-008,-5.04062511e-002
,,,4.89400000e-008,-4.39999998e-002
,,,4.89440000e-008,-3.87500003e-002
,,,4.89480000e-008,-4.23750021e-002
,,,4.89520000e-008,-4.34999987e-002
,,,4.89560000e-008,-4.91562523e-002
,,,4.89600000e-008,-4.39999998e-002
,,,4.89640000e-008,-4.45000008e-002
,,,4.89680000e-008,-4.39999998e-002
,,,4.89720000e-008,-4.02812511e-002
,,,4.89760000e-008,-4.63124998e-002
,,,4.89800000e-008,-4.54062521e-002
,,,4.89840000e-008,-3.95000018e-002
,,,4.89880000e-008,-4.39999998e-002
,,,4.89920000e-008,-5.20000011e-002
,,,4.89960000e-008,-5.05312495e-002
,,,4.90000000e-008,-4.39999998e-002
,,,4.90040000e-008,-4.24687490e-002
,,,4.90080000e-008,-3.60000022e-002
,,,4.90120000e-008,-3.60000022e-002
,,,4.90160000e-008,-3.44687514e-002
,,,4.90200000e-008,-3.96874994e-002
,,,4.90240000e-008,-5.01562506e-002
,,,4.90280000e-008,-5.20000011e-002
,,,4.90320000e-008,-4.56250012e-002
,,,4.90360000e-008,-4.74999994e-002
,,,4.90400000e-008,-4.39999998e-002
,,,4.90440000e-008,-3.96562517e-002
,,,4.90480000e-008,-4.04062495e-002
,,,4.90520000e-008,-3.60000022e-002
,,,4.90560000e-008,-3.92812490e-002
,,,4.90600000e-008,-4.39999998e-002
,,,4.90640000e-008,-3.78437489e-002
,,,4.90680000e-008,-3.79687510e-002
,,,4.90720000e-008,-3.90625000e-002
,,,4.90760000e-008,-3.75312492e-002
,,,4.90800000e-008,-3.84999998e-002
,,,4.90840000e-008,-3.66562493e-002
,,,4.90880000e-008,-3.68124992e-002
,,,4.90920000e-008,-3.94687504e-002
,,,4.90960000e-008,-3.59687507e-002
,,,4.91000000e-008,-3.11249997e-002
,,,4.91040000e-008,-3.63125019e-002
,,,4.91080000e-008,-3.60000022e-002
,,,4.91120000e-008,-4.24687490e-002
,,,4.91160000e-008,-4.25624996e-002
,,,4.91200000e-008,-3.64687517e-002
,,,4.91240000e-008,-4.22812514e-002
,,,4.91280000e-008,-5.20000011e-002
,,,4.91320000e-008,-5.48125021e-002
,,,4.91360000e-008,-4.86874990e-002
,,,4.91400000e-008,-3.60000022e-002
,,,4.91440000e-008,-3.41874994e-002
,,,4.91480000e-008,-3.57187502e-002
,,,4.91520000e-008,-3.60000022e-002
,,,4.91560000e-008,-3.99374999e-002
,,,4.91600000e-008,-3.86875011e-002
,,,4.91640000e-008,-3.70937511e-002
,,,4.91680000e-008,-3.72500010e-002
,,,4.91720000e-008,-3.93749997e-002
,,,4.91760000e-008,-4.13750000e-002
,,,4.91800000e-008,-3.73437516e-002
,,,4.91840000e-008,-2.90625002e-002
,,,4.91880000e-008,-3.26875001e-002
,,,4.91920000e-008,-3.60000022e-002
,,,4.91960000e-008,-3.57812494e-002
,,,4.92000000e-008,-3.63437496e-002
,,,4.92040000e-008,-3.60000022e-002
,,,4.92080000e-008,-3.60000022e-002
,,,4.92120000e-008,-4.25624996e-002
,,,4.92160000e-008,-4.04062495e-002
,,,4.92200000e-008,-3.32500003e-002
,,,4.92240000e-008,-4.39999998e-002
,,,4.92280000e-008,-4.48125005e-002
,,,4.92320000e-008,-4.42812517e-002
,,,4.92360000e-008,-3.60000022e-002
,,,4.92400000e-008,-4.01562490e-002
,,,4.92440000e-008,-5.09374999e-002
,,,4.92480000e-008,-5.26562519e-002
,,,4.92520000e-008,-4.40937504e-002
,,,4.92560000e-008,-4.98124994e-002
,,,4.92600000e-008,-4.84062508e-002
,,,4.92640000e-008,-3.60312499e-002
,,,4.92680000e-008,-3.18125002e-002
,,,4.92720000e-008,-3.31250019e-002
,,,4.92760000e-008,-3.56249996e-002
,,,4.92800000e-008,-4.20312509e-002
,,,4.92840000e-008,-3.70624997e-002
,,,4.92880000e-008,-3.58750001e-002
,,,4.92920000e-008,-3.49062495e-002
,,,4.92960000e-008,-3.59374993e-002
,,,4.93000000e-008,-3.61250006e-002
,,,4.93040000e-008,-4.39999998e-002
,,,4.93080000e-008,-3.88124995e-002
,,,4.93120000e-008,-4.10625003e-002
,,,4.93160000e-008,-5.14062494e-002
,,,4.93200000e-008,-5.20000011e-002
,,,4.93240000e-008,-4.74999994e-002
,,,4.93280000e-008,-5.00312522e-002
,,,4.93320000e-008,-4.33750004e-002
,,,4.93360000e-008,-4.57499996e-002
,,,4.93400000e-008,-4.39999998e-002
,,,4.93440000e-008,-3.69375013e-002
,,,4.93480000e-008,-3.99062522e-002
,,,4.93520000e-008,-3.81562486e-002
,,,4.93560000e-008,-4.57499996e-002
,,,4.93600000e-008,-4.39999998e-002
,,,4.93640000e-008,-3.60000022e-002
,,,4.93680000e-008,-3.55937518e-002
,,,4.93720000e-008,-3.72187495e-002
,,,4.93760000e-008,-3.60000022e-002
,,,4.93800000e-008,-3.54687497e-002
,,,4.93840000e-008,-3.50937508e-002
,,,4.93880000e-008,-3.60000022e-002
,,,4.93920000e-008,-3.35937515e-002
,,,4.93960000e-008,-3.60312499e-002
,,,4.94000000e-008,-4.43437509e-002
,,,4.94040000e-008,-4.39999998e-002
,,,4.94080000e-008,-4.39999998e-002
,,,4.94120000e-008,-5.17812520e-002
,,,4.94160000e-008,-4.83749993e-002
,,,4.94200000e-008,-4.36562523e-002
,,,4.94240000e-008,-3.32812518e-002
,,,4.94280000e-008,-3.49375010e-002
,,,4.94320000e-008,-4.28437516e-002
,,,4.94360000e-008,-4.04375009e-002
,,,4.94400000e-008,-3.07812504e-002
,,,4.94440000e-008,-3.09999995e-002
,,,4.94480000e-008,-3.01875006e-002
,,,4.94520000e-008,-3.03125009e-002
,,,4.94560000e-008,-3.00312508e-002
,,,4.94600000e-008,-3.60000022e-002
,,,4.94640000e-008,-3.49375010e-002
,,,4.94680000e-008,-3.60000022e-002
,,,4.94720000e-008,-3.05624995e-002
,,,4.94760000e-008,-2.85312496e-002
,,,4.94800000e-008,-3.60000022e-002
,,,4.94840000e-008,-3.94374989e-002
,,,4.94880000e-008,-3.60000022e-002
,,,4.94920000e-008,-3.33749987e-002
,,,4.94960000e-008,-4.39999998e-002
,,,4.95000000e-008,-4.35937494e-002
,,,4.95040000e-008,-3.60000022e-002
,,,4.95080000e-008,-3.83750014e-002
,,,4.95120000e-008,-3.68124992e-002
,,,4.95160000e-008,-3.11562512e-002
,,,4.95200000e-008,-3.68124992e-002
,,,4.95240000e-008,-3.60000022e-002
,,,4.95280000e-008,-3.16249989e-002
,,,4.95320000e-008,-4.20625024e-002
,,,4.95360000e-008,-4.47187498e-002
,,,4.95400000e-008,-4.26875018e-002
,,,4.95440000e-008,-4.42500003e-002
,,,4.95480000e-008,-3.62187512e-002
,,,4.95520000e-008,-3.04375011e-002
,,,4.95560000e-008,-4.54374999e-002
,,,4.95600000e-008,-5.20000011e-002
,,,4.95640000e-008,-4.68125008e-002
,,,4.95680000e-008,-3.24999988e-002
,,,4.95720000e-008,-3.79062518e-002
,,,4.95760000e-008,-3.87187488e-002
,,,4.95800000e-008,-3.60000022e-002
,,,4.95840000e-008,-3.60000022e-002
,,,4.95880000e-008,-3.30937505e-002
,,,4.95920000e-008,-2.87500005e-002
,,,4.95960000e-008,-2.92187501e-002
,,,4.96000000e-008,-3.17187496e-002
,,,4.96040000e-008,-3.28125022e-002
,,,4.96080000e-008,-3.69687490e-002
,,,4.96120000e-008,-3.60000022e-002
,,,4.96160000e-008,-3.89375016e-002
,,,4.96200000e-008,-3.41562517e-002
,,,4.96240000e-008,-2.83125006e-002
,,,4.96280000e-008,-3.17187496e-002
,,,4.96320000e-008,-3.60000022e-002
,,,4.96360000e-008,-3.81250009e-002
,,,4.96400000e-008,-4.39999998e-002
,,,4.96440000e-008,-3.77187505e-002
,,,4.96480000e-008,-3.77187505e-002
,,,4.96520000e-008,-4.88437489e-002
,,,4.96560000e-008,-5.11562489e-002
,,,4.96600000e-008,-4.39062491e-002
,,,4.96640000e-008,-3.62187512e-002
,,,4.96680000e-008,-3.64687517e-002
,,,4.96720000e-008,-3.74375023e-002
,,,4.96760000e-008,-3.23437490e-002
,,,4.96800000e-008,-3.24687511e-002
,,,4.96840000e-008,-2.80000009e-002
,,,4.96880000e-008,-4.26562503e-002
,,,4.96920000e-008,-5.03749996e-002
,,,4.96960000e-008,-4.80624996e-002
,,,4.97000000e-008,-3.60000022e-002
,,,4.97040000e-008,-3.22187506e-002
,,,4.97080000e-008,-3.41874994e-002
,,,4.97120000e-008,-3.60000022e-002
,,,4.97160000e-008,-3.25312503e-002
,,,4.97200000e-008,-3.60000022e-002
,,,4.97240000e-008,-3.24374996e-002
,,,4.97280000e-008,-3.60000022e-002
,,,4.97320000e-008,-3.60000022e-002
,,,4.97360000e-008,-3.60000022e-002
,,,4.97400000e-008,-3.99062522e-002
,,,4.97440000e-008,-4.17187512e-002
,,,4.97480000e-008,-3.98750007e-002
,,,4.97520000e-008,-3.50312516e-002
,,,4.97560000e-008,-3.22500020e-002
,,,4.97600000e-008,-3.60000022e-002
,,,4.97640000e-008,-3.56874987e-002
,,,4.97680000e-008,-4.38750014e-002
,,,4.97720000e-008,-4.65625003e-002
,,,4.97760000e-008,-3.83125022e-002
,,,4.97800000e-008,-3.35312486e-002
,,,4.97840000e-008,-3.30937505e-002
,,,4.97880000e-008,-3.88437510e-002
,,,4.97920000e-008,-3.70312519e-002
,,,4.97960000e-008,-3.48750018e-002
,,,4.98000000e-008,-3.60000022e-002
,,,4.98040000e-008,-3.16562504e-002
,,,4.98080000e-008,-4.39999998e-002
,,,4.98120000e-008,-4.30000015e-002
,,,4.98160000e-008,-3.43750007e-002
,,,4.98200000e-008,-4.56250012e-002
,,,4.98240000e-008,-5.25312498e-002
,,,4.98280000e-008,-4.80000004e-002
,,,4.98320000e-008,-4.39999998e-002
,,,4.98360000e-008,-3.60000022e-002
,,,4.98400000e-008,-3.17187496e-002
,,,4.98440000e-008,-3.57187502e-002
,,,4.98480000e-008,-4.39999998e-002
,,,4.98520000e-008,-3.99999991e-002
,,,4.98560000e-008,-2.92812511e-002
,,,4.98600000e-008,-3.60000022e-002
,,,4.98640000e-008,-4.00312506e-002
,,,4.98680000e-008,-3.43750007e-002
,,,4.98720000e-008,-3.16875018e-002
,,,4.98760000e-008,-3.60000022e-002
,,,4.98800000e-008,-3.18125002e-002
,,,4.98840000e-008,-3.02812494e-002
,,,4.98880000e-008,-3.52812521e-002
,,,4.98920000e-008,-4.04375009e-002
,,,4.98960000e-008,-3.54687497e-002
,,,4.99000000e-008,-3.25937495e-002
,,,4.99040000e-008,-3.01249996e-002
,,,4.99080000e-008,-3.53749990e-002
,,,4.99120000e-008,-3.60000022e-002
,,,4.99160000e-008,-3.90000008e-002
,,,4.99200000e-008,-3.45937498e-002
,,,4.99240000e-008,-3.60000022e-002
,,,4.99280000e-008,-3.03437505e-002
,,,4.99320000e-008,-3.05000003e-002
,,,4.99360000e-008,-3.33124995e-002
,,,4.99400000e-008,-3.60000022e-002
,,,4.99440000e-008,-3.49687487e-002
,,,4.99480000e-008,-3.40000018e-002
,,,4.99520000e-008,-3.01562510e-002
,,,4.99560000e-008,-3.84999998e-002
,,,4.99600000e-008,-3.60000022e-002
,,,4.99640000e-008,-3.30937505e-002
,,,4.99680000e-008,-3.55937518e-002
,,,4.99720000e-008,-3.60000022e-002
,,,4.99760000e-008,-2.87812501e-002
,,,4.99800000e-008,-3.01875006e-002
,,,4.99840000e-008,-2.80000009e-002
,,,4.99880000e-008,-3.60000022e-002
,,,4.99920000e-008,-3.49687487e-002
,,,4.99960000e-008,-2.97812503e-002
,,,5.00000000e-008,-2.80000009e-002
,,,5.00040000e-008,-3.60000022e-002
,,,5.00080000e-008,-3.66250016e-002
,,,5.00120000e-008,-3.60000022e-002
,,,5.00160000e-008,-3.24999988e-002
,,,5.00200000e-008,-3.60625014e-002
,,,5.00240000e-008,-4.01875004e-002
,,,5.00280000e-008,-3.45937498e-002
,,,5.00320000e-008,-3.09999995e-002
,,,5.00360000e-008,-3.61874998e-002
,,,5.00400000e-008,-3.44687514e-002
,,,5.00440000e-008,-3.60000022e-002
,,,5.00480000e-008,-3.88749987e-002
,,,5.00520000e-008,-3.60000022e-002
,,,5.00560000e-008,-3.43125015e-002
,,,5.00600000e-008,-3.60000022e-002
,,,5.00640000e-008,-3.40625010e-002
,,,5.00680000e-008,-3.36562507e-002
,,,5.00720000e-008,-3.60000022e-002
,,,5.00760000e-008,-2.68437508e-002
,,,5.00800000e-008,-3.60000022e-002
,,,5.00840000e-008,-3.96562517e-002
,,,5.00880000e-008,-3.54687497e-002
,,,5.00920000e-008,-3.20000015e-002
,,,5.00960000e-008,-3.35312486e-002
,,,5.01000000e-008,-2.80000009e-002
,,,5.01040000e-008,-2.80000009e-002
,,,5.01080000e-008,-3.03437505e-002
,,,5.01120000e-008,-2.80000009e-002
,,,5.01160000e-008,-2.64687501e-002
,,,5.01200000e-008,-2.86874995e-002
,,,5.01240000e-008,-3.60000022e-002
,,,5.01280000e-008,-3.30937505e-002
,,,5.01320000e-008,-2.92499997e-002
,,,5.01360000e-008,-3.26250009e-002
,,,5.01400000e-008,-3.60000022e-002
,,,5.01440000e-008,-3.07812504e-002
,,,5.01480000e-008,-4.09687497e-002
,,,5.01520000e-008,-4.08437513e-002
,,,5.01560000e-008,-3.05624995e-002
,,,5.01600000e-008,-2.80000009e-002
,,,5.01640000e-008,-2.84062512e-002
,,,5.01680000e-008,-2.56875008e-002
,,,5.01720000e-008,-2.80000009e-002
,,,5.01760000e-008,-2.96250004e-002
,,,5.01800000e-008,-2.16875002e-002
,,,5.01840000e-008,-2.80000009e-002
,,,5.01880000e-008,-2.65312511e-002
,,,5.01920000e-008,-2.80000009e-002
,,,5.01960000e-008,-2.79374998e-002
,,,5.02000000e-008,-3.18749994e-002
,,,5.02040000e-008,-3.60000022e-002
,,,5.02080000e-008,-3.64375003e-002
,,,5.02120000e-008,-3.60000022e-002
,,,5.02160000e-008,-2.97812503e-002
,,,5.02200000e-008,-2.62812506e-002
,,,5.02240000e-008,-2.14062501e-002
,,,5.02280000e-008,-2.25937497e-002
,,,5.02320000e-008,-2.65937503e-002
,,,5.02360000e-008,-2.90312506e-002
,,,5.02400000e-008,-3.05937510e-002
,,,5.02440000e-008,-3.29687521e-002
,,,5.02480000e-008,-2.99687497e-002
,,,5.02520000e-008,-2.80000009e-002
,,,5.02560000e-008,-3.37500013e-002
,,,5.02600000e-008,-2.80000009e-002
,,,5.02640000e-008,-2.91562509e-002
,,,5.02680000e-008,-3.60000022e-002
,,,5.02720000e-008,-2.96562500e-002
,,,5.02760000e-008,-3.02499998e-002
,,,5.02800000e-008,-2.81250011e-002
,,,5.02840000e-008,-3.18125002e-002
,,,5.02880000e-008,-2.19687503e-002
,,,5.02920000e-008,-2.26875003e-002
,,,5.02960000e-008,-3.20312493e-002
,,,5.03000000e-008,-3.60000022e-002
,,,5.03040000e-008,-3.08125000e-002
,,,5.03080000e-008,-2.80000009e-002
,,,5.03120000e-008,-3.15000005e-002
,,,5.03160000e-008,-2.95625012e-002
,,,5.03200000e-008,-2.80000009e-002
,,,5.03240000e-008,-2.80000009e-002
,,,5.03280000e-008,-3.06874998e-002
,,,5.03320000e-008,-2.80000009e-002
,,,5.03360000e-008,-2.83437502e-002
,,,5.03400000e-008,-2.80625001e-002
,,,5.03440000e-008,-3.82187515e-002
,,,5.03480000e-008,-3.60000022e-002
,,,5.03520000e-008,-3.58750001e-002
,,,5.03560000e-008,-4.39999998e-002
,,,5.03600000e-008,-4.11874987e-002
,,,5.03640000e-008,-2.85312496e-002
,,,5.03680000e-008,-2.05937494e-002
,,,5.03720000e-008,-2.61250008e-002
,,,5.03760000e-008,-2.80000009e-002
,,,5.03800000e-008,-2.80000009e-002
,,,5.03840000e-008,-2.85625011e-002
,,,5.03880000e-008,-3.60000022e-002
,,,5.03920000e-008,-3.25312503e-002
,,,5.03960000e-008,-2.86250003e-002
,,,5.04000000e-008,-2.46875007e-002
,,,5.04040000e-008,-2.80000009e-002
,,,5.04080000e-008,-3.00937500e-002
,,,5.04120000e-008,-2.80000009e-002
,,,5.04160000e-008,-2.75625009e-002
,,,5.04200000e-008,-3.60000022e-002
,,,5.04240000e-008,-3.56874987e-002
,,,5.04280000e-008,-2.60624997e-002
,,,5.04320000e-008,-2.80000009e-002
,,,5.04360000e-008,-3.24687511e-002
,,,5.04400000e-008,-2.75625009e-002
,,,5.04440000e-008,-2.18749996e-002
,,,5.04480000e-008,-2.80000009e-002
,,,5.04520000e-008,-2.39062496e-002
,,,5.04560000e-008,-2.14374997e-002
,,,5.04600000e-008,-2.72187497e-002
,,,5.04640000e-008,-2.80000009e-002
,,,5.04680000e-008,-2.80000009e-002
,,,5.04720000e-008,-3.01875006e-002
,,,5.04760000e-008,-3.46250013e-002
,,,5.04800000e-008,-2.80000009e-002
,,,5.04840000e-008,-3.44374999e-002
,,,5.04880000e-008,-3.20000015e-002
,,,5.04920000e-008,-2.94687506e-002
,,,5.04960000e-008,-2.58437507e-002
,,,5.05000000e-008,-2.16875002e-002
,,,5.05040000e-008,-1.99999996e-002
,,,5.05080000e-008,-1.99999996e-002
,,,5.05120000e-008,-2.47187503e-002
,,,5.05160000e-008,-3.34375016e-002
,,,5.05200000e-008,-4.65000011e-002
,,,5.05240000e-008,-5.26874997e-002
,,,5.05280000e-008,-4.39999998e-002
,,,5.05320000e-008,-3.11249997e-002
,,,5.05360000e-008,-2.87187509e-002
,,,5.05400000e-008,-2.06875000e-002
,,,5.05440000e-008,-2.47499999e-002
,,,5.05480000e-008,-1.99999996e-002
,,,5.05520000e-008,-2.14687511e-002
,,,5.05560000e-008,-2.79687494e-002
,,,5.05600000e-008,-2.80000009e-002
,,,5.05640000e-008,-2.28437502e-002
,,,5.05680000e-008,-2.80000009e-002
,,,5.05720000e-008,-2.76562497e-002
,,,5.05760000e-008,-2.84062512e-002
,,,5.05800000e-008,-3.28750014e-002
,,,5.05840000e-008,-3.54687497e-002
,,,5.05880000e-008,-2.80000009e-002
,,,5.05920000e-008,-2.12812498e-002
,,,5.05960000e-008,-1.80625003e-002
,,,5.06000000e-008,-3.08125000e-002
,,,5.06040000e-008,-3.60000022e-002
,,,5.06080000e-008,-2.84062512e-002
,,,5.06120000e-008,-3.28437500e-002
,,,5.06160000e-008,-3.12500000e-002
,,,5.06200000e-008,-3.09062507e-002
,,,5.06240000e-008,-2.80000009e-002
,,,5.06280000e-008,-2.85937507e-002
,,,5.06320000e-008,-3.27812508e-002
,,,5.06360000e-008,-2.70000007e-002
,,,5.06400000e-008,-2.63437498e-002
,,,5.06440000e-008,-3.29062492e-002
,,,5.06480000e-008,-2.80000009e-002
,,,5.06520000e-008,-2.01249998e-002
,,,5.06560000e-008,-2.35312507e-002
,,,5.06600000e-008,-2.80000009e-002
,,,5.06640000e-008,-2.97500007e-002
,,,5.06680000e-008,-2.23437510e-002
,,,5.06720000e-008,-2.80000009e-002
,,,5.06760000e-008,-2.31562499e-002
,,,5.06800000e-008,-2.33437493e-002
,,,5.06840000e-008,-2.00625006e-002
,,,5.06880000e-008,-2.24062502e-002
,,,5.06920000e-008,-2.28125006e-002
,,,5.06960000e-008,-1.99999996e-002
,,,5.07000000e-008,-1.99999996e-002
,,,5.07040000e-008,-2.91249994e-002
,,,5.07080000e-008,-3.60000022e-002
,,,5.07120000e-008,-2.99375001e-002
,,,5.07160000e-008,-2.43124999e-002
,,,5.07200000e-008,-2.47187503e-002
,,,5.07240000e-008,-2.71875001e-002
,,,5.07280000e-008,-2.60937512e-002
,,,5.07320000e-008,-2.20312495e-002
,,,5.07360000e-008,-2.39062496e-002
,,,5.07400000e-008,-2.64687501e-002
,,,5.07440000e-008,-1.99999996e-002
,,,5.07480000e-008,-3.26250009e-002
,,,5.07520000e-008,-3.43437493e-002
,,,5.07560000e-008,-2.47499999e-002
,,,5.07600000e-008,-1.99999996e-002
,,,5.07640000e-008,-1.99999996e-002
,,,5.07680000e-008,-1.79687496e-002
,,,5.07720000e-008,-1.99999996e-002
,,,5.07760000e-008,-2.59687509e-002
,,,5.07800000e-008,-2.85625011e-002
,,,5.07840000e-008,-2.01249998e-002
,,,5.07880000e-008,-1.88124999e-002
,,,5.07920000e-008,-2.78124996e-002
,,,5.07960000e-008,-2.80000009e-002
,,,5.08000000e-008,-2.80000009e-002
,,,5.08040000e-008,-1.92187503e-002
,,,5.08080000e-008,-1.47500001e-002
,,,5.08120000e-008,-1.99999996e-002
,,,5.08160000e-008,-2.32812501e-002
,,,5.08200000e-008,-1.99999996e-002
,,,5.08240000e-008,-2.66875010e-002
,,,5.08280000e-008,-2.80000009e-002
,,,5.08320000e-008,-1.99999996e-002
,,,5.08360000e-008,-2.11875010e-002
,,,5.08400000e-008,-2.05000006e-002
,,,5.08440000e-008,-1.96562503e-002
,,,5.08480000e-008,-1.69062503e-002
,,,5.08520000e-008,-1.55312503e-002
,,,5.08560000e-008,-1.74687505e-002
,,,5.08600000e-008,-2.40000002e-002
,,,5.08640000e-008,-3.17500010e-002
,,,5.08680000e-008,-2.80000009e-002
,,,5.08720000e-008,-1.89375002e-002
,,,5.08760000e-008,-2.80000009e-002
,,,5.08800000e-008,-2.70312503e-002
,,,5.08840000e-008,-1.99999996e-002
,,,5.08880000e-008,-2.15624999e-002
,,,5.08920000e-008,-2.21250001e-002
,,,5.08960000e-008,-2.05937494e-002
,,,5.09000000e-008,-2.80000009e-002
,,,5.09040000e-008,-2.47187503e-002
,,,5.09080000e-008,-2.03125011e-002
,,,5.09120000e-008,-2.47812495e-002
,,,5.09160000e-008,-2.09999997e-002
,,,5.09200000e-008,-2.06250008e-002
,,,5.09240000e-008,-2.80000009e-002
,,,5.09280000e-008,-2.96562500e-002
,,,5.09320000e-008,-2.27499995e-002
,,,5.09360000e-008,-2.63125002e-002
,,,5.09400000e-008,-2.22500004e-002
,,,5.09440000e-008,-2.49062497e-002
,,,5.09480000e-008,-2.12187506e-002
,,,5.09520000e-008,-1.61250010e-002
,,,5.09560000e-008,-1.66250002e-002
,,,5.09600000e-008,-1.20000001e-002
,,,5.09640000e-008,-1.94374993e-002
,,,5.09680000e-008,-2.00625006e-002
,,,5.09720000e-008,-2.95000002e-002
,,,5.09760000e-008,-2.80000009e-002
,,,5.09800000e-008,-1.99062508e-002
,,,5.09840000e-008,-2.30625011e-002
,,,5.09880000e-008,-2.44999994e-002
,,,5.09920000e-008,-3.60000022e-002
,,,5.09960000e-008,-3.51562500e-002
,,,5.10000000e-008,-2.35312507e-002
,,,5.10040000e-008,-2.80000009e-002
,,,5.10080000e-008,-2.37499997e-002
,,,5.10120000e-008,-2.97187511e-002
,,,5.10160000e-008,-3.93749997e-002
,,,5.10200000e-008,-3.60000022e-002
,,,5.10240000e-008,-1.99999996e-002
,,,5.10280000e-008,-1.99999996e-002
,,,5.10320000e-008,-2.40000002e-002
,,,5.10360000e-008,-2.77812500e-002
,,,5.10400000e-008,-2.29062494e-002
,,,5.10440000e-008,-2.11875010e-002
,,,5.10480000e-008,-2.18125004e-002
,,,5.10520000e-008,-2.39375010e-002
,,,5.10560000e-008,-2.12187506e-002
,,,5.10600000e-008,-1.99999996e-002
,,,5.10640000e-008,-1.80312507e-002
,,,5.10680000e-008,-2.76875012e-002
,,,5.10720000e-008,-2.80000009e-002
,,,5.10760000e-008,-1.79062504e-002
,,,5.10800000e-008,-1.99999996e-002
,,,5.10840000e-008,-2.19062511e-002
,,,5.10880000e-008,-1.72499996e-002
,,,5.10920000e-008,-2.15312503e-002
,,,5.10960000e-008,-2.10312493e-002
,,,5.11000000e-008,-2.80000009e-002
,,,5.11040000e-008,-2.45937500e-002
,,,5.11080000e-008,-2.12187506e-002
,,,5.11120000e-008,-1.79375000e-002
,,,5.11160000e-008,-1.58437509e-002
,,,5.11200000e-008,-2.90625002e-002
,,,5.11240000e-008,-3.60000022e-002
,,,5.11280000e-008,-2.78437510e-002
,,,5.11320000e-008,-2.10312493e-002
,,,5.11360000e-008,-2.60937512e-002
,,,5.11400000e-008,-1.99999996e-002
,,,5.11440000e-008,-1.99999996e-002
,,,5.11480000e-008,-1.99999996e-002
,,,5.11520000e-008,-1.84687506e-002
,,,5.11560000e-008,-1.99999996e-002
,,,5.11600000e-008,-2.43124999e-002
,,,5.11640000e-008,-1.75000001e-002
,,,5.11680000e-008,-1.29062505e-002
,,,5.11720000e-008,-1.99999996e-002
,,,5.11760000e-008,-1.82812493e-002
,,,5.11800000e-008,-1.29062505e-002
,,,5.11840000e-008,-1.33125000e-002
,,,5.11880000e-008,-1.80312507e-002
,,,5.11920000e-008,-2.36249994e-002
,,,5.11960000e-008,-1.98437497e-002
,,,5.12000000e-008,-1.57500003e-002
,,,5.12040000e-008,-1.99999996e-002
,,,5.12080000e-008,-2.32187510e-002
,,,5.12120000e-008,-2.69374996e-002
,,,5.12160000e-008,-2.06875000e-002
,,,5.12200000e-008,-2.25625001e-002
,,,5.12240000e-008,-1.99999996e-002
,,,5.12280000e-008,-1.99999996e-002
,,,5.12320000e-008,-2.26875003e-002
,,,5.12360000e-008,-1.60312504e-002
,,,5.12400000e-008,-1.99999996e-002
,,,5.12440000e-008,-2.58750003e-002
,,,5.12480000e-008,-3.02187502e-002
,,,5.12520000e-008,-3.01875006e-002
,,,5.12560000e-008,-2.01562494e-002
,,,5.12600000e-008,-1.28437504e-002
,,,5.12640000e-008,-1.52187506e-002
,,,5.12680000e-008,-1.81562509e-002
,,,5.12720000e-008,-1.90312508e-002
,,,5.12760000e-008,-2.14687511e-002
,,,5.12800000e-008,-1.99999996e-002
,,,5.12840000e-008,-1.71249993e-002
,,,5.12880000e-008,-1.42812505e-002
,,,5.12920000e-008,-1.73749998e-002
,,,5.12960000e-008,-1.54687501e-002
,,,5.13000000e-008,-1.20000001e-002
,,,5.13040000e-008,-1.89375002e-002
,,,5.13080000e-008,-1.79687496e-002
,,,5.13120000e-008,-1.20000001e-002
,,,5.13160000e-008,-1.31562501e-002
,,,5.13200000e-008,-1.64062493e-002
,,,5.13240000e-008,-2.40312498e-002
,,,5.13280000e-008,-3.60000022e-002
,,,5.13320000e-008,-3.47812511e-002
,,,5.13360000e-008,-2.11875010e-002
,,,5.13400000e-008,-1.45000005e-002
,,,5.13440000e-008,-2.03750003e-002
,,,5.13480000e-008,-1.99999996e-002
,,,5.13520000e-008,-1.99999996e-002
,,,5.13560000e-008,-1.87500007e-002
,,,5.13600000e-008,-2.15312503e-002
,,,5.13640000e-008,-1.66250002e-002
,,,5.13680000e-008,-1.20000001e-002
,,,5.13720000e-008,-1.56875011e-002
,,,5.13760000e-008,-2.21874993e-002
,,,5.13800000e-008,-1.99999996e-002
,,,5.13840000e-008,-1.85624994e-002
,,,5.13880000e-008,-1.99999996e-002
,,,5.13920000e-008,-1.99999996e-002
,,,5.13960000e-008,-1.56250000e-002
,,,5.14000000e-008,-1.76562499e-002
,,,5.14040000e-008,-1.68124996e-002
,,,5.14080000e-008,-1.79375000e-002
,,,5.14120000e-008,-1.99999996e-002
,,,5.14160000e-008,-1.10937497e-002
,,,5.14200000e-008,-1.44687500e-002
,,,5.14240000e-008,-1.99999996e-002
,,,5.14280000e-008,-1.59687493e-002
,,,5.14320000e-008,-1.85312498e-002
,,,5.14360000e-008,-1.47812497e-002
,,,5.14400000e-008,-1.45312501e-002
,,,5.14440000e-008,-1.20000001e-002
,,,5.14480000e-008,-2.03750003e-002
,,,5.14520000e-008,-1.73749998e-002
,,,5.14560000e-008,-2.29375008e-002
,,,5.14600000e-008,-3.18749994e-002
,,,5.14640000e-008,-2.95625012e-002
,,,5.14680000e-008,-2.00625006e-002
,,,5.14720000e-008,-1.22812502e-002
,,,5.14760000e-008,-1.14687504e-002
,,,5.14800000e-008,-1.78124998e-002
,,,5.14840000e-008,-2.17812508e-002
,,,5.14880000e-008,-1.55624999e-002
,,,5.14920000e-008,-1.99999996e-002
,,,5.14960000e-008,-2.18125004e-002
,,,5.15000000e-008,-2.80000009e-002
,,,5.15040000e-008,-2.35937499e-002
,,,5.15080000e-008,-1.54062500e-002
,,,5.15120000e-008,-1.05937505e-002
,,,5.15160000e-008,-1.66874994e-002
,,,5.15200000e-008,-1.77500006e-002
,,,5.15240000e-008,-2.51562502e-002
,,,5.15280000e-008,-2.72812508e-002
,,,5.15320000e-008,-1.99999996e-002
,,,5.15360000e-008,-1.43750003e-002
,,,5.15400000e-008,-1.20000001e-002
,,,5.15440000e-008,-1.54062500e-002
,,,5.15480000e-008,-1.92499999e-002
,,,5.15520000e-008,-2.16250010e-002
,,,5.15560000e-008,-1.99999996e-002
,,,5.15600000e-008,-2.67500002e-002
,,,5.15640000e-008,-3.26562487e-002
,,,5.15680000e-008,-2.80000009e-002
,,,5.15720000e-008,-1.21875005e-002
,,,5.15760000e-008,-8.68749991e-003
,,,5.15800000e-008,-1.20000001e-002
,,,5.15840000e-008,-1.13437502e-002
,,,5.15880000e-008,-1.20000001e-002
,,,5.15920000e-008,-7.78124994e-003
,,,5.15960000e-008,-1.24375001e-002
,,,5.16000000e-008,-2.80000009e-002
,,,5.16040000e-008,-2.74999999e-002
,,,5.16080000e-008,-1.26874996e-002
,,,5.16120000e-008,-4.00000019e-003
,,,5.16160000e-008,-8.59375019e-003
,,,5.16200000e-008,-1.20000001e-002
,,,5.16240000e-008,-1.82499997e-002
,,,5.16280000e-008,-2.02187505e-002
,,,5.16320000e-008,-1.99999996e-002
,,,5.16360000e-008,-1.99999996e-002
,,,5.16400000e-008,-1.74687505e-002
,,,5.16440000e-008,-1.20000001e-002
,,,5.16480000e-008,-1.62187498e-002
,,,5.16520000e-008,-2.51562502e-002
,,,5.16560000e-008,-2.11562496e-002
,,,5.16600000e-008,-1.20000001e-002
,,,5.16640000e-008,-1.20000001e-002
,,,5.16680000e-008,-1.20000001e-002
,,,5.16720000e-008,-9.15625039e-003
,,,5.16760000e-008,-1.10312505e-002
,,,5.16800000e-008,-1.98437497e-002
,,,5.16840000e-008,-2.67812498e-002
,,,5.16880000e-008,-2.15000007e-002
,,,5.16920000e-008,-2.02187505e-002
,,,5.16960000e-008,-1.18749999e-002
,,,5.17000000e-008,-1.20000001e-002
,,,5.17040000e-008,-1.20000001e-002
,,,5.17080000e-008,-1.27812503e-002
,,,5.17120000e-008,-1.23124998e-002
,,,5.17160000e-008,-9.25000012e-003
,,,5.17200000e-008,-1.36562502e-002
,,,5.17240000e-008,-1.20000001e-002
,,,5.17280000e-008,-1.54687501e-002
,,,5.17320000e-008,-1.54687501e-002
,,,5.17360000e-008,-1.97812505e-002
,,,5.17400000e-008,-1.40937502e-002
,,,5.17440000e-008,-1.39062498e-002
,,,5.17480000e-008,-1.11250002e-002
,,,5.17520000e-008,-1.20000001e-002
,,,5.17560000e-008,-1.14374999e-002
,,,5.17600000e-008,-1.20000001e-002
,,,5.17640000e-008,-1.50624998e-002
,,,5.17680000e-008,-1.01562496e-002
,,,5.17720000e-008,-8.15625023e-003
,,,5.17760000e-008,-1.60000008e-002
,,,5.17800000e-008,-1.20000001e-002
,,,5.17840000e-008,-1.45937502e-002
,,,5.17880000e-008,-1.10937497e-002
,,,5.17920000e-008,-1.33437505e-002
,,,5.17960000e-008,-8.99999961e-003
,,,5.18000000e-008,-4.68750019e-003
,,,5.18040000e-008,-9.71874967e-003
,,,5.18080000e-008,-1.11875003e-002
,,,5.18120000e-008,-1.13437502e-002
,,,5.18160000e-008,-1.58437509e-002
,,,5.18200000e-008,-2.08125003e-002
,,,5.18240000e-008,-1.75312497e-002
,,,5.18280000e-008,-1.99999996e-002
,,,5.18320000e-008,-1.68124996e-002
,,,5.18360000e-008,-1.99999996e-002
,,,5.18400000e-008,-1.29375001e-002
,,,5.18440000e-008,-1.24375001e-002
,,,5.18480000e-008,-6.75000018e-003
,,,5.18520000e-008,-8.24999996e-003
,,,5.18560000e-008,-4.00000019e-003
,,,5.18600000e-008,-8.03124998e-003
,,,5.18640000e-008,-1.24999997e-003
,,,5.18680000e-008,-4.00000019e-003
,,,5.18720000e-008,-4.62500006e-003
,,,5.18760000e-008,-1.20000001e-002
,,,5.18800000e-008,-1.56875011e-002
,,,5.18840000e-008,-1.30937500e-002
,,,5.18880000e-008,-1.20000001e-002
,,,5.18920000e-008,-1.13124996e-002
,,,5.18960000e-008,-4.24999977e-003
,,,5.19000000e-008,-6.15624990e-003
,,,5.19040000e-008,-1.20000001e-002
,,,5.19080000e-008,-7.84374960e-003
,,,5.19120000e-008,-4.00000019e-003
,,,5.19160000e-008,-7.18750013e-003
,,,5.19200000e-008,-1.20000001e-002
,,,5.19240000e-008,-1.44687500e-002
,,,5.19280000e-008,-8.46874993e-003
,,,5.19320000e-008,-5.09375008e-003
,,,5.19360000e-008,-4.00000019e-003
,,,5.19400000e-008,-4.00000019e-003
,,,5.19440000e-008,-4.00000019e-003
,,,5.19480000e-008,-8.50000046e-003
,,,5.19520000e-008,-1.76874995e-002
,,,5.19560000e-008,-1.47187505e-002
,,,5.19600000e-008,-6.81249984e-003
,,,5.19640000e-008,-7.03124981e-003
,,,5.19680000e-008,-8.59375019e-003
,,,5.19720000e-008,-4.00000019e-003
,,,5.19760000e-008,-8.31250008e-003
,,,5.19800000e-008,-4.00000019e-003
,,,5.19840000e-008,-1.45624997e-002
,,,5.19880000e-008,-1.82812493e-002
,,,5.19920000e-008,-1.35312499e-002
,,,5.19960000e-008,-7.74999987e-003
,,,5.20000000e-008,-1.20000001e-002
,,,5.20040000e-008,-1.64375007e-002
,,,5.20080000e-008,-1.00937504e-002
,,,5.20120000e-008,-4.90625016e-003
,,,5.20160000e-008,-5.34375012e-003
,,,5.20200000e-008,-1.20000001e-002
,,,5.20240000e-008,-7.49999983e-003
,,,5.20280000e-008,-1.01562496e-002
,,,5.20320000e-008,-1.99999996e-002
,,,5.20360000e-008,-2.35312507e-002
,,,5.20400000e-008,-1.99999996e-002
,,,5.20440000e-008,-1.52187506e-002
,,,5.20480000e-008,-1.62187498e-002
,,,5.20520000e-008,-1.20000001e-002
,,,5.20560000e-008,-4.84375004e-003
,,,5.20600000e-008,-6.53125020e-003
,,,5.20640000e-008,-6.12499984e-003
,,,5.20680000e-008,-5.18749980e-003
,,,5.20720000e-008,-5.09375008e-003
,,,5.20760000e-008,-3.21875000e-003
,,,5.20800000e-008,-1.20000001e-002
,,,5.20840000e-008,-9.71874967e-003
,,,5.20880000e-008,-4.00000019e-003
,,,5.20920000e-008,-4.37499926e-004
,,,5.20960000e-008,-4.93749976e-003
,,,5.21000000e-008,-5.93749993e-003
,,,5.21040000e-008,-1.20000001e-002
,,,5.21080000e-008,-7.74999987e-003
,,,5.21120000e-008,-6.78125024e-003
,,,5.21160000e-008,-1.20000001e-002
,,,5.21200000e-008,-5.65624982e-003
,,,5.21240000e-008,-6.96875015e-003
,,,5.21280000e-008,-6.59374986e-003
,,,5.21320000e-008,-1.20000001e-002
,,,5.21360000e-008,-1.11250002e-002
,,,5.21400000e-008,-1.20000001e-002
,,,5.21440000e-008,-1.22499997e-002
,,,5.21480000e-008,-1.20000001e-002
,,,5.21520000e-008,-2.31250003e-003
,,,5.21560000e-008,2.87500024e-003
,,,5.21600000e-008,-6.68750005e-003
,,,5.21640000e-008,-1.20000001e-002
,,,5.21680000e-008,-7.15625007e-003
,,,5.21720000e-008,-1.20000001e-002
,,,5.21760000e-008,-1.68437511e-002
,,,5.21800000e-008,-1.20000001e-002
,,,5.21840000e-008,-7.31249992e-003
,,,5.21880000e-008,-1.08125005e-002
,,,5.21920000e-008,-9.71874967e-003
,,,5.21960000e-008,-1.04062501e-002
,,,5.22000000e-008,-4.00000019e-003
,,,5.22040000e-008,-5.59375016e-003
,,,5.22080000e-008,-1.14374999e-002
,,,5.22120000e-008,-1.23749999e-002
,,,5.22160000e-008,-1.71562508e-002
,,,5.22200000e-008,-1.15937497e-002
,,,5.22240000e-008,-6.34374982e-003
,,,5.22280000e-008,-4.46875021e-003
,,,5.22320000e-008,-1.04062501e-002
,,,5.22360000e-008,-5.06250001e-003
,,,5.22400000e-008,-5.15625020e-003
,,,5.22440000e-008,-4.00000019e-003
,,,5.22480000e-008,-4.15625004e-003
,,,5.22520000e-008,-1.20000001e-002
,,,5.22560000e-008,-6.62499992e-003
,,,5.22600000e-008,-4.43750015e-003
,,,5.22640000e-008,-1.09374989e-003
,,,5.22680000e-008,-3.96875013e-003
,,,5.22720000e-008,-4.00000019e-003
,,,5.22760000e-008,-7.71874981e-003
,,,5.22800000e-008,-1.06562497e-002
,,,5.22840000e-008,-1.20000001e-002
,,,5.22880000e-008,-9.09375027e-003
,,,5.22920000e-008,-4.31249989e-003
,,,5.22960000e-008,-8.15625023e-003
,,,5.23000000e-008,-4.00000019e-003
,,,5.23040000e-008,-4.37500002e-003
,,,5.23080000e-008,-6.43750001e-003
,,,5.23120000e-008,-1.24999997e-003
,,,5.23160000e-008,-1.93749997e-003
,,,5.23200000e-008,-4.00000019e-003
,,,5.23240000e-008,-4.00000019e-003
,,,5.23280000e-008,5.93750097e-004
,,,5.23320000e-008,-8.34374968e-003
,,,5.23360000e-008,-7.81250000e-003
,,,5.23400000e-008,-1.19062504e-002
,,,5.23440000e-008,-1.20000001e-002
,,,5.23480000e-008,-1.56875011e-002
,,,5.23520000e-008,-9.75000020e-003
,,,5.23560000e-008,-8.59375019e-003
,,,5.23600000e-008,-1.35312499e-002
,,,5.23640000e-008,-9.87500045e-003
,,,5.23680000e-008,-6.06250018e-003
,,,5.23720000e-008,-7.96874985e-003
,,,5.23760000e-008,-8.28125048e-003
,,,5.23800000e-008,-2.08125003e-002
,,,5.23840000e-008,-2.30625011e-002
,,,5.23880000e-008,-1.43750003e-002
,,,5.23920000e-008,-4.00000019e-003
,,,5.23960000e-008,-4.37500002e-003
,,,5.24000000e-008,-1.16562499e-002
,,,5.24040000e-008,-1.99999996e-002
,,,5.24080000e-008,-1.54375006e-002
,,,5.24120000e-008,-1.20000001e-002
,,,5.24160000e-008,-6.50000013e-003
,,,5.24200000e-008,-1.56249909e-004
,,,5.24240000e-008,-4.74999985e-003
,,,5.24280000e-008,-9.87500045e-003
,,,5.24320000e-008,-9.21874959e-003
,,,5.24360000e-008,-2.46562511e-002
,,,5.24400000e-008,-2.90000010e-002
,,,5.24440000e-008,-1.99999996e-002
,,,5.24480000e-008,-4.12499998e-003
,,,5.24520000e-008,-1.99999996e-002
,,,5.24560000e-008,-2.69374996e-002
,,,5.24600000e-008,-2.03750003e-002
,,,5.24640000e-008,-1.34062497e-002
,,,5.24680000e-008,-7.24999979e-003
,,,5.24720000e-008,-4.09374991e-003
,,,5.24760000e-008,-2.37499992e-003
,,,5.24800000e-008,-4.00000019e-003
,,,5.24840000e-008,-4.00000019e-003
,,,5.24880000e-008,-9.12499987e-003
,,,5.24920000e-008,-8.40624981e-003
,,,5.24960000e-008,-3.62499990e-003
,,,5.25000000e-008,6.25000903e-005
,,,5.25040000e-008,-4.00000019e-003
,,,5.25080000e-008,-4.00000019e-003
,,,5.25120000e-008,-5.37500018e-003
,,,5.25160000e-008,-3.71874985e-003
,,,5.25200000e-008,-4.00000019e-003
,,,5.25240000e-008,-4.00000019e-003
,,,5.25280000e-008,-3.71874985e-003
,,,5.25320000e-008,-4.93749976e-003
,,,5.25360000e-008,-2.40624999e-003
,,,5.25400000e-008,-4.00000019e-003
,,,5.25440000e-008,-1.17500005e-002
,,,5.25480000e-008,-1.03749996e-002
,,,5.25520000e-008,-1.18749996e-003
,,,5.25560000e-008,-4.00000019e-003
,,,5.25600000e-008,-5.24999993e-003
,,,5.25640000e-008,-8.18749983e-003
,,,5.25680000e-008,-1.02500003e-002
,,,5.25720000e-008,-4.00000019e-003
,,,5.25760000e-008,-6.68750005e-003
,,,5.25800000e-008,-4.00000019e-003
,,,5.25840000e-008,2.96875020e-003
,,,5.25880000e-008,4.00000019e-003
,,,5.25920000e-008,-3.84374987e-003
,,,5.25960000e-008,-2.28124997e-003
,,,5.26000000e-008,-4.00000019e-003
,,,5.26040000e-008,-4.93749976e-003
,,,5.26080000e-008,-1.34687498e-002
,,,5.26120000e-008,-1.44687500e-002
,,,5.26160000e-008,-6.00000005e-003
,,,5.26200000e-008,-4.00000019e-003
,,,5.26240000e-008,-6.62499992e-003
,,,5.26280000e-008,-1.73437502e-002
,,,5.26320000e-008,-1.38750002e-002
,,,5.26360000e-008,-1.43749989e-003
,,,5.26400000e-008,-6.31250022e-003
,,,5.26440000e-008,-7.93750025e-003
,,,5.26480000e-008,-1.20000001e-002
,,,5.26520000e-008,-7.28124985e-003
,,,5.26560000e-008,-1.08437501e-002
,,,5.26600000e-008,-7.68750021e-003
,,,5.26640000e-008,-1.99999996e-002
,,,5.26680000e-008,-2.24062502e-002
,,,5.26720000e-008,-1.30625004e-002
,,,5.26760000e-008,-6.75000018e-003
,,,5.26800000e-008,-4.00000019e-003
,,,5.26840000e-008,-3.84374987e-003
,,,5.26880000e-008,-4.00000019e-003
,,,5.26920000e-008,-4.31249989e-003
,,,5.26960000e-008,-4.00000019e-003
,,,5.27000000e-008,-4.00000019e-003
,,,5.27040000e-008,2.28125020e-003
,,,5.27080000e-008,-3.65624996e-003
,,,5.27120000e-008,-5.68749988e-003
,,,5.27160000e-008,-2.68749986e-003
,,,5.27200000e-008,-4.00000019e-003
,,,5.27240000e-008,-6.28125016e-003
,,,5.27280000e-008,-4.31249989e-003
,,,5.27320000e-008,-4.00000019e-003
,,,5.27360000e-008,-4.00000019e-003
,,,5.27400000e-008,-4.00000019e-003
,,,5.27440000e-008,-6.53125020e-003
,,,5.27480000e-008,-6.34374982e-003
,,,5.27520000e-008,-6.09374978e-003
,,,5.27560000e-008,-4.24999977e-003
,,,5.27600000e-008,1.06250006e-003
,,,5.27640000e-008,-4.00000019e-003
,,,5.27680000e-008,-2.12499988e-003
,,,5.27720000e-008,-4.00000019e-003
,,,5.27760000e-008,-5.28124999e-003
,,,5.27800000e-008,-4.00000019e-003
,,,5.27840000e-008,-1.18749996e-003
,,,5.27880000e-008,-1.06249994e-003
,,,5.27920000e-008,-3.37499985e-003
,,,5.27960000e-008,-4.00000019e-003
,,,5.28000000e-008,-4.00000019e-003
,,,5.28040000e-008,-1.37499988e-003
,,,5.28080000e-008,-8.12499900e-004
,,,5.28120000e-008,2.81250104e-004
,,,5.28160000e-008,-7.74999987e-003
,,,5.28200000e-008,-4.00000019e-003
,,,5.28240000e-008,-4.00000019e-003
,,,5.28280000e-008,-7.46875023e-003
,,,5.28320000e-008,-4.00000019e-003
,,,5.28360000e-008,5.62500092e-004
,,,5.28400000e-008,-2.43750005e-003
,,,5.28440000e-008,-1.03124988e-003
,,,5.28480000e-008,4.00000019e-003
,,,5.28520000e-008,-1.65624998e-003
,,,5.28560000e-008,-3.84374987e-003
,,,5.28600000e-008,4.00000019e-003
,,,5.28640000e-008,4.00000019e-003
,,,5.28680000e-008,-2.46874988e-003
,,,5.28720000e-008,-6.93750009e-003
,,,5.28760000e-008,-6.68750005e-003
,,,5.28800000e-008,-1.50000006e-002
,,,5.28840000e-008,-1.20000001e-002
,,,5.28880000e-008,1.81250006e-003
,,,5.28920000e-008,-4.00000019e-003
,,,5.28960000e-008,9.06250090e-004
,,,5.29000000e-008,1.43750012e-003
,,,5.29040000e-008,-5.93749923e-004
,,,5.29080000e-008,4.00000019e-003
,,,5.29120000e-008,4.00000019e-003
,,,5.29160000e-008,-2.56249984e-003
,,,5.29200000e-008,-3.15624988e-003
,,,5.29240000e-008,-1.20000001e-002
,,,5.29280000e-008,-5.71874995e-003
,,,5.29320000e-008,-5.40624978e-003
,,,5.29360000e-008,-7.06249988e-003
,,,5.29400000e-008,-1.56249991e-003
,,,5.29440000e-008,-4.00000019e-003
,,,5.29480000e-008,-4.81249997e-003
,,,5.29520000e-008,-9.49999969e-003
,,,5.29560000e-008,-6.71875011e-003
,,,5.29600000e-008,4.00000019e-003
,,,5.29640000e-008,4.00000019e-003
,,,5.29680000e-008,-9.99999931e-004
,,,5.29720000e-008,-4.00000019e-003
,,,5.29760000e-008,-2.03124993e-003
,,,5.29800000e-008,-4.00000019e-003
,,,5.29840000e-008,-4.74999985e-003
,,,5.29880000e-008,-9.15625039e-003
,,,5.29920000e-008,-9.06249916e-004
,,,5.29960000e-008,3.00000003e-003
,,,5.30000000e-008,-1.20000001e-002
,,,5.30040000e-008,-1.94687508e-002
,,,5.30080000e-008,-1.29687497e-002
,,,5.30120000e-008,-1.20000001e-002
,,,5.30160000e-008,-7.84374960e-003
,,,5.30200000e-008,2.71875015e-003
,,,5.30240000e-008,4.00000019e-003
,,,5.30280000e-008,-5.31249912e-004
,,,5.30320000e-008,-8.74999911e-004
,,,5.30360000e-008,1.56250098e-004
,,,5.30400000e-008,-1.03124988e-003
,,,5.30440000e-008,4.00000019e-003
,,,5.30480000e-008,3.46875004e-003
,,,5.30520000e-008,-2.46874988e-003
,,,5.30560000e-008,-8.34374968e-003
,,,5.30600000e-008,-4.00000019e-003
,,,5.30640000e-008,-6.53125020e-003
,,,5.30680000e-008,-4.00000019e-003
,,,5.30720000e-008,7.03125028e-003
,,,5.30760000e-008,3.09375022e-003
,,,5.30800000e-008,1.75000017e-003
,,,5.30840000e-008,4.00000019e-003
,,,5.30880000e-008,2.59375013e-003
,,,5.30920000e-008,3.68750026e-003
,,,5.30960000e-008,2.28125020e-003
,,,5.31000000e-008,-1.15624990e-003
,,,5.31040000e-008,-4.00000019e-003
,,,5.31080000e-008,-4.49999981e-003
,,,5.31120000e-008,4.00000019e-003
,,,5.31160000e-008,-4.00000019e-003
,,,5.31200000e-008,5.31250087e-004
,,,5.31240000e-008,4.00000019e-003
,,,5.31280000e-008,7.81250128e-004
,,,5.31320000e-008,4.00000019e-003
,,,5.31360000e-008,8.24999996e-003
,,,5.31400000e-008,1.03125004e-002
,,,5.31440000e-008,-1.24999919e-004
,,,5.31480000e-008,-4.00000019e-003
,,,5.31520000e-008,-2.37499992e-003
,,,5.31560000e-008,2.50000099e-004
,,,5.31600000e-008,-2.46874988e-003
,,,5.31640000e-008,-4.81249997e-003
,,,5.31680000e-008,-6.87499996e-003
,,,5.31720000e-008,-8.03124998e-003
,,,5.31760000e-008,2.50000099e-004
,,,5.31800000e-008,-4.00000019e-003
,,,5.31840000e-008,-5.96874999e-003
,,,5.31880000e-008,2.81250104e-004
,,,5.31920000e-008,8.12500075e-004
,,,5.31960000e-008,-4.00000019e-003
,,,5.32000000e-008,-1.90624991e-003
,,,5.32040000e-008,-4.31249989e-003
,,,5.32080000e-008,3.25000007e-003
,,,5.32120000e-008,1.12500007e-003
,,,5.32160000e-008,-4.37499926e-004
,,,5.32200000e-008,7.50000123e-004
,,,5.32240000e-008,-4.00000019e-003
,,,5.32280000e-008,-1.31249998e-003
,,,5.32320000e-008,3.43750021e-003
,,,5.32360000e-008,-1.71874999e-003
,,,5.32400000e-008,1.65625010e-003
,,,5.32440000e-008,6.25000903e-005
,,,5.32480000e-008,4.00000019e-003
,,,5.32520000e-008,2.03125016e-003
,,,5.32560000e-008,-5.90624986e-003
,,,5.32600000e-008,-4.00000019e-003
,,,5.32640000e-008,-7.34374998e-003
,,,5.32680000e-008,-4.00000019e-003
,,,5.32720000e-008,-6.15624990e-003
,,,5.32760000e-008,-4.99999989e-003
,,,5.32800000e-008,-1.20000001e-002
,,,5.32840000e-008,-8.12499970e-003
,,,5.32880000e-008,-6.34374982e-003
,,,5.32920000e-008,1.12500007e-003
,,,5.32960000e-008,1.15625013e-003
,,,5.33000000e-008,-4.84375004e-003
,,,5.33040000e-008,-1.01875002e-002
,,,5.33080000e-008,-5.93749993e-003
,,,5.33120000e-008,8.94069679e-011
,,,5.33160000e-008,4.00000019e-003
,,,5.33200000e-008,3.43750085e-004
,,,5.33240000e-008,2.34375009e-003
,,,5.33280000e-008,2.46875011e-003
,,,5.33320000e-008,4.00000019e-003
,,,5.33360000e-008,1.09375012e-003
,,,5.33400000e-008,4.00000019e-003
,,,5.33440000e-008,1.25000009e-003
,,,5.33480000e-008,2.75000022e-003
,,,5.33520000e-008,5.93750039e-003
,,,5.33560000e-008,4.90625016e-003
,,,5.33600000e-008,1.28125015e-003
,,,5.33640000e-008,2.53125024e-003
,,,5.33680000e-008,-3.71874985e-003
,,,5.33720000e-008,-4.00000019e-003
,,,5.33760000e-008,-5.31249912e-004
,,,5.33800000e-008,-1.87499914e-004
,,,5.33840000e-008,4.00000019e-003
,,,5.33880000e-008,6.84375037e-003
,,,5.33920000e-008,1.08437501e-002
,,,5.33960000e-008,2.37500016e-003
,,,5.34000000e-008,-6.50000013e-003
,,,5.34040000e-008,-6.31250022e-003
,,,5.34080000e-008,-4.00000019e-003
,,,5.34120000e-008,-1.24687497e-002
,,,5.34160000e-008,-7.78124994e-003
,,,5.34200000e-008,-2.62499996e-003
,,,5.34240000e-008,-4.18750010e-003
,,,5.34280000e-008,-1.20000001e-002
,,,5.34320000e-008,-4.31249989e-003
,,,5.34360000e-008,-6.78125024e-003
,,,5.34400000e-008,-4.00000019e-003
,,,5.34440000e-008,4.00000019e-003
,,,5.34480000e-008,4.75000031e-003
,,,5.34520000e-008,9.59375035e-003
,,,5.34560000e-008,4.00000019e-003
,,,5.34600000e-008,1.87500089e-004
,,,5.34640000e-008,2.90625007e-003
,,,5.34680000e-008,-5.65624982e-003
,,,5.34720000e-008,-1.20000001e-002
,,,5.34760000e-008,-1.03749996e-002
,,,5.34800000e-008,5.31250087e-004
,,,5.34840000e-008,1.75000017e-003
,,,5.34880000e-008,1.15625013e-003
,,,5.34920000e-008,3.37500009e-003
,,,5.34960000e-008,2.18750001e-003
,,,5.35000000e-008,5.15625020e-003
,,,5.35040000e-008,4.00000019e-003
,,,5.35080000e-008,4.00000019e-003
,,,5.35120000e-008,-9.49999969e-003
,,,5.35160000e-008,-1.43437497e-002
,,,5.35200000e-008,-4.00000019e-003
,,,5.35240000e-008,-2.87500001e-003
,,,5.35280000e-008,-6.87499938e-004
,,,5.35320000e-008,9.06250090e-004
,,,5.35360000e-008,1.03125011e-003
,,,5.35400000e-008,1.53125008e-003
,,,5.35440000e-008,-4.00000019e-003
,,,5.35480000e-008,1.25000009e-003
,,,5.35520000e-008,-4.00000019e-003
,,,5.35560000e-008,-1.60312504e-002
,,,5.35600000e-008,-1.43437497e-002
,,,5.35640000e-008,-1.18749996e-003
,,,5.35680000e-008,-2.81249901e-004
,,,5.35720000e-008,4.56249993e-003
,,,5.35760000e-008,3.43750085e-004
,,,5.35800000e-008,-5.49999997e-003
,,,5.35840000e-008,-8.00000038e-003
,,,5.35880000e-008,-4.00000019e-003
,,,5.35920000e-008,4.00000019e-003
,,,5.35960000e-008,2.59375013e-003
,,,5.36000000e-008,-5.09375008e-003
,,,5.36040000e-008,-4.65625012e-003
,,,5.36080000e-008,4.00000019e-003
,,,5.36120000e-008,4.00000019e-003
,,,5.36160000e-008,6.09375024e-003
,,,5.36200000e-008,4.00000019e-003
,,,5.36240000e-008,4.00000019e-003
,,,5.36280000e-008,-1.74999994e-003
,,,5.36320000e-008,4.00000019e-003
,,,5.36360000e-008,4.00000019e-003
,,,5.36400000e-008,-2.40624999e-003
,,,5.36440000e-008,-4.31249989e-003
,,,5.36480000e-008,-5.03124995e-003
,,,5.36520000e-008,4.00000019e-003
,,,5.36560000e-008,2.75000022e-003
,,,5.36600000e-008,4.00000019e-003
,,,5.36640000e-008,5.40625025e-003
,,,5.36680000e-008,-1.06249994e-003
,,,5.36720000e-008,-4.00000019e-003
,,,5.36760000e-008,-3.28124990e-003
,,,5.36800000e-008,-3.34375002e-003
,,,5.36840000e-008,3.84375011e-003
,,,5.36880000e-008,-4.00000019e-003
,,,5.36920000e-008,-1.26562500e-002
,,,5.36960000e-008,-1.31250005e-002
,,,5.37000000e-008,-1.20000001e-002
,,,5.37040000e-008,2.59375013e-003
,,,5.37080000e-008,1.20000001e-002
,,,5.37120000e-008,1.17500005e-002
,,,5.37160000e-008,8.68749991e-003
,,,5.37200000e-008,1.09375012e-003
,,,5.37240000e-008,3.50000011e-003
,,,5.37280000e-008,4.00000019e-003
,,,5.37320000e-008,-1.53124996e-003
,,,5.37360000e-008,5.09375008e-003
,,,5.37400000e-008,4.00000019e-003
,,,5.37440000e-008,-1.18749996e-003
,,,5.37480000e-008,-1.65624998e-003
,,,5.37520000e-008,3.53125017e-003
,,,5.37560000e-008,5.00000082e-004
,,,5.37600000e-008,6.09375024e-003
,,,5.37640000e-008,3.87500017e-003
,,,5.37680000e-008,4.00000019e-003
,,,5.37720000e-008,2.93750013e-003
,,,5.37760000e-008,-1.21874991e-003
,,,5.37800000e-008,4.78125038e-003
,,,5.37840000e-008,9.87500045e-003
,,,5.37880000e-008,9.56249982e-003
,,,5.37920000e-008,4.00000019e-003
,,,5.37960000e-008,9.99999978e-003
,,,5.38000000e-008,4.00000019e-003
,,,5.38040000e-008,-1.56249991e-003
,,,5.38080000e-008,-4.00000019e-003
,,,5.38120000e-008,-1.93749997e-003
,,,5.38160000e-008,9.15625039e-003
,,,5.38200000e-008,9.62499995e-003
,,,5.38240000e-008,3.53125017e-003
,,,5.38280000e-008,6.21875003e-003
,,,5.38320000e-008,4.00000019e-003
,,,5.38360000e-008,5.62500022e-003
,,,5.38400000e-008,-2.62499996e-003
,,,5.38440000e-008,-1.20000001e-002
,,,5.38480000e-008,-9.53125022e-003
,,,5.38520000e-008,3.62500013e-003
,,,5.38560000e-008,1.39062507e-002
,,,5.38600000e-008,8.12500063e-003
,,,5.38640000e-008,4.00000019e-003
,,,5.38680000e-008,9.03125014e-003
,,,5.38720000e-008,1.00312503e-002
,,,5.38760000e-008,1.04062501e-002
,,,5.38800000e-008,9.34374984e-003
,,,5.38840000e-008,4.00000019e-003
,,,5.38880000e-008,6.12500031e-003
,,,5.38920000e-008,5.21875033e-003
,,,5.38960000e-008,8.37500021e-003
,,,5.39000000e-008,9.99999978e-003
,,,5.39040000e-008,-8.21875036e-003
,,,5.39080000e-008,-1.20000001e-002
,,,5.39120000e-008,7.81250128e-004
,,,5.39160000e-008,-4.31249989e-003
,,,5.39200000e-008,-1.20000001e-002
,,,5.39240000e-008,-4.12499998e-003
,,,5.39280000e-008,3.96875013e-003
,,,5.39320000e-008,-4.00000019e-003
,,,5.39360000e-008,-4.00000019e-003
,,,5.39400000e-008,2.50000099e-004
,,,5.39440000e-008,3.34375002e-003
,,,5.39480000e-008,4.00000019e-003
,,,5.39520000e-008,-5.24999993e-003
,,,5.39560000e-008,-9.93749965e-003
,,,5.39600000e-008,-1.68749993e-003
,,,5.39640000e-008,4.00000019e-003
,,,5.39680000e-008,4.00000019e-003
,,,5.39720000e-008,4.90625016e-003
,,,5.39760000e-008,7.59375002e-003
,,,5.39800000e-008,4.00000019e-003
,,,5.39840000e-008,3.50000011e-003
,,,5.39880000e-008,1.78125012e-003
,,,5.39920000e-008,8.21875036e-003
,,,5.39960000e-008,8.56250059e-003
,,,5.40000000e-008,7.81250128e-004
,,,5.40040000e-008,-4.00000019e-003
,,,5.40080000e-008,5.75000001e-003
,,,5.40120000e-008,8.18749983e-003
,,,5.40160000e-008,4.81249997e-003
,,,5.40200000e-008,5.34375012e-003
,,,5.40240000e-008,1.90625014e-003
,,,5.40280000e-008,3.46875004e-003
,,,5.40320000e-008,7.65625015e-003
,,,5.40360000e-008,7.03125028e-003
,,,5.40400000e-008,4.00000019e-003
,,,5.40440000e-008,-9.37499921e-004
,,,5.40480000e-008,9.15625039e-003
,,,5.40520000e-008,8.50000046e-003
,,,5.40560000e-008,-1.96875003e-003
,,,5.40600000e-008,-1.30000003e-002
,,,5.40640000e-008,-1.13124996e-002
,,,5.40680000e-008,1.21875014e-003
,,,5.40720000e-008,4.00000019e-003
,,,5.40760000e-008,7.31250038e-003
,,,5.40800000e-008,4.31250036e-003
,,,5.40840000e-008,9.68750101e-004
,,,5.40880000e-008,3.84375011e-003
,,,5.40920000e-008,-4.00000019e-003
,,,5.40960000e-008,-4.99999907e-004
,,,5.41000000e-008,1.59375009e-003
,,,5.41040000e-008,1.04687503e-002
,,,5.41080000e-008,2.15625018e-003
,,,5.41120000e-008,-1.84374989e-003
,,,5.41160000e-008,-4.99999989e-003
,,,5.41200000e-008,4.00000019e-003
,,,5.41240000e-008,9.37500095e-004
,,,5.41280000e-008,1.71875011e-003
,,,5.41320000e-008,5.68750035e-003
,,,5.41360000e-008,-6.21875003e-003
,,,5.41400000e-008,-4.00000019e-003
,,,5.41440000e-008,-9.99999931e-004
,,,5.41480000e-008,-4.00000019e-003
,,,5.41520000e-008,4.00000019e-003
,,,5.41560000e-008,1.04375007e-002
,,,5.41600000e-008,2.71875015e-003
,,,5.41640000e-008,-4.18750010e-003
,,,5.41680000e-008,-1.99999996e-002
,,,5.41720000e-008,-1.86874997e-002
,,,5.41760000e-008,-5.31249912e-004
,,,5.41800000e-008,-4.00000019e-003
,,,5.41840000e-008,-3.93750006e-003
,,,5.41880000e-008,-3.00000003e-003
,,,5.41920000e-008,4.00000019e-003
,,,5.41960000e-008,5.25000039e-003
,,,5.42000000e-008,1.08750006e-002
,,,5.42040000e-008,4.00000019e-003
,,,5.42080000e-008,5.34375012e-003
,,,5.42120000e-008,1.20000001e-002
,,,5.42160000e-008,2.65625003e-003
,,,5.42200000e-008,4.00000019e-003
,,,5.42240000e-008,3.31250019e-003
,,,5.42280000e-008,4.00000019e-003
,,,5.42320000e-008,4.00000019e-003
,,,5.42360000e-008,-4.00000019e-003
,,,5.42400000e-008,-2.24999990e-003
,,,5.42440000e-008,2.96875020e-003
,,,5.42480000e-008,-2.68749986e-003
,,,5.42520000e-008,-3.12499105e-005
,,,5.42560000e-008,2.56250007e-003
,,,5.42600000e-008,3.93750006e-003
,,,5.42640000e-008,8.03124998e-003
,,,5.42680000e-008,6.40625041e-003
,,,5.42720000e-008,3.25000007e-003
,,,5.42760000e-008,4.00000019e-003
,,,5.42800000e-008,-5.62499918e-004
,,,5.42840000e-008,4.62500006e-003
,,,5.42880000e-008,1.04375007e-002
,,,5.42920000e-008,8.37500021e-003
,,,5.42960000e-008,1.10625001e-002
,,,5.43000000e-008,6.00000005e-003
,,,5.43040000e-008,5.40625025e-003
,,,5.43080000e-008,7.00000022e-003
,,,5.43120000e-008,7.06250034e-003
,,,5.43160000e-008,4.00000019e-003
,,,5.43200000e-008,-4.06249921e-004
,,,5.43240000e-008,3.90625000e-003
,,,5.43280000e-008,3.06250015e-003
,,,5.43320000e-008,1.90625014e-003
,,,5.43360000e-008,2.78125005e-003
,,,5.43400000e-008,4.00000019e-003
,,,5.43440000e-008,-6.24999928e-004
,,,5.43480000e-008,-3.00000003e-003
,,,5.43520000e-008,-1.90624991e-003
,,,5.43560000e-008,4.00000019e-003
,,,5.43600000e-008,1.02812499e-002
,,,5.43640000e-008,7.37500004e-003
,,,5.43680000e-008,4.12499998e-003
,,,5.43720000e-008,1.04999999e-002
,,,5.43760000e-008,4.25000023e-003
,,,5.43800000e-008,-4.00000019e-003
,,,5.43840000e-008,1.87500007e-003
,,,5.43880000e-008,4.00000019e-003
,,,5.43920000e-008,-4.49999981e-003
,,,5.43960000e-008,-4.31249989e-003
,,,5.44000000e-008,5.15625020e-003
,,,5.44040000e-008,6.84375037e-003
,,,5.44080000e-008,5.25000039e-003
,,,5.44120000e-008,-4.00000019e-003
,,,5.44160000e-008,-6.90625003e-003
,,,5.44200000e-008,1.68750016e-003
,,,5.44240000e-008,-1.24999919e-004
,,,5.44280000e-008,-7.93750025e-003
,,,5.44320000e-008,-4.00000019e-003
,,,5.44360000e-008,6.84375037e-003
,,,5.44400000e-008,4.00000019e-003
,,,5.44440000e-008,4.00000019e-003
,,,5.44480000e-008,8.59375019e-003
,,,5.44520000e-008,7.28125032e-003
,,,5.44560000e-008,5.78125007e-003
,,,5.44600000e-008,4.00000019e-003
,,,5.44640000e-008,1.59375009e-003
,,,5.44680000e-008,8.34375061e-003
,,,5.44720000e-008,4.00000019e-003
,,,5.44760000e-008,-2.18749919e-004
,,,5.44800000e-008,2.06250022e-003
,,,5.44840000e-008,4.00000019e-003
,,,5.44880000e-008,6.06250018e-003
,,,5.44920000e-008,1.13125006e-002
,,,5.44960000e-008,1.00624999e-002
,,,5.45000000e-008,1.65625010e-003
,,,5.45040000e-008,4.00000019e-003
,,,5.45080000e-008,5.34375012e-003
,,,5.45120000e-008,-6.24999084e-005
,,,5.45160000e-008,-9.06249916e-004
,,,5.45200000e-008,1.87500089e-004
,,,5.45240000e-008,9.28125065e-003
,,,5.45280000e-008,3.71875009e-003
,,,5.45320000e-008,4.00000019e-003
,,,5.45360000e-008,9.50000063e-003
,,,5.45400000e-008,9.37500037e-003
,,,5.45440000e-008,6.25000009e-003
,,,5.45480000e-008,8.34375061e-003
,,,5.45520000e-008,8.96875001e-003
,,,5.45560000e-008,7.59375002e-003
,,,5.45600000e-008,-8.43749905e-004
,,,5.45640000e-008,4.00000019e-003
,,,5.45680000e-008,9.71875060e-003
,,,5.45720000e-008,1.68750016e-003
,,,5.45760000e-008,5.09375008e-003
,,,5.45800000e-008,8.21875036e-003
,,,5.45840000e-008,-1.24999919e-004
,,,5.45880000e-008,4.00000019e-003
,,,5.45920000e-008,4.00000019e-003
,,,5.45960000e-008,-3.46875004e-003
,,,5.46000000e-008,-9.62499995e-003
,,,5.46040000e-008,-4.00000019e-003
,,,5.46080000e-008,6.31250022e-003
,,,5.46120000e-008,7.40625011e-003
,,,5.46160000e-008,1.56250014e-003
,,,5.46200000e-008,-4.78124991e-003
,,,5.46240000e-008,-1.20000001e-002
,,,5.46280000e-008,-4.62500006e-003
,,,5.46320000e-008,4.00000019e-003
,,,5.46360000e-008,4.00000019e-003
,,,5.46400000e-008,-2.81249901e-004
,,,5.46440000e-008,7.90625066e-003
,,,5.46480000e-008,6.06250018e-003
,,,5.46520000e-008,4.00000019e-003
,,,5.46560000e-008,-5.31250006e-003
,,,5.46600000e-008,-4.00000019e-003
,,,5.46640000e-008,5.31250087e-004
,,,5.46680000e-008,-6.62499992e-003
,,,5.46720000e-008,-1.20000001e-002
,,,5.46760000e-008,-2.96874996e-003
,,,5.46800000e-008,7.81250000e-003
,,,5.46840000e-008,6.81250030e-003
,,,5.46880000e-008,2.96875020e-003
,,,5.46920000e-008,5.28124999e-003
,,,5.46960000e-008,8.71875044e-003
,,,5.47000000e-008,4.00000019e-003
,,,5.47040000e-008,-9.37499135e-005
,,,5.47080000e-008,-5.75000001e-003
,,,5.47120000e-008,-6.31250022e-003
,,,5.47160000e-008,-7.84374960e-003
,,,5.47200000e-008,-1.20000001e-002
,,,5.47240000e-008,-1.96875003e-003
,,,5.47280000e-008,-5.40624978e-003
,,,5.47320000e-008,2.21875007e-003
,,,5.47360000e-008,1.13750007e-002
,,,5.47400000e-008,1.06562506e-002
,,,5.47440000e-008,8.15625023e-003
,,,5.47480000e-008,-1.56249909e-004
,,,5.47520000e-008,-1.20000001e-002
,,,5.47560000e-008,-8.71875044e-003
,,,5.47600000e-008,2.90625007e-003
,,,5.47640000e-008,4.00000019e-003
,,,5.47680000e-008,3.09375022e-003
,,,5.47720000e-008,4.00000019e-003
,,,5.47760000e-008,1.06250001e-002
,,,5.47800000e-008,3.96875013e-003
,,,5.47840000e-008,4.87500010e-003
,,,5.47880000e-008,4.00000019e-003
,,,5.47920000e-008,4.37500101e-004
,,,5.47960000e-008,9.68750101e-004
,,,5.48000000e-008,9.37500095e-004
,,,5.48040000e-008,5.40625025e-003
,,,5.48080000e-008,2.90625007e-003
,,,5.48120000e-008,3.71875009e-003
,,,5.48160000e-008,5.62500022e-003
,,,5.48200000e-008,1.28125015e-003
,,,5.48240000e-008,-1.09374989e-003
,,,5.48280000e-008,-1.06249994e-003
,,,5.48320000e-008,4.00000019e-003
,,,5.48360000e-008,5.56250010e-003
,,,5.48400000e-008,3.31250019e-003
,,,5.48440000e-008,1.87500007e-003
,,,5.48480000e-008,-3.03124986e-003
,,,5.48520000e-008,-4.00000019e-003
,,,5.48560000e-008,1.93750008e-003
,,,5.48600000e-008,4.00000019e-003
,,,5.48640000e-008,1.21875014e-003
,,,5.48680000e-008,9.99999978e-003
,,,5.48720000e-008,4.00000019e-003
,,,5.48760000e-008,3.90625000e-003
,,,5.48800000e-008,8.65625031e-003
,,,5.48840000e-008,4.53125034e-003
,,,5.48880000e-008,-4.00000019e-003
,,,5.48920000e-008,1.50000013e-003
,,,5.48960000e-008,1.25625003e-002
,,,5.49000000e-008,4.00000019e-003
,,,5.49040000e-008,-2.84374994e-003
,,,5.49080000e-008,3.56250023e-003
,,,5.49120000e-008,4.50000027e-003
,,,5.49160000e-008,8.46874993e-003
,,,5.49200000e-008,5.25000039e-003
,,,5.49240000e-008,1.15625013e-003
,,,5.49280000e-008,6.31250022e-003
,,,5.49320000e-008,6.75000018e-003
,,,5.49360000e-008,5.03124995e-003
,,,5.49400000e-008,4.00000019e-003
,,,5.49440000e-008,7.18750118e-004
,,,5.49480000e-008,9.81250033e-003
,,,5.49520000e-008,7.31250038e-003
,,,5.49560000e-008,2.90625007e-003
,,,5.49600000e-008,1.78125012e-003
,,,5.49640000e-008,6.09375024e-003
,,,5.49680000e-008,1.07187498e-002
,,,5.49720000e-008,1.18750008e-003
,,,5.49760000e-008,-4.43750015e-003
,,,5.49800000e-008,7.81250128e-004
,,,5.49840000e-008,4.81249997e-003
,,,5.49880000e-008,2.43750005e-003
,,,5.49920000e-008,1.04999999e-002
,,,5.49960000e-008,8.59375019e-003
,,,5.50000000e-008,5.46875037e-003
,,,5.50040000e-008,4.00000019e-003
,,,5.50080000e-008,3.96875013e-003
,,,5.50120000e-008,3.75000015e-003
,,,5.50160000e-008,6.46875007e-003
,,,5.50200000e-008,4.00000019e-003
,,,5.50240000e-008,3.40625015e-003
,,,5.50280000e-008,-8.74999911e-004
,,,5.50320000e-008,6.62500039e-003
,,,5.50360000e-008,-1.78124988e-003
,,,5.50400000e-008,-2.96874996e-003
,,,5.50440000e-008,5.28124999e-003
,,,5.50480000e-008,1.50312502e-002
,,,5.50520000e-008,1.06250001e-002
,,,5.50560000e-008,1.16250003e-002
,,,5.50600000e-008,4.00000019e-003
,,,5.50640000e-008,2.18750094e-004
,,,5.50680000e-008,-1.87499996e-003
,,,5.50720000e-008,-1.25937499e-002
,,,5.50760000e-008,-1.38750002e-002
,,,5.50800000e-008,-4.00000019e-003
,,,5.50840000e-008,4.00000019e-003
,,,5.50880000e-008,4.56249993e-003
,,,5.50920000e-008,8.46874993e-003
,,,5.50960000e-008,1.06875002e-002
,,,5.51000000e-008,1.06562506e-002
,,,5.51040000e-008,1.28437504e-002
,,,5.51080000e-008,9.96875018e-003
,,,5.51120000e-008,5.96874999e-003
,,,5.51160000e-008,4.00000019e-003
,,,5.51200000e-008,2.50000099e-004
,,,5.51240000e-008,1.87500007e-003
,,,5.51280000e-008,8.09375010e-003
,,,5.51320000e-008,4.00000019e-003
,,,5.51360000e-008,6.62500039e-003
,,,5.51400000e-008,-4.00000019e-003
,,,5.51440000e-008,-9.06249916e-004
,,,5.51480000e-008,1.15000000e-002
,,,5.51520000e-008,1.14062503e-002
,,,5.51560000e-008,1.20000001e-002
,,,5.51600000e-008,1.75000017e-003
,,,5.51640000e-008,-4.31249989e-003
,,,5.51680000e-008,-2.49999925e-004
,,,5.51720000e-008,7.03125028e-003
,,,5.51760000e-008,5.93750039e-003
,,,5.51800000e-008,-4.99999907e-004
,,,5.51840000e-008,-4.00000019e-003
,,,5.51880000e-008,-6.03125012e-003
,,,5.51920000e-008,-2.46874988e-003
,,,5.51960000e-008,1.13437502e-002
,,,5.52000000e-008,7.68750021e-003
,,,5.52040000e-008,8.06250051e-003
,,,5.52080000e-008,3.81250004e-003
,,,5.52120000e-008,4.00000019e-003
,,,5.52160000e-008,4.68750106e-004
,,,5.52200000e-008,-4.00000019e-003
,,,5.52240000e-008,-6.24999928e-004
,,,5.52280000e-008,5.43750031e-003
,,,5.52320000e-008,4.00000019e-003
,,,5.52360000e-008,-5.31250006e-003
,,,5.52400000e-008,-2.18749919e-004
,,,5.52440000e-008,6.21875003e-003
,,,5.52480000e-008,4.00000019e-003
,,,5.52520000e-008,7.09375041e-003
,,,5.52560000e-008,1.07187498e-002
,,,5.52600000e-008,6.21875003e-003
,,,5.52640000e-008,4.00000019e-003
,,,5.52680000e-008,1.20000001e-002
,,,5.52720000e-008,1.18437503e-002
,,,5.52760000e-008,9.78124980e-003
,,,5.52800000e-008,4.00000019e-003
,,,5.52840000e-008,6.53125020e-003
,,,5.52880000e-008,2.34375009e-003
,,,5.52920000e-008,4.00000019e-003
,,,5.52960000e-008,4.21875017e-003
,,,5.53000000e-008,-5.59375016e-003
,,,5.53040000e-008,-4.00000019e-003
,,,5.53080000e-008,4.00000019e-003
,,,5.53120000e-008,-9.06249916e-004
,,,5.53160000e-008,3.75000091e-004
,,,5.53200000e-008,4.00000019e-003
,,,5.53240000e-008,1.10312505e-002
,,,5.53280000e-008,6.03125012e-003
,,,5.53320000e-008,1.20000001e-002
,,,5.53360000e-008,6.71875011e-003
,,,5.53400000e-008,5.56250010e-003
,,,5.53440000e-008,-3.68750002e-003
,,,5.53480000e-008,-1.20000001e-002
,,,5.53520000e-008,-1.56249991e-003
,,,5.53560000e-008,-3.06249992e-003
,,,5.53600000e-008,1.62500015e-003
,,,5.53640000e-008,-2.62499996e-003
,,,5.53680000e-008,-4.00000019e-003
,,,5.53720000e-008,3.75000015e-003
,,,5.53760000e-008,2.03125016e-003
,,,5.53800000e-008,-3.93750006e-003
,,,5.53840000e-008,-4.00000019e-003
,,,5.53880000e-008,-4.00000019e-003
,,,5.53920000e-008,3.12500888e-005
,,,5.53960000e-008,6.87500113e-004
,,,5.54000000e-008,6.25000102e-004
,,,5.54040000e-008,4.53125034e-003
,,,5.54080000e-008,5.18750027e-003
,,,5.54120000e-008,5.06250001e-003
,,,5.54160000e-008,-6.24999928e-004
,,,5.54200000e-008,-3.71874985e-003
,,,5.54240000e-008,6.25000102e-004
,,,5.54280000e-008,3.56250023e-003
,,,5.54320000e-008,3.46875004e-003
,,,5.54360000e-008,4.00000019e-003
,,,5.54400000e-008,-3.43749911e-004
,,,5.54440000e-008,2.96875020e-003
,,,5.54480000e-008,2.87500024e-003
,,,5.54520000e-008,-8.43749905e-004
,,,5.54560000e-008,4.68750106e-004
,,,5.54600000e-008,-6.24999084e-005
,,,5.54640000e-008,4.00000019e-003
,,,5.54680000e-008,4.00000019e-003
,,,5.54720000e-008,7.09375041e-003
,,,5.54760000e-008,4.25000023e-003
,,,5.54800000e-008,4.00000019e-003
,,,5.54840000e-008,6.03125012e-003
,,,5.54880000e-008,1.68750016e-003
,,,5.54920000e-008,9.37500095e-004
,,,5.54960000e-008,3.00000003e-003
,,,5.55000000e-008,4.00000019e-003
,,,5.55040000e-008,3.59375007e-003
,,,5.55080000e-008,9.50000063e-003
,,,5.55120000e-008,1.16875004e-002
,,,5.55160000e-008,1.19687505e-002
,,,5.55200000e-008,9.21875052e-003
,,,5.55240000e-008,6.12500031e-003
,,,5.55280000e-008,4.00000019e-003
,,,5.55320000e-008,-1.34374993e-003
,,,5.55360000e-008,5.62500022e-003
,,,5.55400000e-008,1.16562499e-002
,,,5.55440000e-008,6.15625037e-003
,,,5.55480000e-008,3.96875013e-003
,,,5.55520000e-008,4.00000019e-003
,,,5.55560000e-008,7.87500013e-003
,,,5.55600000e-008,7.87500013e-003
,,,5.55640000e-008,6.31250022e-003
,,,5.55680000e-008,8.93750042e-003
,,,5.55720000e-008,3.62500013e-003
,,,5.55760000e-008,2.09375005e-003
,,,5.55800000e-008,7.62500009e-003
,,,5.55840000e-008,-1.84374989e-003
,,,5.55880000e-008,-4.00000019e-003
,,,5.55920000e-008,4.00000019e-003
,,,5.55960000e-008,4.00000019e-003
,,,5.56000000e-008,5.90625033e-003
,,,5.56040000e-008,4.00000019e-003
,,,5.56080000e-008,9.90625005e-003
,,,5.56120000e-008,5.31250006e-003
,,,5.56160000e-008,2.65625003e-003
,,,5.56200000e-008,4.00000019e-003
,,,5.56240000e-008,-4.00000019e-003
,,,5.56280000e-008,-6.24999928e-004
,,,5.56320000e-008,-4.00000019e-003
,,,5.56360000e-008,2.34375009e-003
,,,5.56400000e-008,1.14374999e-002
,,,5.56440000e-008,1.20000001e-002
,,,5.56480000e-008,3.12500005e-003
,,,5.56520000e-008,7.18750118e-004
,,,5.56560000e-008,-1.03124988e-003
,,,5.56600000e-008,-7.93750025e-003
,,,5.56640000e-008,-1.20000001e-002
,,,5.56680000e-008,-4.00000019e-003
,,,5.56720000e-008,4.00000019e-003
,,,5.56760000e-008,2.81250011e-003
,,,5.56800000e-008,8.18749983e-003
,,,5.56840000e-008,1.00312503e-002
,,,5.56880000e-008,4.87500010e-003
,,,5.56920000e-008,4.00000019e-003
,,,5.56960000e-008,6.31250022e-003
,,,5.57000000e-008,6.87499996e-003
,,,5.57040000e-008,4.00000019e-003
,,,5.57080000e-008,1.04687503e-002
,,,5.57120000e-008,4.84375004e-003
,,,5.57160000e-008,-7.18749943e-004
,,,5.57200000e-008,-2.81249988e-003
,,,5.57240000e-008,-2.49999994e-003
,,,5.57280000e-008,4.00000019e-003
,,,5.57320000e-008,7.40625011e-003
,,,5.57360000e-008,1.28124999e-002
,,,5.57400000e-008,1.20000001e-002
,,,5.57440000e-008,2.50000018e-003
,,,5.57480000e-008,-4.00000019e-003
,,,5.57520000e-008,1.81250006e-003
,,,5.57560000e-008,4.00000019e-003
,,,5.57600000e-008,3.12500888e-005
,,,5.57640000e-008,4.00000019e-003
,,,5.57680000e-008,3.81250004e-003
,,,5.57720000e-008,-4.00000019e-003
,,,5.57760000e-008,-5.62500022e-003
,,,5.57800000e-008,4.96875029e-003
,,,5.57840000e-008,-4.03124979e-003
,,,5.57880000e-008,-1.49999990e-003
,,,5.57920000e-008,9.68750007e-003
,,,5.57960000e-008,6.96875015e-003
,,,5.58000000e-008,-4.00000019e-003
,,,5.58040000e-008,-1.49999990e-003
,,,5.58080000e-008,4.00000019e-003
,,,5.58120000e-008,-3.43749911e-004
,,,5.58160000e-008,3.59375007e-003
,,,5.58200000e-008,6.50000013e-003
,,,5.58240000e-008,-4.00000019e-003
,,,5.58280000e-008,-2.56249984e-003
,,,5.58320000e-008,1.10312505e-002
,,,5.58360000e-008,-4.00000019e-003
,,,5.58400000e-008,-9.40624997e-003
,,,5.58440000e-008,1.50000013e-003
,,,5.58480000e-008,1.20000001e-002
,,,5.58520000e-008,8.09375010e-003
,,,5.58560000e-008,8.62499978e-003
,,,5.58600000e-008,1.20000001e-002
,,,5.58640000e-008,1.25000093e-004
,,,5.58680000e-008,-1.84374989e-003
,,,5.58720000e-008,6.12500031e-003
,,,5.58760000e-008,5.37500018e-003
,,,5.58800000e-008,4.00000019e-003
,,,5.58840000e-008,4.00000019e-003
,,,5.58880000e-008,4.00000019e-003
,,,5.58920000e-008,2.43750005e-003
,,,5.58960000e-008,1.00312503e-002
,,,5.59000000e-008,3.12500005e-003
,,,5.59040000e-008,4.00000019e-003
,,,5.59080000e-008,-1.03124988e-003
,,,5.59120000e-008,1.50000013e-003
,,,5.59160000e-008,4.00000019e-003
,,,5.59200000e-008,8.93750042e-003
,,,5.59240000e-008,4.00000019e-003
,,,5.59280000e-008,4.00000019e-003
,,,5.59320000e-008,8.09375010e-003
,,,5.59360000e-008,2.12500012e-003
,,,5.59400000e-008,4.00000019e-003
,,,5.59440000e-008,6.25000903e-005
,,,5.59480000e-008,7.93750025e-003
,,,5.59520000e-008,6.71875011e-003
,,,5.59560000e-008,8.06250051e-003
,,,5.59600000e-008,4.00000019e-003
,,,5.59640000e-008,3.40625015e-003
,,,5.59680000e-008,-4.00000019e-003
,,,5.59720000e-008,7.18750118e-004
,,,5.59760000e-008,3.71875009e-003
,,,5.59800000e-008,-6.59374986e-003
,,,5.59840000e-008,-4.15625004e-003
,,,5.59880000e-008,-3.84374987e-003
,,,5.59920000e-008,3.12500005e-003
,,,5.59960000e-008,4.93750023e-003
,,,5.60000000e-008,4.00000019e-003
,,,5.60040000e-008,8.93750042e-003
,,,5.60080000e-008,5.49999997e-003
,,,5.60120000e-008,-3.74999916e-004
,,,5.60160000e-008,-3.87499994e-003
,,,5.60200000e-008,2.87500024e-003
,,,5.60240000e-008,1.12500004e-002
,,,5.60280000e-008,4.00000019e-003
,,,5.60320000e-008,6.75000018e-003
,,,5.60360000e-008,1.90625014e-003
,,,5.60400000e-008,5.15625020e-003
,,,5.60440000e-008,7.81250128e-004
,,,5.60480000e-008,4.00000019e-003
,,,5.60520000e-008,4.00000019e-003
,,,5.60560000e-008,-1.15624990e-003
,,,5.60600000e-008,3.06250015e-003
,,,5.60640000e-008,3.71875009e-003
,,,5.60680000e-008,7.93750025e-003
,,,5.60720000e-008,3.68750026e-003
,,,5.60760000e-008,6.03125012e-003
,,,5.60800000e-008,4.00000019e-003
,,,5.60840000e-008,4.84375004e-003
,,,5.60880000e-008,4.00000019e-003
,,,5.60920000e-008,6.00000005e-003
,,,5.60960000e-008,1.16250003e-002
,,,5.61000000e-008,6.25000009e-003
,,,5.61040000e-008,9.18749999e-003
,,,5.61080000e-008,2.53125024e-003
,,,5.61120000e-008,4.00000019e-003
,,,5.61160000e-008,-9.37499135e-005
,,,5.61200000e-008,1.56250098e-004
,,,5.61240000e-008,-3.62499990e-003
,,,5.61280000e-008,9.68750101e-004
,,,5.61320000e-008,-4.00000019e-003
,,,5.61360000e-008,1.06250006e-003
,,,5.61400000e-008,3.81250004e-003
,,,5.61440000e-008,3.78125021e-003
,,,5.61480000e-008,8.65625031e-003
,,,5.61520000e-008,4.00000019e-003
,,,5.61560000e-008,3.03125009e-003
,,,5.61600000e-008,5.12500014e-003
,,,5.61640000e-008,4.00000019e-003
,,,5.61680000e-008,1.19375000e-002
,,,5.61720000e-008,7.43750017e-003
,,,5.61760000e-008,7.53125036e-003
,,,5.61800000e-008,4.00000019e-003
,,,5.61840000e-008,8.75000085e-004
,,,5.61880000e-008,-4.40625008e-003
,,,5.61920000e-008,-4.00000019e-003
,,,5.61960000e-008,1.00937504e-002
,,,5.62000000e-008,9.65625048e-003
,,,5.62040000e-008,5.03124995e-003
,,,5.62080000e-008,-3.78124998e-003
,,,5.62120000e-008,-1.62499992e-003
,,,5.62160000e-008,1.01562506e-002
,,,5.62200000e-008,9.87500045e-003
,,,5.62240000e-008,4.62500006e-003
,,,5.62280000e-008,-6.56249933e-004
,,,5.62320000e-008,-4.00000019e-003
,,,5.62360000e-008,-4.37500002e-003
,,,5.62400000e-008,4.00000019e-003
,,,5.62440000e-008,6.18749997e-003
,,,5.62480000e-008,4.00000019e-003
,,,5.62520000e-008,6.62500039e-003
,,,5.62560000e-008,7.93750025e-003
,,,5.62600000e-008,1.20000001e-002
,,,5.62640000e-008,-3.74999916e-004
,,,5.62680000e-008,-4.00000019e-003
,,,5.62720000e-008,4.00000019e-003
,,,5.62760000e-008,4.00000019e-003
,,,5.62800000e-008,4.00000019e-003
,,,5.62840000e-008,4.00000019e-003
,,,5.62880000e-008,9.46875010e-003
,,,5.62920000e-008,2.34375009e-003
,,,5.62960000e-008,-4.00000019e-003
,,,5.63000000e-008,-9.93749965e-003
,,,5.63040000e-008,-3.31249996e-003
,,,5.63080000e-008,1.96875003e-003
,,,5.63120000e-008,5.31250087e-004
,,,5.63160000e-008,3.00000003e-003
,,,5.63200000e-008,-4.00000019e-003
,,,5.63240000e-008,3.03125009e-003
,,,5.63280000e-008,3.78125021e-003
,,,5.63320000e-008,4.00000019e-003
,,,5.63360000e-008,4.00000019e-003
,,,5.63400000e-008,3.75000091e-004
,,,5.63440000e-008,-5.71874995e-003
,,,5.63480000e-008,-4.00000019e-003
,,,5.63520000e-008,7.34374998e-003
,,,5.63560000e-008,-4.00000019e-003
,,,5.63600000e-008,-1.20000001e-002
,,,5.63640000e-008,-7.28124985e-003
,,,5.63680000e-008,7.37500004e-003
,,,5.63720000e-008,-4.28124983e-003
,,,5.63760000e-008,-4.00000019e-003
,,,5.63800000e-008,4.00000019e-003
,,,5.63840000e-008,-3.21875000e-003
,,,5.63880000e-008,1.53125008e-003
,,,5.63920000e-008,4.40625008e-003
,,,5.63960000e-008,3.18750017e-003
,,,5.64000000e-008,-4.00000019e-003
,,,5.64040000e-008,2.00000009e-003
,,,5.64080000e-008,9.78124980e-003
,,,5.64120000e-008,1.18125007e-002
,,,5.64160000e-008,2.43750005e-003
,,,5.64200000e-008,2.03125016e-003
,,,5.64240000e-008,4.06250032e-003
,,,5.64280000e-008,4.00000019e-003
,,,5.64320000e-008,7.46875023e-003
,,,5.64360000e-008,5.75000001e-003
,,,5.64400000e-008,-4.09374991e-003
,,,5.64440000e-008,-1.84062496e-002
,,,5.64480000e-008,-2.03750003e-002
,,,5.64520000e-008,-9.65625048e-003
,,,5.64560000e-008,-2.37499992e-003
,,,5.64600000e-008,1.06250006e-003
,,,5.64640000e-008,-8.43749905e-004
,,,5.64680000e-008,-1.20000001e-002
,,,5.64720000e-008,-8.71875044e-003
,,,5.64760000e-008,-3.06249992e-003
,,,5.64800000e-008,-4.00000019e-003
,,,5.64840000e-008,5.53125003e-003
,,,5.64880000e-008,4.53125034e-003
,,,5.64920000e-008,6.18749997e-003
,,,5.64960000e-008,9.56249982e-003
,,,5.65000000e-008,8.78125057e-003
,,,5.65040000e-008,4.03125025e-003
,,,5.65080000e-008,6.21875003e-003
,,,5.65120000e-008,4.00000019e-003
,,,5.65160000e-008,9.46875010e-003
,,,5.65200000e-008,1.20000001e-002
,,,5.65240000e-008,7.34374998e-003
,,,5.65280000e-008,4.93750023e-003
,,,5.65320000e-008,-4.00000019e-003
,,,5.65360000e-008,-3.87499994e-003
,,,5.65400000e-008,4.00000019e-003
,,,5.65440000e-008,1.15625013e-003
,,,5.65480000e-008,6.15625037e-003
,,,5.65520000e-008,5.28124999e-003
,,,5.65560000e-008,-1.13124996e-002
,,,5.65600000e-008,-1.20000001e-002
,,,5.65640000e-008,4.50000027e-003
,,,5.65680000e-008,7.81250128e-004
,,,5.65720000e-008,4.00000019e-003
,,,5.65760000e-008,-4.00000019e-003
,,,5.65800000e-008,-3.12500005e-003
,,,5.65840000e-008,4.00000019e-003
,,,5.65880000e-008,8.06250051e-003
,,,5.65920000e-008,9.71875060e-003
,,,5.65960000e-008,6.46875007e-003
,,,5.66000000e-008,2.93750013e-003
,,,5.66040000e-008,4.00000019e-003
,,,5.66080000e-008,1.68750016e-003
,,,5.66120000e-008,2.43750005e-003
,,,5.66160000e-008,-4.00000019e-003
,,,5.66200000e-008,4.81249997e-003
,,,5.66240000e-008,1.13125006e-002
,,,5.66280000e-008,2.90625007e-003
,,,5.66320000e-008,4.59375000e-003
,,,5.66360000e-008,4.00000019e-003
,,,5.66400000e-008,5.25000039e-003
,,,5.66440000e-008,-1.04999999e-002
,,,5.66480000e-008,-1.20000001e-002
,,,5.66520000e-008,2.53125024e-003
,,,5.66560000e-008,3.12500005e-003
,,,5.66600000e-008,-1.43749989e-003
,,,5.66640000e-008,4.34374996e-003
,,,5.66680000e-008,3.12500080e-004
,,,5.66720000e-008,-4.40625008e-003
,,,5.66760000e-008,4.00000019e-003
,,,5.66800000e-008,6.90625003e-003
,,,5.66840000e-008,3.87500017e-003
,,,5.66880000e-008,1.37500011e-003
,,,5.66920000e-008,4.62500006e-003
,,,5.66960000e-008,-3.74999916e-004
,,,5.67000000e-008,-4.68749931e-004
,,,5.67040000e-008,-4.00000019e-003
,,,5.67080000e-008,-4.00000019e-003
,,,5.67120000e-008,-2.31250003e-003
,,,5.67160000e-008,1.06250006e-003
,,,5.67200000e-008,-4.00000019e-003
,,,5.67240000e-008,-4.00000019e-003
,,,5.67280000e-008,-6.24999084e-005
,,,5.67320000e-008,4.00000019e-003
,,,5.67360000e-008,3.46875004e-003
,,,5.67400000e-008,8.71875044e-003
,,,5.67440000e-008,4.59375000e-003
,,,5.67480000e-008,-7.18749943e-004
,,,5.67520000e-008,4.00000019e-003
,,,5.67560000e-008,3.31250019e-003
,,,5.67600000e-008,-1.20000001e-002
,,,5.67640000e-008,-1.09999999e-002
,,,5.67680000e-008,2.93750013e-003
,,,5.67720000e-008,2.06250022e-003
,,,5.67760000e-008,-4.00000019e-003
,,,5.67800000e-008,2.34375009e-003
,,,5.67840000e-008,4.00000019e-003
,,,5.67880000e-008,3.12500005e-003
,,,5.67920000e-008,-7.62500009e-003
,,,5.67960000e-008,-4.00000019e-003
,,,5.68000000e-008,6.09375024e-003
,,,5.68040000e-008,4.18750010e-003
,,,5.68080000e-008,1.20000001e-002
,,,5.68120000e-008,1.09374998e-002
,,,5.68160000e-008,-2.40624999e-003
,,,5.68200000e-008,-1.20000001e-002
,,,5.68240000e-008,-4.24999977e-003
,,,5.68280000e-008,1.20000001e-002
,,,5.68320000e-008,4.00000019e-003
,,,5.68360000e-008,4.18750010e-003
,,,5.68400000e-008,4.00000019e-003
,,,5.68440000e-008,-6.78125024e-003
,,,5.68480000e-008,-4.00000019e-003
,,,5.68520000e-008,-4.99999907e-004
,,,5.68560000e-008,3.93750006e-003
,,,5.68600000e-008,3.87500017e-003
,,,5.68640000e-008,6.90625003e-003
,,,5.68680000e-008,4.00000019e-003
,,,5.68720000e-008,6.31250022e-003
,,,5.68760000e-008,4.37500002e-003
,,,5.68800000e-008,-1.71874999e-003
,,,5.68840000e-008,2.18750094e-004
,,,5.68880000e-008,4.25000023e-003
,,,5.68920000e-008,-2.81249988e-003
,,,5.68960000e-008,-4.00000019e-003
,,,5.69000000e-008,4.00000019e-003
,,,5.69040000e-008,7.43750017e-003
,,,5.69080000e-008,4.00000019e-003
,,,5.69120000e-008,7.12500000e-003
,,,5.69160000e-008,5.96874999e-003
,,,5.69200000e-008,-6.78125024e-003
,,,5.69240000e-008,-7.87500013e-003
,,,5.69280000e-008,-6.71875011e-003
,,,5.69320000e-008,3.34375002e-003
,,,5.69360000e-008,1.62500015e-003
,,,5.69400000e-008,5.46875037e-003
,,,5.69440000e-008,7.03125028e-003
,,,5.69480000e-008,-1.84374989e-003
,,,5.69520000e-008,-4.40625008e-003
,,,5.69560000e-008,4.00000019e-003
,,,5.69600000e-008,4.00000019e-003
,,,5.69640000e-008,4.00000019e-003
,,,5.69680000e-008,6.09375024e-003
,,,5.69720000e-008,8.43750034e-003
,,,5.69760000e-008,4.43750015e-003
,,,5.69800000e-008,-4.00000019e-003
,,,5.69840000e-008,4.06250096e-004
,,,5.69880000e-008,4.00000019e-003
,,,5.69920000e-008,8.09375010e-003
,,,5.69960000e-008,2.65625003e-003
,,,5.70000000e-008,-3.12500005e-003
,,,5.70040000e-008,2.00000009e-003
,,,5.70080000e-008,-4.00000019e-003
,,,5.70120000e-008,2.56250007e-003
,,,5.70160000e-008,-5.93749923e-004
,,,5.70200000e-008,4.40625008e-003
,,,5.70240000e-008,-9.37499135e-005
,,,5.70280000e-008,4.00000019e-003
,,,5.70320000e-008,4.00000019e-003
,,,5.70360000e-008,5.31250006e-003
,,,5.70400000e-008,7.50000123e-004
,,,5.70440000e-008,4.00000019e-003
,,,5.70480000e-008,9.90625005e-003
,,,5.70520000e-008,1.16250003e-002
,,,5.70560000e-008,9.75000020e-003
,,,5.70600000e-008,6.59375032e-003
,,,5.70640000e-008,4.21875017e-003
,,,5.70680000e-008,4.00000019e-003
,,,5.70720000e-008,4.00000019e-003
,,,5.70760000e-008,-2.18749919e-004
,,,5.70800000e-008,4.00000019e-003
,,,5.70840000e-008,9.65625048e-003
,,,5.70880000e-008,2.34375009e-003
,,,5.70920000e-008,4.00000019e-003
,,,5.70960000e-008,1.19687505e-002
,,,5.71000000e-008,4.00000019e-003
,,,5.71040000e-008,2.46875011e-003
,,,5.71080000e-008,5.78125007e-003
,,,5.71120000e-008,7.03125028e-003
,,,5.71160000e-008,8.34375061e-003
,,,5.71200000e-008,-7.68750021e-003
,,,5.71240000e-008,-1.20000001e-002
,,,5.71280000e-008,-2.81249988e-003
,,,5.71320000e-008,4.00000019e-003
,,,5.71360000e-008,-1.87499996e-003
,,,5.71400000e-008,4.00000019e-003
,,,5.71440000e-008,1.12187499e-002
,,,5.71480000e-008,6.87499996e-003
,,,5.71520000e-008,-1.18749996e-003
,,,5.71560000e-008,5.62500092e-004
,,,5.71600000e-008,-4.00000019e-003
,,,5.71640000e-008,6.87500113e-004
,,,5.71680000e-008,9.31250025e-003
,,,5.71720000e-008,4.00000019e-003
,,,5.71760000e-008,2.65625003e-003
,,,5.71800000e-008,7.75000034e-003
,,,5.71840000e-008,3.21875024e-003
,,,5.71880000e-008,1.56250098e-004
,,,5.71920000e-008,1.25000093e-004
,,,5.71960000e-008,1.59375009e-003
,,,5.72000000e-008,4.00000019e-003
,,,5.72040000e-008,-1.15624990e-003
,,,5.72080000e-008,-3.06249992e-003
,,,5.72120000e-008,1.53125008e-003
,,,5.72160000e-008,-3.12500005e-003
,,,5.72200000e-008,4.00000019e-003
,,,5.72240000e-008,1.34375016e-003
,,,5.72280000e-008,1.46875007e-003
,,,5.72320000e-008,4.56249993e-003
,,,5.72360000e-008,7.00000022e-003
,,,5.72400000e-008,5.49999997e-003
,,,5.72440000e-008,7.65625015e-003
,,,5.72480000e-008,6.43750001e-003
,,,5.72520000e-008,4.00000019e-003
,,,5.72560000e-008,-4.34374996e-003
,,,5.72600000e-008,1.56250098e-004
,,,5.72640000e-008,8.96875001e-003
,,,5.72680000e-008,-2.43750005e-003
,,,5.72720000e-008,-4.00000019e-003
,,,5.72760000e-008,2.90625007e-003
,,,5.72800000e-008,4.00000019e-003
,,,5.72840000e-008,2.46875011e-003
,,,5.72880000e-008,4.00000019e-003
,,,5.72920000e-008,1.10937506e-002
,,,5.72960000e-008,-4.99999907e-004
,,,5.73000000e-008,-2.46874988e-003
,,,5.73040000e-008,2.62500020e-003
,,,5.73080000e-008,5.87500026e-003
,,,5.73120000e-008,3.62500013e-003
,,,5.73160000e-008,7.00000022e-003
,,,5.73200000e-008,4.00000019e-003
,,,5.73240000e-008,-2.37499992e-003
,,,5.73280000e-008,-4.00000019e-003
,,,5.73320000e-008,-1.71874999e-003
,,,5.73360000e-008,3.68750026e-003
,,,5.73400000e-008,4.00000019e-003
,,,5.73440000e-008,6.87500113e-004
,,,5.73480000e-008,4.00000019e-003
,,,5.73520000e-008,1.71875011e-003
,,,5.73560000e-008,4.00000019e-003
,,,5.73600000e-008,3.56250023e-003
,,,5.73640000e-008,4.00000019e-003
,,,5.73680000e-008,9.31250025e-003
,,,5.73720000e-008,-4.68749931e-004
,,,5.73760000e-008,-6.24999928e-004
,,,5.73800000e-008,-4.00000019e-003
,,,5.73840000e-008,-4.00000019e-003
,,,5.73880000e-008,-2.96874996e-003
,,,5.73920000e-008,-1.02500003e-002
,,,5.73960000e-008,-4.00000019e-003
,,,5.74000000e-008,4.00000019e-003
,,,5.74040000e-008,6.25000903e-005
,,,5.74080000e-008,4.00000019e-003
,,,5.74120000e-008,-2.56249984e-003
,,,5.74160000e-008,-4.00000019e-003
,,,5.74200000e-008,-4.00000019e-003
,,,5.74240000e-008,1.25000093e-004
,,,5.74280000e-008,6.09375024e-003
,,,5.74320000e-008,4.37500002e-003
,,,5.74360000e-008,1.15625013e-003
,,,5.74400000e-008,3.65625019e-003
,,,5.74440000e-008,-4.00000019e-003
,,,5.74480000e-008,3.68750026e-003
,,,5.74520000e-008,1.38437506e-002
,,,5.74560000e-008,8.81250016e-003
,,,5.74600000e-008,9.59375035e-003
,,,5.74640000e-008,1.20000001e-002
,,,5.74680000e-008,8.06250051e-003
,,,5.74720000e-008,4.00000019e-003
,,,5.74760000e-008,3.75000091e-004
,,,5.74800000e-008,-4.00000019e-003
,,,5.74840000e-008,6.75000018e-003
,,,5.74880000e-008,-4.00000019e-003
,,,5.74920000e-008,-1.65624998e-003
,,,5.74960000e-008,5.31250006e-003
,,,5.75000000e-008,2.84375018e-003
,,,5.75040000e-008,-5.12500014e-003
,,,5.75080000e-008,-2.03124993e-003
,,,5.75120000e-008,4.00000019e-003
,,,5.75160000e-008,1.19687505e-002
,,,5.75200000e-008,3.87500017e-003
,,,5.75240000e-008,-1.71874999e-003
,,,5.75280000e-008,-2.96874996e-003
,,,5.75320000e-008,-6.24999928e-004
,,,5.75360000e-008,7.53125036e-003
,,,5.75400000e-008,1.87500089e-004
,,,5.75440000e-008,-6.59374986e-003
,,,5.75480000e-008,6.25000903e-005
,,,5.75520000e-008,7.62500009e-003
,,,5.75560000e-008,4.00000019e-003
,,,5.75600000e-008,4.00000019e-003
,,,5.75640000e-008,-3.12499906e-004
,,,5.75680000e-008,-1.20000001e-002
,,,5.75720000e-008,-7.53124990e-003
,,,5.75760000e-008,4.00000019e-003
,,,5.75800000e-008,6.03125012e-003
,,,5.75840000e-008,7.40625011e-003
,,,5.75880000e-008,-4.00000019e-003
,,,5.75920000e-008,-2.90625007e-003
,,,5.75960000e-008,9.12499987e-003
,,,5.76000000e-008,3.78125021e-003
,,,5.76040000e-008,-4.00000019e-003
,,,5.76080000e-008,-2.24999990e-003
,,,5.76120000e-008,-4.00000019e-003
,,,5.76160000e-008,7.81250128e-004
,,,5.76200000e-008,8.81250016e-003
,,,5.76240000e-008,4.00000019e-003
,,,5.76280000e-008,4.00000019e-003
,,,5.76320000e-008,4.90625016e-003
,,,5.76360000e-008,4.00000019e-003
,,,5.76400000e-008,6.34375028e-003
,,,5.76440000e-008,3.87500017e-003
,,,5.76480000e-008,4.00000019e-003
,,,5.76520000e-008,1.06875002e-002
,,,5.76560000e-008,2.25000014e-003
,,,5.76600000e-008,-3.96875013e-003
,,,5.76640000e-008,-6.18749997e-003
,,,5.76680000e-008,4.00000019e-003
,,,5.76720000e-008,4.00000019e-003
,,,5.76760000e-008,4.00000019e-003
,,,5.76800000e-008,6.25000903e-005
,,,5.76840000e-008,-3.87499994e-003
,,,5.76880000e-008,3.12500005e-003
,,,5.76920000e-008,4.00000019e-003
,,,5.76960000e-008,5.87500026e-003
,,,5.77000000e-008,-3.81250004e-003
,,,5.77040000e-008,-5.56250010e-003
,,,5.77080000e-008,6.87500113e-004
,,,5.77120000e-008,3.87500017e-003
,,,5.77160000e-008,-1.62499992e-003
,,,5.77200000e-008,-4.00000019e-003
,,,5.77240000e-008,7.50000030e-003
,,,5.77280000e-008,4.00000019e-003
,,,5.77320000e-008,1.31250010e-003
,,,5.77360000e-008,-3.68750002e-003
,,,5.77400000e-008,-8.50000046e-003
,,,5.77440000e-008,-3.31249996e-003
,,,5.77480000e-008,4.90625016e-003
,,,5.77520000e-008,-4.00000019e-003
,,,5.77560000e-008,-8.28125048e-003
,,,5.77600000e-008,-6.56249933e-004
,,,5.77640000e-008,4.06250096e-004
,,,5.77680000e-008,-1.09374989e-003
,,,5.77720000e-008,3.37500009e-003
,,,5.77760000e-008,-6.24999084e-005
,,,5.77800000e-008,4.00000019e-003
,,,5.77840000e-008,8.75000085e-004
,,,5.77880000e-008,1.87500089e-004
,,,5.77920000e-008,7.43750017e-003
,,,5.77960000e-008,6.25000009e-003
,,,5.78000000e-008,4.00000019e-003
,,,5.78040000e-008,3.62500013e-003
,,,5.78080000e-008,4.00000019e-003
,,,5.78120000e-008,6.40625041e-003
,,,5.78160000e-008,4.09375038e-003
,,,5.78200000e-008,8.24999996e-003
,,,5.78240000e-008,1.68750016e-003
,,,5.78280000e-008,-1.11875003e-002
,,,5.78320000e-008,-1.20000001e-002
,,,5.78360000e-008,1.25000093e-004
,,,5.78400000e-008,-3.74999916e-004
,,,5.78440000e-008,4.00000019e-003
,,,5.78480000e-008,7.09375041e-003
,,,5.78520000e-008,4.00000019e-003
,,,5.78560000e-008,2.56250007e-003
,,,5.78600000e-008,-1.59374997e-003
,,,5.78640000e-008,9.37500095e-004
,,,5.78680000e-008,3.96875013e-003
,,,5.78720000e-008,6.81250030e-003
,,,5.78760000e-008,3.59375007e-003
,,,5.78800000e-008,-6.03125012e-003
,,,5.78840000e-008,-4.00000019e-003
,,,5.78880000e-008,6.03125012e-003
,,,5.78920000e-008,4.00000019e-003
,,,5.78960000e-008,4.46875021e-003
,,,5.79000000e-008,4.00000019e-003
,,,5.79040000e-008,-3.31249996e-003
,,,5.79080000e-008,3.25000007e-003
,,,5.79120000e-008,5.68750035e-003
,,,5.79160000e-008,1.03125011e-003
,,,5.79200000e-008,-4.00000019e-003
,,,5.79240000e-008,3.12500005e-003
,,,5.79280000e-008,8.90624989e-003
,,,5.79320000e-008,1.20000001e-002
,,,5.79360000e-008,2.34375009e-003
,,,5.79400000e-008,-4.00000019e-003
,,,5.79440000e-008,-4.74999985e-003
,,,5.79480000e-008,-9.15625039e-003
,,,5.79520000e-008,-8.43749905e-004
,,,5.79560000e-008,-3.18749994e-003
,,,5.79600000e-008,-4.00000019e-003
,,,5.79640000e-008,1.87500089e-004
,,,5.79680000e-008,6.21875003e-003
,,,5.79720000e-008,-4.37499926e-004
,,,5.79760000e-008,-2.68749986e-003
,,,5.79800000e-008,-4.59375000e-003
,,,5.79840000e-008,-1.20000001e-002
,,,5.79880000e-008,-8.00000038e-003
,,,5.79920000e-008,4.00000019e-003
,,,5.79960000e-008,7.81250128e-004
,,,5.80000000e-008,1.62500015e-003
,,,5.80040000e-008,-4.00000019e-003
,,,5.80080000e-008,-2.34374986e-003
,,,5.80120000e-008,-4.00000019e-003
,,,5.80160000e-008,3.59375007e-003
,,,5.80200000e-008,1.46875007e-003
,,,5.80240000e-008,-4.74999985e-003
,,,5.80280000e-008,1.68750016e-003
,,,5.80320000e-008,3.59375007e-003
,,,5.80360000e-008,-2.49999994e-003
,,,5.80400000e-008,4.00000019e-003
,,,5.80440000e-008,4.00000019e-003
,,,5.80480000e-008,5.78125007e-003
,,,5.80520000e-008,8.34375061e-003
,,,5.80560000e-008,4.65625012e-003
,,,5.80600000e-008,-4.00000019e-003
,,,5.80640000e-008,4.34374996e-003
,,,5.80680000e-008,8.46874993e-003
,,,5.80720000e-008,8.28125048e-003
,,,5.80760000e-008,-3.25000007e-003
,,,5.80800000e-008,-4.00000019e-003
,,,5.80840000e-008,8.78125057e-003
,,,5.80880000e-008,4.00000019e-003
,,,5.80920000e-008,9.37500881e-005
,,,5.80960000e-008,-1.49999990e-003
,,,5.81000000e-008,3.28125013e-003
,,,5.81040000e-008,4.00000019e-003
,,,5.81080000e-008,6.06250018e-003
,,,5.81120000e-008,2.12500012e-003
,,,5.81160000e-008,-2.62499996e-003
,,,5.81200000e-008,-4.00000019e-003
,,,5.81240000e-008,-2.06249999e-003
,,,5.81280000e-008,-4.37499926e-004
,,,5.81320000e-008,6.93750009e-003
,,,5.81360000e-008,-4.37499926e-004
,,,5.81400000e-008,4.00000019e-003
,,,5.81440000e-008,-1.46874995e-003
,,,5.81480000e-008,-4.00000019e-003
,,,5.81520000e-008,4.00000019e-003
,,,5.81560000e-008,1.68750016e-003
,,,5.81600000e-008,-4.00000019e-003
,,,5.81640000e-008,5.93750097e-004
,,,5.81680000e-008,1.02500003e-002
,,,5.81720000e-008,5.03124995e-003
,,,5.81760000e-008,2.50000018e-003
,,,5.81800000e-008,4.00000019e-003
,,,5.81840000e-008,2.28125020e-003
,,,5.81880000e-008,3.96875013e-003
,,,5.81920000e-008,3.96875013e-003
,,,5.81960000e-008,4.21875017e-003
,,,5.82000000e-008,4.00000019e-003
,,,5.82040000e-008,1.87500007e-003
,,,5.82080000e-008,2.09375005e-003
,,,5.82120000e-008,-4.00000019e-003
,,,5.82160000e-008,5.00000082e-004
,,,5.82200000e-008,7.87500013e-003
,,,5.82240000e-008,1.04687503e-002
,,,5.82280000e-008,5.59375016e-003
,,,5.82320000e-008,9.28125065e-003
,,,5.82360000e-008,8.40624981e-003
,,,5.82400000e-008,4.00000019e-003
,,,5.82440000e-008,-4.31249989e-003
,,,5.82480000e-008,-6.24999928e-004
,,,5.82520000e-008,-1.21874991e-003
,,,5.82560000e-008,-1.06249994e-003
,,,5.82600000e-008,-1.58750005e-002
,,,5.82640000e-008,-2.01249998e-002
,,,5.82680000e-008,-1.20000001e-002
,,,5.82720000e-008,-4.06249921e-004
,,,5.82760000e-008,3.18750017e-003
,,,5.82800000e-008,4.00000019e-003
,,,5.82840000e-008,4.90625016e-003
,,,5.82880000e-008,-5.62499918e-004
,,,5.82920000e-008,-2.24999990e-003
,,,5.82960000e-008,6.37500035e-003
,,,5.83000000e-008,5.31250087e-004
,,,5.83040000e-008,-5.46874991e-003
,,,5.83080000e-008,-1.53124996e-003
,,,5.83120000e-008,5.06250001e-003
,,,5.83160000e-008,4.00000019e-003
,,,5.83200000e-008,8.50000046e-003
,,,5.83240000e-008,3.96875013e-003
,,,5.83280000e-008,6.28125016e-003
,,,5.83320000e-008,3.31250019e-003
,,,5.83360000e-008,6.96875015e-003
,,,5.83400000e-008,1.00312503e-002
,,,5.83440000e-008,5.37500018e-003
,,,5.83480000e-008,-4.00000019e-003
,,,5.83520000e-008,1.75000017e-003
,,,5.83560000e-008,-7.56249996e-003
,,,5.83600000e-008,-2.03437507e-002
,,,5.83640000e-008,-1.99999996e-002
,,,5.83680000e-008,-5.62500022e-003
,,,5.83720000e-008,-9.37499921e-004
,,,5.83760000e-008,-2.15624995e-003
,,,5.83800000e-008,-1.03749996e-002
,,,5.83840000e-008,-8.37500021e-003
,,,5.83880000e-008,4.00000019e-003
,,,5.83920000e-008,5.09375008e-003
,,,5.83960000e-008,1.46875007e-003
,,,5.84000000e-008,-6.03125012e-003
,,,5.84040000e-008,-6.40624994e-003
,,,5.84080000e-008,-4.00000019e-003
,,,5.84120000e-008,4.00000019e-003
,,,5.84160000e-008,-3.40624992e-003
,,,5.84200000e-008,-4.49999981e-003
,,,5.84240000e-008,4.00000019e-003
,,,5.84280000e-008,-1.90624991e-003
,,,5.84320000e-008,-4.00000019e-003
,,,5.84360000e-008,2.53125024e-003
,,,5.84400000e-008,2.21875007e-003
,,,5.84440000e-008,9.99999978e-003
,,,5.84480000e-008,8.24999996e-003
,,,5.84520000e-008,6.90625003e-003
,,,5.84560000e-008,5.28124999e-003
,,,5.84600000e-008,4.00000019e-003
,,,5.84640000e-008,5.93750097e-004
,,,5.84680000e-008,-3.12499105e-005
,,,5.84720000e-008,5.93750097e-004
,,,5.84760000e-008,-1.21874991e-003
,,,5.84800000e-008,3.25000007e-003
,,,5.84840000e-008,-4.00000019e-003
,,,5.84880000e-008,1.43750012e-003
,,,5.84920000e-008,6.15625037e-003
,,,5.84960000e-008,1.84375013e-003
,,,5.85000000e-008,9.37500881e-005
,,,5.85040000e-008,6.53125020e-003
,,,5.85080000e-008,4.00000019e-003
,,,5.85120000e-008,7.78125040e-003
,,,5.85160000e-008,4.90625016e-003
,,,5.85200000e-008,-4.00000019e-003
,,,5.85240000e-008,-3.28124990e-003
,,,5.85280000e-008,4.59375000e-003
,,,5.85320000e-008,1.20000001e-002
,,,5.85360000e-008,6.18749997e-003
,,,5.85400000e-008,8.12500063e-003
,,,5.85440000e-008,5.87500026e-003
,,,5.85480000e-008,-4.84375004e-003
,,,5.85520000e-008,-1.20000001e-002
,,,5.85560000e-008,-1.65624998e-003
,,,5.85600000e-008,-4.00000019e-003
,,,5.85640000e-008,6.87500113e-004
,,,5.85680000e-008,-1.09374989e-003
,,,5.85720000e-008,-4.00000019e-003
,,,5.85760000e-008,-4.40625008e-003
,,,5.85800000e-008,3.00000003e-003
,,,5.85840000e-008,-4.00000019e-003
,,,5.85880000e-008,-6.09374978e-003
,,,5.85920000e-008,1.37500011e-003
,,,5.85960000e-008,8.87500029e-003
,,,5.86000000e-008,4.00000019e-003
,,,5.86040000e-008,-4.68750019e-003
,,,5.86080000e-008,-6.87499996e-003
,,,5.86120000e-008,-1.56249909e-004
,,,5.86160000e-008,4.00000019e-003
,,,5.86200000e-008,9.90625005e-003
,,,5.86240000e-008,-2.46874988e-003
,,,5.86280000e-008,-1.20000001e-002
,,,5.86320000e-008,-3.31249996e-003
,,,5.86360000e-008,6.09375024e-003
,,,5.86400000e-008,7.84375053e-003
,,,5.86440000e-008,4.25000023e-003
,,,5.86480000e-008,-4.00000019e-003
,,,5.86520000e-008,-3.31249996e-003
,,,5.86560000e-008,-8.00000038e-003
,,,5.86600000e-008,-4.00000019e-003
,,,5.86640000e-008,-3.71874985e-003
,,,5.86680000e-008,7.15625007e-003
,,,5.86720000e-008,1.02500003e-002
,,,5.86760000e-008,4.00000019e-003
,,,5.86800000e-008,-1.40624994e-003
,,,5.86840000e-008,4.00000019e-003
,,,5.86880000e-008,4.59375000e-003
,,,5.86920000e-008,6.50000013e-003
,,,5.86960000e-008,-2.09375005e-003
,,,5.87000000e-008,3.75000091e-004
,,,5.87040000e-008,4.00000019e-003
,,,5.87080000e-008,-9.99999931e-004
,,,5.87120000e-008,7.56250042e-003
,,,5.87160000e-008,4.00000019e-003
,,,5.87200000e-008,-4.00000019e-003
,,,5.87240000e-008,2.53125024e-003
,,,5.87280000e-008,4.00000019e-003
,,,5.87320000e-008,-1.68749993e-003
,,,5.87360000e-008,1.18750008e-003
,,,5.87400000e-008,-4.00000019e-003
,,,5.87440000e-008,-1.65624998e-003
,,,5.87480000e-008,2.12500012e-003
,,,5.87520000e-008,6.56250108e-004
,,,5.87560000e-008,5.96874999e-003
,,,5.87600000e-008,4.00000019e-003
,,,5.87640000e-008,4.00000019e-003
,,,5.87680000e-008,5.34375012e-003
,,,5.87720000e-008,1.90625014e-003
,,,5.87760000e-008,-6.15624990e-003
,,,5.87800000e-008,-6.93750009e-003
,,,5.87840000e-008,-6.56249933e-004
,,,5.87880000e-008,-5.28124999e-003
,,,5.87920000e-008,-6.68750005e-003
,,,5.87960000e-008,4.00000019e-003
,,,5.88000000e-008,4.06250096e-004
,,,5.88040000e-008,-4.00000019e-003
,,,5.88080000e-008,7.18750118e-004
,,,5.88120000e-008,4.00000019e-003
,,,5.88160000e-008,4.25000023e-003
,,,5.88200000e-008,-4.00000019e-003
,,,5.88240000e-008,-6.90625003e-003
,,,5.88280000e-008,-1.12187499e-002
,,,5.88320000e-008,-1.20000001e-002
,,,5.88360000e-008,1.43750012e-003
,,,5.88400000e-008,-1.03437500e-002
,,,5.88440000e-008,-1.20000001e-002
,,,5.88480000e-008,-4.00000019e-003
,,,5.88520000e-008,1.87500089e-004
,,,5.88560000e-008,1.00000005e-003
,,,5.88600000e-008,2.96875020e-003
,,,5.88640000e-008,4.00000019e-003
,,,5.88680000e-008,-4.56249993e-003
,,,5.88720000e-008,-4.00000019e-003
,,,5.88760000e-008,-7.56249996e-003
,,,5.88800000e-008,-4.00000019e-003
,,,5.88840000e-008,-1.03124988e-003
,,,5.88880000e-008,7.71875028e-003
,,,5.88920000e-008,4.00000019e-003
,,,5.88960000e-008,6.87500113e-004
,,,5.89000000e-008,4.00000019e-003
,,,5.89040000e-008,4.00000019e-003
,,,5.89080000e-008,2.09375005e-003
,,,5.89120000e-008,4.00000019e-003
,,,5.89160000e-008,1.75000017e-003
,,,5.89200000e-008,-4.00000019e-003
,,,5.89240000e-008,4.00000019e-003
,,,5.89280000e-008,-5.87499980e-003
,,,5.89320000e-008,-2.96874996e-003
,,,5.89360000e-008,9.43750050e-003
,,,5.89400000e-008,5.68750035e-003
,,,5.89440000e-008,2.50000018e-003
,,,5.89480000e-008,4.00000019e-003
,,,5.89520000e-008,4.00000019e-003
,,,5.89560000e-008,9.00000054e-003
,,,5.89600000e-008,4.00000019e-003
,,,5.89640000e-008,4.65625012e-003
,,,5.89680000e-008,-5.43749984e-003
,,,5.89720000e-008,-1.19375000e-002
,,,5.89760000e-008,-3.12500005e-003
,,,5.89800000e-008,4.00000019e-003
,,,5.89840000e-008,3.59375007e-003
,,,5.89880000e-008,4.00000019e-003
,,,5.89920000e-008,2.00000009e-003
,,,5.89960000e-008,3.78125021e-003
,,,5.90000000e-008,8.50000046e-003
,,,5.90040000e-008,3.87500017e-003
,,,5.90080000e-008,-4.06249921e-004
,,,5.90120000e-008,-4.00000019e-003
,,,5.90160000e-008,4.00000019e-003
,,,5.90200000e-008,-4.00000019e-003
,,,5.90240000e-008,-8.71875044e-003
,,,5.90280000e-008,1.31250010e-003
,,,5.90320000e-008,4.00000019e-003
,,,5.90360000e-008,-7.18749943e-004
,,,5.90400000e-008,8.28125048e-003
,,,5.90440000e-008,4.00000019e-003
,,,5.90480000e-008,8.94069679e-011
,,,5.90520000e-008,8.78125057e-003
,,,5.90560000e-008,6.87499996e-003
,,,5.90600000e-008,3.78125021e-003
,,,5.90640000e-008,5.31250087e-004
,,,5.90680000e-008,8.06250051e-003
,,,5.90720000e-008,3.43750085e-004
,,,5.90760000e-008,-1.01250000e-002
,,,5.90800000e-008,-9.12499987e-003
,,,5.90840000e-008,4.00000019e-003
,,,5.90880000e-008,4.00000019e-003
,,,5.90920000e-008,3.65625019e-003
,,,5.90960000e-008,7.50000030e-003
,,,5.91000000e-008,2.46875011e-003
,,,5.91040000e-008,4.00000019e-003
,,,5.91080000e-008,4.00000019e-003
,,,5.91120000e-008,8.24999996e-003
,,,5.91160000e-008,9.96875018e-003
,,,5.91200000e-008,1.20000001e-002
,,,5.91240000e-008,6.75000018e-003
,,,5.91280000e-008,2.15625018e-003
,,,5.91320000e-008,-4.00000019e-003
,,,5.91360000e-008,-3.71874985e-003
,,,5.91400000e-008,6.56250108e-004
,,,5.91440000e-008,9.50000063e-003
,,,5.91480000e-008,2.71875015e-003
,,,5.91520000e-008,3.03125009e-003
,,,5.91560000e-008,-5.09375008e-003
,,,5.91600000e-008,-4.00000019e-003
,,,5.91640000e-008,-1.53124996e-003
,,,5.91680000e-008,7.50000123e-004
,,,5.91720000e-008,2.84375018e-003
,,,5.91760000e-008,6.06250018e-003
,,,5.91800000e-008,5.43750031e-003
,,,5.91840000e-008,1.03437500e-002
,,,5.91880000e-008,4.00000019e-003
,,,5.91920000e-008,8.46874993e-003
,,,5.91960000e-008,4.00000019e-003
,,,5.92000000e-008,4.50000027e-003
,,,5.92040000e-008,-9.37499135e-005
,,,5.92080000e-008,4.00000019e-003
,,,5.92120000e-008,8.15625023e-003
,,,5.92160000e-008,5.06250001e-003
,,,5.92200000e-008,4.00000019e-003
,,,5.92240000e-008,4.00000019e-003
,,,5.92280000e-008,3.00000003e-003
,,,5.92320000e-008,1.71875011e-003
,,,5.92360000e-008,-7.06249988e-003
,,,5.92400000e-008,-4.00000019e-003
,,,5.92440000e-008,3.15625011e-003
,,,5.92480000e-008,4.37500002e-003
,,,5.92520000e-008,1.13125006e-002
,,,5.92560000e-008,7.21875019e-003
,,,5.92600000e-008,-4.00000019e-003
,,,5.92640000e-008,-4.00000019e-003
,,,5.92680000e-008,-8.84374976e-003
,,,5.92720000e-008,-1.20000001e-002
,,,5.92760000e-008,1.90625014e-003
,,,5.92800000e-008,7.25000026e-003
,,,5.92840000e-008,-1.87499914e-004
,,,5.92880000e-008,2.03125016e-003
,,,5.92920000e-008,5.84375020e-003
,,,5.92960000e-008,4.00000019e-003
,,,5.93000000e-008,4.00000019e-003
,,,5.93040000e-008,4.00000019e-003
,,,5.93080000e-008,3.75000015e-003
,,,5.93120000e-008,-6.24999084e-005
,,,5.93160000e-008,1.96875003e-003
,,,5.93200000e-008,-3.87499994e-003
,,,5.93240000e-008,1.46875007e-003
,,,5.93280000e-008,2.81250104e-004
,,,5.93320000e-008,4.00000019e-003
,,,5.93360000e-008,6.96875015e-003
,,,5.93400000e-008,-2.74999999e-003
,,,5.93440000e-008,-1.20000001e-002
,,,5.93480000e-008,-1.78124988e-003
,,,5.93520000e-008,4.34374996e-003
,,,5.93560000e-008,2.87500024e-003
,,,5.93600000e-008,1.06250006e-003
,,,5.93640000e-008,-6.84374990e-003
,,,5.93680000e-008,-8.28125048e-003
,,,5.93720000e-008,4.00000019e-003
,,,5.93760000e-008,-2.28124997e-003
,,,5.93800000e-008,-4.00000019e-003
,,,5.93840000e-008,7.21875019e-003
,,,5.93880000e-008,4.00000019e-003
,,,5.93920000e-008,-7.18749943e-004
,,,5.93960000e-008,3.09375022e-003
,,,5.94000000e-008,3.93750006e-003
,,,5.94040000e-008,4.00000019e-003
,,,5.94080000e-008,4.00000019e-003
,,,5.94120000e-008,3.71875009e-003
,,,5.94160000e-008,-8.43749905e-004
,,,5.94200000e-008,5.81250014e-003
,,,5.94240000e-008,3.56250023e-003
,,,5.94280000e-008,3.56250023e-003
,,,5.94320000e-008,1.46875007e-003
,,,5.94360000e-008,1.90625014e-003
,,,5.94400000e-008,6.18749997e-003
,,,5.94440000e-008,9.71875060e-003
,,,5.94480000e-008,4.00000019e-003
,,,5.94520000e-008,-4.37499926e-004
,,,5.94560000e-008,-1.40624994e-003
,,,5.94600000e-008,-4.78124991e-003
,,,5.94640000e-008,-1.53124996e-003
,,,5.94680000e-008,-4.00000019e-003
,,,5.94720000e-008,4.18750010e-003
,,,5.94760000e-008,6.18749997e-003
,,,5.94800000e-008,4.00000019e-003
,,,5.94840000e-008,4.00000019e-003
,,,5.94880000e-008,2.65625003e-003
,,,5.94920000e-008,1.87500089e-004
,,,5.94960000e-008,-7.74999987e-003
,,,5.95000000e-008,-3.46875004e-003
,,,5.95040000e-008,-4.00000019e-003
,,,5.95080000e-008,5.71874995e-003
,,,5.95120000e-008,1.25000009e-003
,,,5.95160000e-008,-3.12499105e-005
,,,5.95200000e-008,-4.00000019e-003
,,,5.95240000e-008,-5.96874999e-003
,,,5.95280000e-008,-1.99999996e-002
,,,5.95320000e-008,-1.68750007e-002
,,,5.95360000e-008,-4.00000019e-003
,,,5.95400000e-008,-1.84374989e-003
,,,5.95440000e-008,6.25000903e-005
,,,5.95480000e-008,-1.10312505e-002
,,,5.95520000e-008,-2.28437502e-002
,,,5.95560000e-008,-2.11875010e-002
,,,5.95600000e-008,-6.09374978e-003
,,,5.95640000e-008,6.40625041e-003
,,,5.95680000e-008,4.96875029e-003
,,,5.95720000e-008,-2.34374986e-003
,,,5.95760000e-008,2.50000099e-004
,,,5.95800000e-008,7.68750021e-003
,,,5.95840000e-008,5.25000039e-003
,,,5.95880000e-008,2.46875011e-003
,,,5.95920000e-008,-1.20000001e-002
,,,5.95960000e-008,-9.65625048e-003
,,,5.96000000e-008,7.75000034e-003
,,,5.96040000e-008,9.84374993e-003
,,,5.96080000e-008,4.00000019e-003
,,,5.96120000e-008,-1.49999990e-003
,,,5.96160000e-008,-6.84374990e-003
,,,5.96200000e-008,-1.20000001e-002
,,,5.96240000e-008,-3.53124994e-003
,,,5.96280000e-008,-1.71874999e-003
,,,5.96320000e-008,-1.96875003e-003
,,,5.96360000e-008,1.43750012e-003
,,,5.96400000e-008,4.00000019e-003
,,,5.96440000e-008,-4.00000019e-003
,,,5.96480000e-008,-2.31250003e-003
,,,5.96520000e-008,1.25000009e-003
,,,5.96560000e-008,5.37500018e-003
,,,5.96600000e-008,4.00000019e-003
,,,5.96640000e-008,2.62500020e-003
,,,5.96680000e-008,-1.65624998e-003
,,,5.96720000e-008,-4.00000019e-003
,,,5.96760000e-008,2.18750094e-004
,,,5.96800000e-008,-4.00000019e-003
,,,5.96840000e-008,-5.09375008e-003
,,,5.96880000e-008,-5.62500022e-003
,,,5.96920000e-008,-3.43749911e-004
,,,5.96960000e-008,-1.53124996e-003
,,,5.97000000e-008,4.00000019e-003
,,,5.97040000e-008,9.37500881e-005
,,,5.97080000e-008,1.53125008e-003
,,,5.97120000e-008,1.25000009e-003
,,,5.97160000e-008,1.40625006e-003
,,,5.97200000e-008,3.18750017e-003
,,,5.97240000e-008,4.03125025e-003
,,,5.97280000e-008,5.09375008e-003
,,,5.97320000e-008,4.12499998e-003
,,,5.97360000e-008,-1.81249995e-003
,,,5.97400000e-008,4.00000019e-003
,,,5.97440000e-008,3.12500888e-005
,,,5.97480000e-008,-4.00000019e-003
,,,5.97520000e-008,-9.87500045e-003
,,,5.97560000e-008,-4.24999977e-003
,,,5.97600000e-008,-4.00000019e-003
,,,5.97640000e-008,-4.00000019e-003
,,,5.97680000e-008,5.34375012e-003
,,,5.97720000e-008,4.03125025e-003
,,,5.97760000e-008,4.90625016e-003
,,,5.97800000e-008,4.00000019e-003
,,,5.97840000e-008,-3.49999988e-003
,,,5.97880000e-008,2.96875020e-003
,,,5.97920000e-008,7.84375053e-003
,,,5.97960000e-008,8.18749983e-003
,,,5.98000000e-008,7.53125036e-003
,,,5.98040000e-008,3.68750026e-003
,,,5.98080000e-008,4.96875029e-003
,,,5.98120000e-008,9.37500095e-004
,,,5.98160000e-008,6.59375032e-003
,,,5.98200000e-008,-2.12499988e-003
,,,5.98240000e-008,-5.15625020e-003
,,,5.98280000e-008,-8.34374968e-003
,,,5.98320000e-008,-4.00000019e-003
,,,5.98360000e-008,-1.43750003e-002
,,,5.98400000e-008,-1.20000001e-002
,,,5.98440000e-008,1.21875014e-003
,,,5.98480000e-008,-4.00000019e-003
,,,5.98520000e-008,-2.46874988e-003
,,,5.98560000e-008,3.78125021e-003
,,,5.98600000e-008,2.56250007e-003
,,,5.98640000e-008,2.03125016e-003
,,,5.98680000e-008,-4.00000019e-003
,,,5.98720000e-008,-7.40625011e-003
,,,5.98760000e-008,-5.62499918e-004
,,,5.98800000e-008,-1.24999997e-003
,,,5.98840000e-008,4.00000019e-003
,,,5.98880000e-008,6.68750005e-003
,,,5.98920000e-008,5.21875033e-003
,,,5.98960000e-008,2.50000018e-003
,,,5.99000000e-008,-5.90624986e-003
,,,5.99040000e-008,-6.62499992e-003
,,,5.99080000e-008,-2.18749919e-004
,,,5.99120000e-008,-4.18750010e-003
,,,5.99160000e-008,-1.31249998e-003
,,,5.99200000e-008,-4.00000019e-003
,,,5.99240000e-008,9.37500095e-004
,,,5.99280000e-008,4.00000019e-003
,,,5.99320000e-008,7.18750013e-003
,,,5.99360000e-008,-4.84375004e-003
,,,5.99400000e-008,-4.00000019e-003
,,,5.99440000e-008,-4.62500006e-003
,,,5.99480000e-008,-9.31250025e-003
,,,5.99520000e-008,-4.00000019e-003
,,,5.99560000e-008,5.75000001e-003
,,,5.99600000e-008,8.94069679e-011
,,,5.99640000e-008,4.00000019e-003
,,,5.99680000e-008,2.15625018e-003
,,,5.99720000e-008,3.68750026e-003
,,,5.99760000e-008,2.71875015e-003
,,,5.99800000e-008,4.00000019e-003
,,,5.99840000e-008,-6.87499938e-004
,,,5.99880000e-008,-1.78124988e-003
,,,5.99920000e-008,2.28125020e-003
,,,5.99960000e-008,5.31250006e-003
,,,6.00000000e-008,7.56250042e-003
,,,6.00040000e-008,-5.03124995e-003
,,,6.00080000e-008,-6.65624999e-003
,,,6.00120000e-008,1.75000017e-003
,,,6.00160000e-008,-3.43749911e-004
,,,6.00200000e-008,2.09375005e-003
,,,6.00240000e-008,3.43750021e-003
,,,6.00280000e-008,3.50000011e-003
,,,6.00320000e-008,1.96875003e-003
,,,6.00360000e-008,3.21875024e-003
,,,6.00400000e-008,3.56250023e-003
,,,6.00440000e-008,7.65625015e-003
,,,6.00480000e-008,6.71875011e-003
,,,6.00520000e-008,1.46875007e-003
,,,6.00560000e-008,1.81250006e-003
,,,6.00600000e-008,2.53125024e-003
,,,6.00640000e-008,-4.00000019e-003
,,,6.00680000e-008,2.21875007e-003
,,,6.00720000e-008,4.00000019e-003
,,,6.00760000e-008,-3.12499105e-005
,,,6.00800000e-008,-9.37499135e-005
,,,6.00840000e-008,4.00000019e-003
,,,6.00880000e-008,4.00000019e-003
,,,6.00920000e-008,2.84375018e-003
,,,6.00960000e-008,6.34375028e-003
,,,6.01000000e-008,3.21875024e-003
,,,6.01040000e-008,4.00000019e-003
,,,6.01080000e-008,3.65625019e-003
,,,6.01120000e-008,-7.21875019e-003
,,,6.01160000e-008,-2.08437499e-002
,,,6.01200000e-008,-1.99999996e-002
,,,6.01240000e-008,-1.10312505e-002
,,,6.01280000e-008,-1.40312500e-002
,,,6.01320000e-008,-5.34375012e-003
,,,6.01360000e-008,1.93750008e-003
,,,6.01400000e-008,-4.00000019e-003
,,,6.01440000e-008,-1.31249998e-003
,,,6.01480000e-008,4.00000019e-003
,,,6.01520000e-008,1.09375012e-003
,,,6.01560000e-008,8.75000085e-004
,,,6.01600000e-008,-4.00000019e-003
,,,6.01640000e-008,1.21875014e-003
,,,6.01680000e-008,2.71875015e-003
,,,6.01720000e-008,-4.00000019e-003
,,,6.01760000e-008,-5.71874995e-003
,,,6.01800000e-008,4.00000019e-003
,,,6.01840000e-008,3.21875024e-003
,,,6.01880000e-008,7.06250034e-003
,,,6.01920000e-008,6.34375028e-003
,,,6.01960000e-008,4.09375038e-003
,,,6.02000000e-008,4.00000019e-003
,,,6.02040000e-008,7.50000123e-004
,,,6.02080000e-008,4.00000019e-003
,,,6.02120000e-008,-2.46874988e-003
,,,6.02160000e-008,-4.00000019e-003
,,,6.02200000e-008,-1.37499988e-003
,,,6.02240000e-008,3.06250015e-003
,,,6.02280000e-008,4.00000019e-003
,,,6.02320000e-008,9.53125022e-003
,,,6.02360000e-008,4.06250096e-004
,,,6.02400000e-008,-9.37499135e-005
,,,6.02440000e-008,-2.43750005e-003
,,,6.02480000e-008,-3.46875004e-003
,,,6.02520000e-008,-4.00000019e-003
,,,6.02560000e-008,7.18750118e-004
,,,6.02600000e-008,7.53125036e-003
,,,6.02640000e-008,4.00000019e-003
,,,6.02680000e-008,5.71874995e-003
,,,6.02720000e-008,-4.00000019e-003
,,,6.02760000e-008,-1.53124996e-003
,,,6.02800000e-008,1.12500007e-003
,,,6.02840000e-008,4.00000019e-003
,,,6.02880000e-008,4.00000019e-003
,,,6.02920000e-008,-1.37499988e-003
,,,6.02960000e-008,-1.46874995e-003
,,,6.03000000e-008,4.00000019e-003
,,,6.03040000e-008,4.78125038e-003
,,,6.03080000e-008,1.34375016e-003
,,,6.03120000e-008,-4.00000019e-003
,,,6.03160000e-008,5.31250006e-003
,,,6.03200000e-008,1.68750016e-003
,,,6.03240000e-008,3.09375022e-003
,,,6.03280000e-008,2.06250022e-003
,,,6.03320000e-008,-4.68750019e-003
,,,6.03360000e-008,-4.00000019e-003
,,,6.03400000e-008,-4.49999981e-003
,,,6.03440000e-008,-4.00000019e-003
,,,6.03480000e-008,4.03125025e-003
,,,6.03520000e-008,2.25000014e-003
,,,6.03560000e-008,1.93750008e-003
,,,6.03600000e-008,-4.00000019e-003
,,,6.03640000e-008,-1.12499995e-003
,,,6.03680000e-008,4.00000019e-003
,,,6.03720000e-008,4.00000019e-003
,,,6.03760000e-008,1.28125015e-003
,,,6.03800000e-008,4.00000019e-003
,,,6.03840000e-008,9.00000054e-003
,,,6.03880000e-008,-2.87500001e-003
,,,6.03920000e-008,-4.00000019e-003
,,,6.03960000e-008,4.06250096e-004
,,,6.04000000e-008,-4.00000019e-003
,,,6.04040000e-008,-7.49999948e-004
,,,6.04080000e-008,2.65625003e-003
,,,6.04120000e-008,1.12812500e-002
,,,6.04160000e-008,1.84375013e-003
,,,6.04200000e-008,-4.62500006e-003
,,,6.04240000e-008,4.00000019e-003
,,,6.04280000e-008,6.56250108e-004
,,,6.04320000e-008,4.00000019e-003
,,,6.04360000e-008,5.71874995e-003
,,,6.04400000e-008,4.00000019e-003
,,,6.04440000e-008,-8.74999911e-004
,,,6.04480000e-008,-4.96874982e-003
,,,6.04520000e-008,5.00000082e-004
,,,6.04560000e-008,5.62500092e-004
,,,6.04600000e-008,3.56250023e-003
,,,6.04640000e-008,4.00000019e-003
,,,6.04680000e-008,-2.81249901e-004
,,,6.04720000e-008,-7.21875019e-003
,,,6.04760000e-008,-4.06249921e-004
,,,6.04800000e-008,3.84375011e-003
,,,6.04840000e-008,3.18750017e-003
,,,6.04880000e-008,4.00000019e-003
,,,6.04920000e-008,7.53125036e-003
,,,6.04960000e-008,1.21250004e-002
,,,6.05000000e-008,4.00000019e-003
,,,6.05040000e-008,2.78125005e-003
,,,6.05080000e-008,-4.00000019e-003
,,,6.05120000e-008,-4.00000019e-003
,,,6.05160000e-008,5.81250014e-003
,,,6.05200000e-008,4.00000019e-003
,,,6.05240000e-008,-2.18750001e-003
,,,6.05280000e-008,-4.00000019e-003
,,,6.05320000e-008,4.00000019e-003
,,,6.05360000e-008,5.15625020e-003
,,,6.05400000e-008,7.25000026e-003
,,,6.05440000e-008,-2.81249988e-003
,,,6.05480000e-008,-1.03124988e-003
,,,6.05520000e-008,4.00000019e-003
,,,6.05560000e-008,3.56250023e-003
,,,6.05600000e-008,2.03125016e-003
,,,6.05640000e-008,-1.06249994e-003
,,,6.05680000e-008,-1.99999986e-003
,,,6.05720000e-008,-3.15624988e-003
,,,6.05760000e-008,-8.43749905e-004
,,,6.05800000e-008,3.09375022e-003
,,,6.05840000e-008,4.00000019e-003
,,,6.05880000e-008,4.65625012e-003
,,,6.05920000e-008,-2.31250003e-003
,,,6.05960000e-008,-4.00000019e-003
,,,6.06000000e-008,-3.12499105e-005
,,,6.06040000e-008,-4.24999977e-003
,,,6.06080000e-008,-3.15624988e-003
,,,6.06120000e-008,-4.00000019e-003
,,,6.06160000e-008,-1.01250000e-002
,,,6.06200000e-008,-1.20000001e-002
,,,6.06240000e-008,-6.71875011e-003
,,,6.06280000e-008,9.68750101e-004
,,,6.06320000e-008,-7.03124981e-003
,,,6.06360000e-008,-3.28124990e-003
,,,6.06400000e-008,4.00000019e-003
,,,6.06440000e-008,4.00000019e-003
,,,6.06480000e-008,-3.56250000e-003
,,,6.06520000e-008,-1.78124988e-003
,,,6.06560000e-008,-2.59374990e-003
,,,6.06600000e-008,-1.62499992e-003
,,,6.06640000e-008,2.81250011e-003
,,,6.06680000e-008,2.62500020e-003
,,,6.06720000e-008,2.03125016e-003
,,,6.06760000e-008,-7.28124985e-003
,,,6.06800000e-008,-1.20000001e-002
,,,6.06840000e-008,-4.00000019e-003
,,,6.06880000e-008,5.84375020e-003
,,,6.06920000e-008,-6.15624990e-003
,,,6.06960000e-008,-1.20000001e-002
,,,6.07000000e-008,-1.20000001e-002
,,,6.07040000e-008,-1.14062503e-002
,,,6.07080000e-008,-4.34374996e-003
,,,6.07120000e-008,-4.00000019e-003
,,,6.07160000e-008,4.81249997e-003
,,,6.07200000e-008,4.00000019e-003
,,,6.07240000e-008,6.59375032e-003
,,,6.07280000e-008,2.03125016e-003
,,,6.07320000e-008,4.00000019e-003
,,,6.07360000e-008,7.09375041e-003
,,,6.07400000e-008,5.75000001e-003
,,,6.07440000e-008,3.43750021e-003
,,,6.07480000e-008,4.00000019e-003
,,,6.07520000e-008,4.12499998e-003
,,,6.07560000e-008,3.78125021e-003
,,,6.07600000e-008,3.50000011e-003
,,,6.07640000e-008,4.00000019e-003
,,,6.07680000e-008,4.00000019e-003
,,,6.07720000e-008,3.90625000e-003
,,,6.07760000e-008,3.96875013e-003
,,,6.07800000e-008,-4.00000019e-003
,,,6.07840000e-008,2.56250007e-003
,,,6.07880000e-008,4.06250032e-003
,,,6.07920000e-008,9.99999978e-003
,,,6.07960000e-008,3.21875024e-003
,,,6.08000000e-008,4.00000019e-003
,,,6.08040000e-008,4.00000019e-003
,,,6.08080000e-008,1.02812499e-002
,,,6.08120000e-008,4.00000019e-003
,,,6.08160000e-008,2.31250003e-003
,,,6.08200000e-008,4.71875025e-003
,,,6.08240000e-008,4.00000019e-003
,,,6.08280000e-008,4.31250036e-003
,,,6.08320000e-008,4.68750106e-004
,,,6.08360000e-008,-1.78124988e-003
,,,6.08400000e-008,-5.24999993e-003
,,,6.08440000e-008,-4.00000019e-003
,,,6.08480000e-008,-4.40625008e-003
,,,6.08520000e-008,1.68750016e-003
,,,6.08560000e-008,1.09375012e-003
,,,6.08600000e-008,4.00000019e-003
,,,6.08640000e-008,1.15625013e-003
,,,6.08680000e-008,-9.37499135e-005
,,,6.08720000e-008,-1.49999990e-003
,,,6.08760000e-008,2.78125005e-003
,,,6.08800000e-008,1.07500004e-002
,,,6.08840000e-008,2.56250007e-003
,,,6.08880000e-008,-1.20000001e-002
,,,6.08920000e-008,-1.16562499e-002
,,,6.08960000e-008,1.87500089e-004
,,,6.09000000e-008,-2.40624999e-003
,,,6.09040000e-008,-6.87499938e-004
,,,6.09080000e-008,5.31250087e-004
,,,6.09120000e-008,1.25000093e-004
,,,6.09160000e-008,4.00000019e-003
,,,6.09200000e-008,5.65625029e-003
,,,6.09240000e-008,4.00000019e-003
,,,6.09280000e-008,-7.49999948e-004
,,,6.09320000e-008,4.37500101e-004
,,,6.09360000e-008,1.87500007e-003
,,,6.09400000e-008,-3.74999916e-004
,,,6.09440000e-008,-5.31249912e-004
,,,6.09480000e-008,6.84375037e-003
,,,6.09520000e-008,-4.00000019e-003
,,,6.09560000e-008,-2.12499988e-003
,,,6.09600000e-008,4.00000019e-003
,,,6.09640000e-008,4.00000019e-003
,,,6.09680000e-008,-2.06249999e-003
,,,6.09720000e-008,-1.06249994e-003
,,,6.09760000e-008,2.25000014e-003
,,,6.09800000e-008,4.00000019e-003
,,,6.09840000e-008,-2.43750005e-003
,,,6.09880000e-008,-7.37500004e-003
,,,6.09920000e-008,-2.74999999e-003
,,,6.09960000e-008,8.18749983e-003
,,,6.10000000e-008,3.62500013e-003
,,,6.10040000e-008,-4.00000019e-003
,,,6.10080000e-008,-3.53124994e-003
,,,6.10120000e-008,-4.00000019e-003
,,,6.10160000e-008,7.81250000e-003
,,,6.10200000e-008,-4.00000019e-003
,,,6.10240000e-008,-6.71875011e-003
,,,6.10280000e-008,-5.62499918e-004
,,,6.10320000e-008,2.75000022e-003
,,,6.10360000e-008,3.56250023e-003
,,,6.10400000e-008,-9.99999978e-003
,,,6.10440000e-008,-1.20000001e-002
,,,6.10480000e-008,-1.28124992e-003
,,,6.10520000e-008,4.00000019e-003
,,,6.10560000e-008,-2.68749986e-003
,,,6.10600000e-008,-4.00000019e-003
,,,6.10640000e-008,3.12500080e-004
,,,6.10680000e-008,-1.65624998e-003
,,,6.10720000e-008,5.37500018e-003
,,,6.10760000e-008,7.12500000e-003
,,,6.10800000e-008,4.00000019e-003
,,,6.10840000e-008,-4.00000019e-003
,,,6.10880000e-008,-6.62499992e-003
,,,6.10920000e-008,-4.00000019e-003
,,,6.10960000e-008,-4.00000019e-003
,,,6.11000000e-008,-8.37500021e-003
,,,6.11040000e-008,-2.15624995e-003
,,,6.11080000e-008,4.00000019e-003
,,,6.11120000e-008,-4.00000019e-003
,,,6.11160000e-008,-8.28125048e-003
,,,6.11200000e-008,-1.84374989e-003
,,,6.11240000e-008,2.43750005e-003
,,,6.11280000e-008,1.87500089e-004
,,,6.11320000e-008,-4.00000019e-003
,,,6.11360000e-008,-1.09374989e-003
,,,6.11400000e-008,1.00000005e-003
,,,6.11440000e-008,-2.93749990e-003
,,,6.11480000e-008,1.68750016e-003
,,,6.11520000e-008,5.31250087e-004
,,,6.11560000e-008,5.65625029e-003
,,,6.11600000e-008,1.65625010e-003
,,,6.11640000e-008,4.00000019e-003
,,,6.11680000e-008,4.00000019e-003
,,,6.11720000e-008,1.46875007e-003
,,,6.11760000e-008,-9.68749926e-004
,,,6.11800000e-008,-8.74999911e-004
,,,6.11840000e-008,2.00000009e-003
,,,6.11880000e-008,5.18750027e-003
,,,6.11920000e-008,4.00000019e-003
,,,6.11960000e-008,5.96874999e-003
,,,6.12000000e-008,1.34375016e-003
,,,6.12040000e-008,4.00000019e-003
,,,6.12080000e-008,4.00000019e-003
,,,6.12120000e-008,4.00000019e-003
,,,6.12160000e-008,8.12500075e-004
,,,6.12200000e-008,4.00000019e-003
,,,6.12240000e-008,8.56250059e-003
,,,6.12280000e-008,6.25000102e-004
,,,6.12320000e-008,-4.00000019e-003
,,,6.12360000e-008,-5.28124999e-003
,,,6.12400000e-008,-1.04374997e-002
,,,6.12440000e-008,-1.90624991e-003
,,,6.12480000e-008,3.46875004e-003
,,,6.12520000e-008,4.00000019e-003
,,,6.12560000e-008,-2.34374986e-003
,,,6.12600000e-008,-5.75000001e-003
,,,6.12640000e-008,-4.00000019e-003
,,,6.12680000e-008,-6.59374986e-003
,,,6.12720000e-008,-4.00000019e-003
,,,6.12760000e-008,2.09375005e-003
,,,6.12800000e-008,-4.00000019e-003
,,,6.12840000e-008,-1.56249909e-004
,,,6.12880000e-008,-1.12499995e-003
,,,6.12920000e-008,-3.43749911e-004
,,,6.12960000e-008,-1.24999919e-004
,,,6.13000000e-008,-4.00000019e-003
,,,6.13040000e-008,7.50000123e-004
,,,6.13080000e-008,4.43750015e-003
,,,6.13120000e-008,-4.00000019e-003
,,,6.13160000e-008,2.18750094e-004
,,,6.13200000e-008,-4.40625008e-003
,,,6.13240000e-008,-4.00000019e-003
,,,6.13280000e-008,-6.00000005e-003
,,,6.13320000e-008,-4.00000019e-003
,,,6.13360000e-008,-9.15625039e-003
,,,6.13400000e-008,-4.00000019e-003
,,,6.13440000e-008,3.84375011e-003
,,,6.13480000e-008,4.00000019e-003
,,,6.13520000e-008,6.31250022e-003
,,,6.13560000e-008,4.96875029e-003
,,,6.13600000e-008,4.00000019e-003
,,,6.13640000e-008,5.40625025e-003
,,,6.13680000e-008,-4.00000019e-003
,,,6.13720000e-008,-1.04687503e-002
,,,6.13760000e-008,-1.20000001e-002
,,,6.13800000e-008,1.31250010e-003
,,,6.13840000e-008,-4.00000019e-003
,,,6.13880000e-008,3.53125017e-003
,,,6.13920000e-008,3.62500013e-003
,,,6.13960000e-008,-3.81250004e-003
,,,6.14000000e-008,-4.00000019e-003
,,,6.14040000e-008,-4.00000019e-003
,,,6.14080000e-008,-9.37499135e-005
,,,6.14120000e-008,8.71875044e-003
,,,6.14160000e-008,3.81250004e-003
,,,6.14200000e-008,-8.46874993e-003
,,,6.14240000e-008,-1.20000001e-002
,,,6.14280000e-008,1.40625006e-003
,,,6.14320000e-008,1.75000017e-003
,,,6.14360000e-008,-9.62499995e-003
,,,6.14400000e-008,-1.19687505e-002
,,,6.14440000e-008,-4.43750015e-003
,,,6.14480000e-008,-4.00000019e-003
,,,6.14520000e-008,-1.87499914e-004
,,,6.14560000e-008,4.68750106e-004
,,,6.14600000e-008,-7.46875023e-003
,,,6.14640000e-008,-2.96874996e-003
,,,6.14680000e-008,7.50000030e-003
,,,6.14720000e-008,3.84375011e-003
,,,6.14760000e-008,-1.15625001e-002
,,,6.14800000e-008,-1.54687501e-002
,,,6.14840000e-008,-7.06249988e-003
,,,6.14880000e-008,5.62500092e-004
,,,6.14920000e-008,2.96875020e-003
,,,6.14960000e-008,1.90625014e-003
,,,6.15000000e-008,-5.68749988e-003
,,,6.15040000e-008,-4.96874982e-003
,,,6.15080000e-008,4.00000019e-003
,,,6.15120000e-008,1.87500089e-004
,,,6.15160000e-008,-1.03124988e-003
,,,6.15200000e-008,4.00000019e-003
,,,6.15240000e-008,3.62500013e-003
,,,6.15280000e-008,4.00000019e-003
,,,6.15320000e-008,-4.00000019e-003
,,,6.15360000e-008,-6.62499992e-003
,,,6.15400000e-008,-4.43750015e-003
,,,6.15440000e-008,-8.43749905e-004
,,,6.15480000e-008,-7.28124985e-003
,,,6.15520000e-008,-8.62499978e-003
,,,6.15560000e-008,-1.19687505e-002
,,,6.15600000e-008,-4.00000019e-003
,,,6.15640000e-008,-5.31250006e-003
,,,6.15680000e-008,-1.20000001e-002
,,,6.15720000e-008,-5.40624978e-003
,,,6.15760000e-008,-4.37499926e-004
,,,6.15800000e-008,-4.00000019e-003
,,,6.15840000e-008,3.93750006e-003
,,,6.15880000e-008,3.21875024e-003
,,,6.15920000e-008,4.00000019e-003
,,,6.15960000e-008,-2.46874988e-003
,,,6.16000000e-008,-2.93749990e-003
,,,6.16040000e-008,-6.28125016e-003
,,,6.16080000e-008,1.93750008e-003
,,,6.16120000e-008,5.53125003e-003
,,,6.16160000e-008,-1.96875003e-003
,,,6.16200000e-008,-1.20000001e-002
,,,6.16240000e-008,-1.68124996e-002
,,,6.16280000e-008,-9.65625048e-003
,,,6.16320000e-008,4.00000019e-003
,,,6.16360000e-008,-1.40624994e-003
,,,6.16400000e-008,-1.31249998e-003
,,,6.16440000e-008,4.00000019e-003
,,,6.16480000e-008,8.03124998e-003
,,,6.16520000e-008,8.31250008e-003
,,,6.16560000e-008,5.28124999e-003
,,,6.16600000e-008,8.15625023e-003
,,,6.16640000e-008,5.53125003e-003
,,,6.16680000e-008,-2.96874996e-003
,,,6.16720000e-008,-3.68750002e-003
,,,6.16760000e-008,4.18750010e-003
,,,6.16800000e-008,-4.00000019e-003
,,,6.16840000e-008,-7.09374994e-003
,,,6.16880000e-008,-1.05937505e-002
,,,6.16920000e-008,-1.20000001e-002
,,,6.16960000e-008,7.18750118e-004
,,,6.17000000e-008,2.96875020e-003
,,,6.17040000e-008,-7.18749943e-004
,,,6.17080000e-008,3.37500009e-003
,,,6.17120000e-008,-4.00000019e-003
,,,6.17160000e-008,-9.09375027e-003
,,,6.17200000e-008,-4.78124991e-003
,,,6.17240000e-008,2.87500024e-003
,,,6.17280000e-008,5.37500018e-003
,,,6.17320000e-008,2.31250003e-003
,,,6.17360000e-008,-1.24999919e-004
,,,6.17400000e-008,2.09375005e-003
,,,6.17440000e-008,-2.81249901e-004
,,,6.17480000e-008,-1.87499914e-004
,,,6.17520000e-008,-4.00000019e-003
,,,6.17560000e-008,1.84375013e-003
,,,6.17600000e-008,1.31250010e-003
,,,6.17640000e-008,7.50000123e-004
,,,6.17680000e-008,4.00000019e-003
,,,6.17720000e-008,-4.00000019e-003
,,,6.17760000e-008,-1.31249998e-003
,,,6.17800000e-008,1.81250006e-003
,,,6.17840000e-008,-2.53125001e-003
,,,6.17880000e-008,1.40625006e-003
,,,6.17920000e-008,-4.99999907e-004
,,,6.17960000e-008,-4.00000019e-003
,,,6.18000000e-008,-1.49999990e-003
,,,6.18040000e-008,-4.00000019e-003
,,,6.18080000e-008,-3.62499990e-003
,,,6.18120000e-008,-4.31249989e-003
,,,6.18160000e-008,-4.31249989e-003
,,,6.18200000e-008,-1.81249995e-003
,,,6.18240000e-008,-4.00000019e-003
,,,6.18280000e-008,8.12500075e-004
,,,6.18320000e-008,-4.00000019e-003
,,,6.18360000e-008,2.96875020e-003
,,,6.18400000e-008,1.21875014e-003
,,,6.18440000e-008,-5.24999993e-003
,,,6.18480000e-008,-1.65624998e-003
,,,6.18520000e-008,3.06250015e-003
,,,6.18560000e-008,1.12500007e-003
,,,6.18600000e-008,2.90625007e-003
,,,6.18640000e-008,-8.65625031e-003
,,,6.18680000e-008,-8.31250008e-003
,,,6.18720000e-008,3.09375022e-003
,,,6.18760000e-008,4.71875025e-003
,,,6.18800000e-008,4.00000019e-003
,,,6.18840000e-008,4.06250096e-004
,,,6.18880000e-008,4.00000019e-003
,,,6.18920000e-008,-5.31249912e-004
,,,6.18960000e-008,-3.84374987e-003
,,,6.19000000e-008,-3.43749911e-004
,,,6.19040000e-008,-4.00000019e-003
,,,6.19080000e-008,-1.49999990e-003
,,,6.19120000e-008,2.12500012e-003
,,,6.19160000e-008,4.75000031e-003
,,,6.19200000e-008,4.00000019e-003
,,,6.19240000e-008,5.62500022e-003
,,,6.19280000e-008,3.28125013e-003
,,,6.19320000e-008,4.12499998e-003
,,,6.19360000e-008,4.15625004e-003
,,,6.19400000e-008,-1.37499988e-003
,,,6.19440000e-008,-5.96874999e-003
,,,6.19480000e-008,-1.20000001e-002
,,,6.19520000e-008,-4.00000019e-003
,,,6.19560000e-008,-2.56249984e-003
,,,6.19600000e-008,-1.62499992e-003
,,,6.19640000e-008,2.46875011e-003
,,,6.19680000e-008,7.46875023e-003
,,,6.19720000e-008,4.00000019e-003
,,,6.19760000e-008,-4.59375000e-003
,,,6.19800000e-008,-4.00000019e-003
,,,6.19840000e-008,3.46875004e-003
,,,6.19880000e-008,3.68750026e-003
,,,6.19920000e-008,-4.00000019e-003
,,,6.19960000e-008,-1.87499914e-004
,,,6.20000000e-008,4.43750015e-003
,,,6.20040000e-008,1.90625014e-003
,,,6.20080000e-008,4.00000019e-003
,,,6.20120000e-008,-2.09375005e-003
,,,6.20160000e-008,-3.81250004e-003
,,,6.20200000e-008,-1.68749993e-003
,,,6.20240000e-008,5.31250087e-004
,,,6.20280000e-008,-4.84375004e-003
,,,6.20320000e-008,-2.21874984e-003
,,,6.20360000e-008,-6.24999928e-004
,,,6.20400000e-008,9.37500881e-005
,,,6.20440000e-008,4.00000019e-003
,,,6.20480000e-008,4.00000019e-003
,,,6.20520000e-008,3.46875004e-003
,,,6.20560000e-008,-7.49999948e-004
,,,6.20600000e-008,-4.00000019e-003
,,,6.20640000e-008,4.00000019e-003
,,,6.20680000e-008,1.65625010e-003
,,,6.20720000e-008,9.37500095e-004
,,,6.20760000e-008,-4.00000019e-003
,,,6.20800000e-008,4.96875029e-003
,,,6.20840000e-008,8.31250008e-003
,,,6.20880000e-008,-4.06249921e-004
,,,6.20920000e-008,-4.00000019e-003
,,,6.20960000e-008,-1.06249994e-003
,,,6.21000000e-008,-3.71874985e-003
,,,6.21040000e-008,4.00000019e-003
,,,6.21080000e-008,1.25000009e-003
,,,6.21120000e-008,-7.28124985e-003
,,,6.21160000e-008,-6.31250022e-003
,,,6.21200000e-008,4.00000019e-003
,,,6.21240000e-008,-1.81249995e-003
,,,6.21280000e-008,5.34375012e-003
,,,6.21320000e-008,4.00000019e-003
,,,6.21360000e-008,8.00000038e-003
,,,6.21400000e-008,4.90625016e-003
,,,6.21440000e-008,5.03124995e-003
,,,6.21480000e-008,-4.00000019e-003
,,,6.21520000e-008,-4.34374996e-003
,,,6.21560000e-008,-2.78125005e-003
,,,6.21600000e-008,2.62500020e-003
,,,6.21640000e-008,3.12500080e-004
,,,6.21680000e-008,1.34375016e-003
,,,6.21720000e-008,4.06250032e-003
,,,6.21760000e-008,7.71875028e-003
,,,6.21800000e-008,8.06250051e-003
,,,6.21840000e-008,-2.81249901e-004
,,,6.21880000e-008,-9.12499987e-003
,,,6.21920000e-008,-1.26250004e-002
,,,6.21960000e-008,-7.68750021e-003
,,,6.22000000e-008,-4.00000019e-003
,,,6.22040000e-008,-4.00000019e-003
,,,6.22080000e-008,-5.34375012e-003
,,,6.22120000e-008,-1.20000001e-002
,,,6.22160000e-008,-1.10312505e-002
,,,6.22200000e-008,-3.06249992e-003
,,,6.22240000e-008,4.00000019e-003
,,,6.22280000e-008,3.21875024e-003
,,,6.22320000e-008,4.71875025e-003
,,,6.22360000e-008,-7.81249895e-004
,,,6.22400000e-008,1.84375013e-003
,,,6.22440000e-008,-2.03124993e-003
,,,6.22480000e-008,-4.00000019e-003
,,,6.22520000e-008,5.62500092e-004
,,,6.22560000e-008,6.12500031e-003
,,,6.22600000e-008,4.00000019e-003
,,,6.22640000e-008,4.81249997e-003
,,,6.22680000e-008,-2.81249901e-004
,,,6.22720000e-008,2.21875007e-003
,,,6.22760000e-008,2.40625022e-003
,,,6.22800000e-008,-5.75000001e-003
,,,6.22840000e-008,-4.00000019e-003
,,,6.22880000e-008,-4.00000019e-003
,,,6.22920000e-008,-1.34374993e-003
,,,6.22960000e-008,-4.00000019e-003
,,,6.23000000e-008,1.34375016e-003
,,,6.23040000e-008,9.78124980e-003
,,,6.23080000e-008,4.96875029e-003
,,,6.23120000e-008,-1.56249909e-004
,,,6.23160000e-008,-4.00000019e-003
,,,6.23200000e-008,4.00000019e-003
,,,6.23240000e-008,7.18750118e-004
,,,6.23280000e-008,-2.71874992e-003
,,,6.23320000e-008,4.06250096e-004
,,,6.23360000e-008,6.93750009e-003
,,,6.23400000e-008,-2.81249901e-004
,,,6.23440000e-008,-4.21875017e-003
,,,6.23480000e-008,2.90625007e-003
,,,6.23520000e-008,-2.03124993e-003
,,,6.23560000e-008,9.37500881e-005
,,,6.23600000e-008,-6.50000013e-003
,,,6.23640000e-008,-1.06250001e-002
,,,6.23680000e-008,-4.00000019e-003
,,,6.23720000e-008,4.65625012e-003
,,,6.23760000e-008,6.96875015e-003
,,,6.23800000e-008,1.40625006e-003
,,,6.23840000e-008,-4.00000019e-003
,,,6.23880000e-008,-7.78124994e-003
,,,6.23920000e-008,5.93750097e-004
,,,6.23960000e-008,4.87500010e-003
,,,6.24000000e-008,4.00000019e-003
,,,6.24040000e-008,4.00000019e-003
,,,6.24080000e-008,4.09375038e-003
,,,6.24120000e-008,-2.56249984e-003
,,,6.24160000e-008,-5.21874987e-003
,,,6.24200000e-008,-4.00000019e-003
,,,6.24240000e-008,-6.18749997e-003
,,,6.24280000e-008,-1.27187502e-002
,,,6.24320000e-008,-4.00000019e-003
,,,6.24360000e-008,2.34375009e-003
,,,6.24400000e-008,4.00000019e-003
,,,6.24440000e-008,1.18750008e-003
,,,6.24480000e-008,-2.71874992e-003
,,,6.24520000e-008,-4.00000019e-003
,,,6.24560000e-008,2.93750013e-003
,,,6.24600000e-008,-1.20000001e-002
,,,6.24640000e-008,-1.25937499e-002
,,,6.24680000e-008,-1.20000001e-002
,,,6.24720000e-008,-1.34375002e-002
,,,6.24760000e-008,-3.34375002e-003
,,,6.24800000e-008,1.21875014e-003
,,,6.24840000e-008,-4.00000019e-003
,,,6.24880000e-008,-4.00000019e-003
,,,6.24920000e-008,-4.00000019e-003
,,,6.24960000e-008,-1.20000001e-002
,,,6.25000000e-008,-1.34062497e-002
,,,6.25040000e-008,-3.34375002e-003
,,,6.25080000e-008,-1.24999919e-004
,,,6.25120000e-008,-5.93749993e-003
,,,6.25160000e-008,-1.20000001e-002
,,,6.25200000e-008,-9.09375027e-003
,,,6.25240000e-008,-5.96874999e-003
,,,6.25280000e-008,-4.00000019e-003
,,,6.25320000e-008,2.15625018e-003
,,,6.25360000e-008,4.00000019e-003
,,,6.25400000e-008,5.62500092e-004
,,,6.25440000e-008,-8.43750034e-003
,,,6.25480000e-008,-7.06249988e-003
,,,6.25520000e-008,3.28125013e-003
,,,6.25560000e-008,5.49999997e-003
,,,6.25600000e-008,3.62500013e-003
,,,6.25640000e-008,2.31250003e-003
,,,6.25680000e-008,-4.34374996e-003
,,,6.25720000e-008,-3.12499105e-005
,,,6.25760000e-008,1.03125011e-003
,,,6.25800000e-008,4.00000019e-003
,,,6.25840000e-008,-4.28124983e-003
,,,6.25880000e-008,-6.03125012e-003
,,,6.25920000e-008,-1.06250001e-002
,,,6.25960000e-008,-1.79062504e-002
,,,6.26000000e-008,-1.20000001e-002
,,,6.26040000e-008,1.15625013e-003
,,,6.26080000e-008,8.12500075e-004
,,,6.26120000e-008,9.18749999e-003
,,,6.26160000e-008,1.40625006e-003
,,,6.26200000e-008,-4.00000019e-003
,,,6.26240000e-008,1.81250006e-003
,,,6.26280000e-008,-3.93750006e-003
,,,6.26320000e-008,-6.62499992e-003
,,,6.26360000e-008,-7.46875023e-003
,,,6.26400000e-008,-4.00000019e-003
,,,6.26440000e-008,-3.40624992e-003
,,,6.26480000e-008,3.90625000e-003
,,,6.26520000e-008,7.96874985e-003
,,,6.26560000e-008,4.00000019e-003
,,,6.26600000e-008,4.00000019e-003
,,,6.26640000e-008,6.28125016e-003
,,,6.26680000e-008,5.65625029e-003
,,,6.26720000e-008,4.00000019e-003
,,,6.26760000e-008,5.65625029e-003
,,,6.26800000e-008,-4.00000019e-003
,,,6.26840000e-008,-4.00000019e-003
,,,6.26880000e-008,-1.99999996e-002
,,,6.26920000e-008,-2.71562506e-002
,,,6.26960000e-008,-1.97812505e-002
,,,6.27000000e-008,-4.00000019e-003
,,,6.27040000e-008,-1.56249909e-004
,,,6.27080000e-008,2.84375018e-003
,,,6.27120000e-008,8.43750034e-003
,,,6.27160000e-008,-5.18749980e-003
,,,6.27200000e-008,-1.20000001e-002
,,,6.27240000e-008,-3.34375002e-003
,,,6.27280000e-008,-5.37500018e-003
,,,6.27320000e-008,-1.74375009e-002
,,,6.27360000e-008,-1.70625001e-002
,,,6.27400000e-008,-4.00000019e-003
,,,6.27440000e-008,-7.40625011e-003
,,,6.27480000e-008,-4.62500006e-003
,,,6.27520000e-008,1.90625014e-003
,,,6.27560000e-008,-4.00000019e-003
,,,6.27600000e-008,-7.74999987e-003
,,,6.27640000e-008,-1.20000001e-002
,,,6.27680000e-008,-3.12500005e-003
,,,6.27720000e-008,3.56250023e-003
,,,6.27760000e-008,-3.37499985e-003
,,,6.27800000e-008,-2.40624999e-003
,,,6.27840000e-008,-4.00000019e-003
,,,6.27880000e-008,-4.00000019e-003
,,,6.27920000e-008,-1.31249998e-003
,,,6.27960000e-008,-6.87499938e-004
,,,6.28000000e-008,-4.00000019e-003
,,,6.28040000e-008,-4.00000019e-003
,,,6.28080000e-008,2.62500020e-003
,,,6.28120000e-008,-5.84375020e-003
,,,6.28160000e-008,-4.00000019e-003
,,,6.28200000e-008,-4.00000019e-003
,,,6.28240000e-008,-3.03124986e-003
,,,6.28280000e-008,-4.00000019e-003
,,,6.28320000e-008,-9.68749926e-004
,,,6.28360000e-008,3.12500080e-004
,,,6.28400000e-008,-2.81249901e-004
,,,6.28440000e-008,6.09375024e-003
,,,6.28480000e-008,4.00000019e-003
,,,6.28520000e-008,4.00000019e-003
,,,6.28560000e-008,4.00000019e-003
,,,6.28600000e-008,4.00000019e-003
,,,6.28640000e-008,1.00000005e-003
,,,6.28680000e-008,-6.28125016e-003
,,,6.28720000e-008,-3.87499994e-003
,,,6.28760000e-008,-1.11250002e-002
,,,6.28800000e-008,-4.03124979e-003
,,,6.28840000e-008,-1.70312505e-002
,,,6.28880000e-008,-1.99999996e-002
,,,6.28920000e-008,-1.15312496e-002
,,,6.28960000e-008,1.50000013e-003
,,,6.29000000e-008,-1.20000001e-002
,,,6.29040000e-008,-9.84374993e-003
,,,6.29080000e-008,4.00000019e-003
,,,6.29120000e-008,1.62500015e-003
,,,6.29160000e-008,3.65625019e-003
,,,6.29200000e-008,-4.00000019e-003
,,,6.29240000e-008,-1.49999990e-003
,,,6.29280000e-008,4.62500006e-003
,,,6.29320000e-008,-4.00000019e-003
,,,6.29360000e-008,-9.06249916e-004
,,,6.29400000e-008,4.37500101e-004
,,,6.29440000e-008,-1.53124996e-003
,,,6.29480000e-008,1.40625006e-003
,,,6.29520000e-008,1.87500007e-003
,,,6.29560000e-008,-4.00000019e-003
,,,6.29600000e-008,9.37500095e-004
,,,6.29640000e-008,-4.68750019e-003
,,,6.29680000e-008,-1.10625001e-002
,,,6.29720000e-008,-5.68749988e-003
,,,6.29760000e-008,5.71874995e-003
,,,6.29800000e-008,7.50000123e-004
,,,6.29840000e-008,4.00000019e-003
,,,6.29880000e-008,4.00000019e-003
,,,6.29920000e-008,-4.00000019e-003
,,,6.29960000e-008,-3.40624992e-003
,,,6.30000000e-008,3.34375002e-003
,,,6.30040000e-008,6.31250022e-003
,,,6.30080000e-008,3.87500017e-003
,,,6.30120000e-008,-4.00000019e-003
,,,6.30160000e-008,-4.00000019e-003
,,,6.30200000e-008,-1.03437500e-002
,,,6.30240000e-008,-4.00000019e-003
,,,6.30280000e-008,1.18750008e-003
,,,6.30320000e-008,8.12500075e-004
,,,6.30360000e-008,4.00000019e-003
,,,6.30400000e-008,6.25000903e-005
,,,6.30440000e-008,-6.50000013e-003
,,,6.30480000e-008,-6.78125024e-003
,,,6.30520000e-008,-2.18749919e-004
,,,6.30560000e-008,2.78125005e-003
,,,6.30600000e-008,4.00000019e-003
,,,6.30640000e-008,-3.93750006e-003
,,,6.30680000e-008,-1.99999986e-003
,,,6.30720000e-008,1.78125012e-003
,,,6.30760000e-008,1.00000005e-003
,,,6.30800000e-008,-4.00000019e-003
,,,6.30840000e-008,-5.65624982e-003
,,,6.30880000e-008,-1.39375003e-002
,,,6.30920000e-008,-1.41562503e-002
,,,6.30960000e-008,-2.24999990e-003
,,,6.31000000e-008,5.62500092e-004
,,,6.31040000e-008,2.18750001e-003
,,,6.31080000e-008,-7.12500000e-003
,,,6.31120000e-008,-6.78125024e-003
,,,6.31160000e-008,-8.24999996e-003
,,,6.31200000e-008,-6.24999928e-004
,,,6.31240000e-008,4.00000019e-003
,,,6.31280000e-008,3.18750017e-003
,,,6.31320000e-008,2.59375013e-003
,,,6.31360000e-008,-2.21874984e-003
,,,6.31400000e-008,-6.21875003e-003
,,,6.31440000e-008,-7.74999987e-003
,,,6.31480000e-008,-5.24999993e-003
,,,6.31520000e-008,-7.59375002e-003
,,,6.31560000e-008,-7.90624972e-003
,,,6.31600000e-008,4.00000019e-003
,,,6.31640000e-008,-8.00000038e-003
,,,6.31680000e-008,-6.43750001e-003
,,,6.31720000e-008,8.94069679e-011
,,,6.31760000e-008,2.21875007e-003
,,,6.31800000e-008,4.00000019e-003
,,,6.31840000e-008,7.18750118e-004
,,,6.31880000e-008,-4.00000019e-003
,,,6.31920000e-008,4.00000019e-003
,,,6.31960000e-008,2.84375018e-003
,,,6.32000000e-008,4.00000019e-003
,,,6.32040000e-008,-9.37499135e-005
,,,6.32080000e-008,-2.15624995e-003
,,,6.32120000e-008,4.68750106e-004
,,,6.32160000e-008,2.25000014e-003
,,,6.32200000e-008,4.00000019e-003
,,,6.32240000e-008,3.18750017e-003
,,,6.32280000e-008,-3.90625000e-003
,,,6.32320000e-008,-1.20000001e-002
,,,6.32360000e-008,-7.71874981e-003
,,,6.32400000e-008,-4.00000019e-003
,,,6.32440000e-008,-4.31249989e-003
,,,6.32480000e-008,-4.00000019e-003
,,,6.32520000e-008,-4.00000019e-003
,,,6.32560000e-008,-3.53124994e-003
,,,6.32600000e-008,-4.00000019e-003
,,,6.32640000e-008,-1.81249995e-003
,,,6.32680000e-008,2.28125020e-003
,,,6.32720000e-008,6.40625041e-003
,,,6.32760000e-008,8.59375019e-003
,,,6.32800000e-008,-3.37499985e-003
,,,6.32840000e-008,-3.74999992e-003
,,,6.32880000e-008,-5.53125003e-003
,,,6.32920000e-008,-3.74999992e-003
,,,6.32960000e-008,-4.00000019e-003
,,,6.33000000e-008,4.00000019e-003
,,,6.33040000e-008,-2.37499992e-003
,,,6.33080000e-008,-4.00000019e-003
,,,6.33120000e-008,4.00000019e-003
,,,6.33160000e-008,1.56250014e-003
,,,6.33200000e-008,-4.00000019e-003
,,,6.33240000e-008,-7.12500000e-003
,,,6.33280000e-008,-9.68749926e-004
,,,6.33320000e-008,-7.49999983e-003
,,,6.33360000e-008,-7.87500013e-003
,,,6.33400000e-008,-4.00000019e-003
,,,6.33440000e-008,4.62500006e-003
,,,6.33480000e-008,4.00000019e-003
,,,6.33520000e-008,-4.00000019e-003
,,,6.33560000e-008,-2.93749990e-003
,,,6.33600000e-008,-4.00000019e-003
,,,6.33640000e-008,-1.15624990e-003
,,,6.33680000e-008,-4.00000019e-003
,,,6.33720000e-008,-1.09374989e-003
,,,6.33760000e-008,3.09375022e-003
,,,6.33800000e-008,4.00000019e-003
,,,6.33840000e-008,4.00000019e-003
,,,6.33880000e-008,3.12500005e-003
,,,6.33920000e-008,-7.81249895e-004
,,,6.33960000e-008,-4.00000019e-003
,,,6.34000000e-008,-3.43749911e-004
,,,6.34040000e-008,-4.00000019e-003
,,,6.34080000e-008,-2.43750005e-003
,,,6.34120000e-008,4.00000019e-003
,,,6.34160000e-008,-6.06250018e-003
,,,6.34200000e-008,-1.87499914e-004
,,,6.34240000e-008,-6.37499988e-003
,,,6.34280000e-008,-1.20000001e-002
,,,6.34320000e-008,-5.93749923e-004
,,,6.34360000e-008,-9.53125022e-003
,,,6.34400000e-008,-1.20000001e-002
,,,6.34440000e-008,-2.03124993e-003
,,,6.34480000e-008,2.87500024e-003
,,,6.34520000e-008,1.87500007e-003
,,,6.34560000e-008,-9.28124972e-003
,,,6.34600000e-008,-1.20000001e-002
,,,6.34640000e-008,-2.18750001e-003
,,,6.34680000e-008,5.96874999e-003
,,,6.34720000e-008,3.62500013e-003
,,,6.34760000e-008,2.28125020e-003
,,,6.34800000e-008,-2.37499992e-003
,,,6.34840000e-008,-4.00000019e-003
,,,6.34880000e-008,4.37500101e-004
,,,6.34920000e-008,3.09375022e-003
,,,6.34960000e-008,6.87500113e-004
,,,6.35000000e-008,4.00000019e-003
,,,6.35040000e-008,-8.74999911e-004
,,,6.35080000e-008,3.56250023e-003
,,,6.35120000e-008,-4.00000019e-003
,,,6.35160000e-008,-9.68749926e-004
,,,6.35200000e-008,4.00000019e-003
,,,6.35240000e-008,-4.21875017e-003
,,,6.35280000e-008,-4.00000019e-003
,,,6.35320000e-008,-4.00000019e-003
,,,6.35360000e-008,-1.37499988e-003
,,,6.35400000e-008,3.37500009e-003
,,,6.35440000e-008,-4.00000019e-003
,,,6.35480000e-008,-4.09374991e-003
,,,6.35520000e-008,4.00000019e-003
,,,6.35560000e-008,5.06250001e-003
,,,6.35600000e-008,1.59375009e-003
,,,6.35640000e-008,-1.03124988e-003
,,,6.35680000e-008,-3.34375002e-003
,,,6.35720000e-008,4.00000019e-003
,,,6.35760000e-008,8.94069679e-011
,,,6.35800000e-008,-2.84374994e-003
,,,6.35840000e-008,-1.20000001e-002
,,,6.35880000e-008,-4.78124991e-003
,,,6.35920000e-008,-5.93749923e-004
,,,6.35960000e-008,-8.93750042e-003
,,,6.36000000e-008,-1.20000001e-002
,,,6.36040000e-008,-1.78124988e-003
,,,6.36080000e-008,7.50000123e-004
,,,6.36120000e-008,-4.00000019e-003
,,,6.36160000e-008,-4.93749976e-003
,,,6.36200000e-008,-6.87499996e-003
,,,6.36240000e-008,-8.24999996e-003
,,,6.36280000e-008,-9.87500045e-003
,,,6.36320000e-008,-6.15624990e-003
,,,6.36360000e-008,-1.74999994e-003
,,,6.36400000e-008,-6.87499938e-004
,,,6.36440000e-008,-1.71874999e-003
,,,6.36480000e-008,2.59375013e-003
,,,6.36520000e-008,-2.12499988e-003
,,,6.36560000e-008,-9.99999931e-004
,,,6.36600000e-008,-4.00000019e-003
,,,6.36640000e-008,-4.00000019e-003
,,,6.36680000e-008,-3.87499994e-003
,,,6.36720000e-008,-1.18749996e-003
,,,6.36760000e-008,-1.84374989e-003
,,,6.36800000e-008,-1.10625001e-002
,,,6.36840000e-008,-1.20000001e-002
,,,6.36880000e-008,-4.00000019e-003
,,,6.36920000e-008,-8.93750042e-003
,,,6.36960000e-008,-5.93749923e-004
,,,6.37000000e-008,2.75000022e-003
,,,6.37040000e-008,1.25000009e-003
,,,6.37080000e-008,-1.37499988e-003
,,,6.37120000e-008,-2.03124993e-003
,,,6.37160000e-008,-3.12499906e-004
,,,6.37200000e-008,-3.18749994e-003
,,,6.37240000e-008,-8.12499900e-004
,,,6.37280000e-008,-4.00000019e-003
,,,6.37320000e-008,4.15625004e-003
,,,6.37360000e-008,5.90625033e-003
,,,6.37400000e-008,4.00000019e-003
,,,6.37440000e-008,7.31250038e-003
,,,6.37480000e-008,1.78125012e-003
,,,6.37520000e-008,4.00000019e-003
,,,6.37560000e-008,6.68750005e-003
,,,6.37600000e-008,3.62500013e-003
,,,6.37640000e-008,2.50000099e-004
,,,6.37680000e-008,-4.03124979e-003
,,,6.37720000e-008,-7.24999979e-003
,,,6.37760000e-008,-1.27499998e-002
,,,6.37800000e-008,-4.09374991e-003
,,,6.37840000e-008,-4.00000019e-003
,,,6.37880000e-008,-7.18749943e-004
,,,6.37920000e-008,1.56250014e-003
,,,6.37960000e-008,2.87500024e-003
,,,6.38000000e-008,2.18750001e-003
,,,6.38040000e-008,-2.81249901e-004
,,,6.38080000e-008,3.75000091e-004
,,,6.38120000e-008,-6.96875015e-003
,,,6.38160000e-008,-4.00000019e-003
,,,6.38200000e-008,-2.09375005e-003
,,,6.38240000e-008,-3.71874985e-003
,,,6.38280000e-008,-4.00000019e-003
,,,6.38320000e-008,6.50000013e-003
,,,6.38360000e-008,2.31250003e-003
,,,6.38400000e-008,1.96875003e-003
,,,6.38440000e-008,4.00000019e-003
,,,6.38480000e-008,3.31250019e-003
,,,6.38520000e-008,-4.00000019e-003
,,,6.38560000e-008,2.21875007e-003
,,,6.38600000e-008,-6.96875015e-003
,,,6.38640000e-008,-3.93750006e-003
,,,6.38680000e-008,-3.87499994e-003
,,,6.38720000e-008,-7.81249895e-004
,,,6.38760000e-008,-6.56249933e-004
,,,6.38800000e-008,-4.00000019e-003
,,,6.38840000e-008,1.81250006e-003
,,,6.38880000e-008,-5.93749993e-003
,,,6.38920000e-008,-1.20000001e-002
,,,6.38960000e-008,-1.39062498e-002
,,,6.39000000e-008,-3.34375002e-003
,,,6.39040000e-008,-4.00000019e-003
,,,6.39080000e-008,4.00000019e-003
,,,6.39120000e-008,-2.74999999e-003
,,,6.39160000e-008,-9.37499135e-005
,,,6.39200000e-008,4.00000019e-003
,,,6.39240000e-008,-4.00000019e-003
,,,6.39280000e-008,-1.13124996e-002
,,,6.39320000e-008,-5.34375012e-003
,,,6.39360000e-008,-5.62499918e-004
,,,6.39400000e-008,-4.00000019e-003
,,,6.39440000e-008,3.90625000e-003
,,,6.39480000e-008,4.00000019e-003
,,,6.39520000e-008,-4.06249985e-003
,,,6.39560000e-008,-4.00000019e-003
,,,6.39600000e-008,4.00000019e-003
,,,6.39640000e-008,2.87500024e-003
,,,6.39680000e-008,-4.00000019e-003
,,,6.39720000e-008,-3.59375007e-003
,,,6.39760000e-008,-7.43750017e-003
,,,6.39800000e-008,-1.74062494e-002
,,,6.39840000e-008,-1.57812499e-002
,,,6.39880000e-008,-4.00000019e-003
,,,6.39920000e-008,-1.20000001e-002
,,,6.39960000e-008,-1.40312500e-002
,,,6.40000000e-008,-3.56250000e-003
,,,6.40040000e-008,-1.20000001e-002
,,,6.40080000e-008,-2.07500011e-002
,,,6.40120000e-008,-1.64687503e-002
,,,6.40160000e-008,-4.00000019e-003
,,,6.40200000e-008,-6.96875015e-003
,,,6.40240000e-008,3.43750021e-003
,,,6.40280000e-008,4.00000019e-003
,,,6.40320000e-008,-4.00000019e-003
,,,6.40360000e-008,-5.24999993e-003
,,,6.40400000e-008,-4.00000019e-003
,,,6.40440000e-008,3.50000011e-003
,,,6.40480000e-008,6.93750009e-003
,,,6.40520000e-008,-7.81249895e-004
,,,6.40560000e-008,-4.00000019e-003
,,,6.40600000e-008,-6.43750001e-003
,,,6.40640000e-008,-6.37499988e-003
,,,6.40680000e-008,-4.68749931e-004
,,,6.40720000e-008,4.75000031e-003
,,,6.40760000e-008,3.59375007e-003
,,,6.40800000e-008,1.65625010e-003
,,,6.40840000e-008,-9.06249916e-004
,,,6.40880000e-008,4.00000019e-003
,,,6.40920000e-008,-4.00000019e-003
,,,6.40960000e-008,-1.65937506e-002
,,,6.41000000e-008,-1.79062504e-002
,,,6.41040000e-008,-7.96874985e-003
,,,6.41080000e-008,5.65625029e-003
,,,6.41120000e-008,-6.00000005e-003
,,,6.41160000e-008,-1.67812500e-002
,,,6.41200000e-008,-1.20000001e-002
,,,6.41240000e-008,-4.00000019e-003
,,,6.41280000e-008,-4.65625012e-003
,,,6.41320000e-008,-5.81250014e-003
,,,6.41360000e-008,-3.53124994e-003
,,,6.41400000e-008,-4.00000019e-003
,,,6.41440000e-008,-3.31249996e-003
,,,6.41480000e-008,4.00000019e-003
,,,6.41520000e-008,-6.15624990e-003
,,,6.41560000e-008,-3.81250004e-003
,,,6.41600000e-008,1.65625010e-003
,,,6.41640000e-008,1.71875011e-003
,,,6.41680000e-008,2.31250003e-003
,,,6.41720000e-008,-1.63437501e-002
,,,6.41760000e-008,-2.18125004e-002
,,,6.41800000e-008,-1.20000001e-002
,,,6.41840000e-008,-2.15624995e-003
,,,6.41880000e-008,2.03125016e-003
,,,6.41920000e-008,7.81250128e-004
,,,6.41960000e-008,-1.20000001e-002
,,,6.42000000e-008,-2.03437507e-002
,,,6.42040000e-008,-1.27187502e-002
,,,6.42080000e-008,-1.05312504e-002
,,,6.42120000e-008,-4.00000019e-003
,,,6.42160000e-008,1.31250010e-003
,,,6.42200000e-008,-1.96875003e-003
,,,6.42240000e-008,-1.62499992e-003
,,,6.42280000e-008,-4.00000019e-003
,,,6.42320000e-008,1.50000013e-003
,,,6.42360000e-008,-2.18749919e-004
,,,6.42400000e-008,2.03125016e-003
,,,6.42440000e-008,-3.71874985e-003
,,,6.42480000e-008,-5.81250014e-003
,,,6.42520000e-008,-9.18749999e-003
,,,6.42560000e-008,-1.14374999e-002
,,,6.42600000e-008,-1.21874991e-003
,,,6.42640000e-008,-1.90624991e-003
,,,6.42680000e-008,2.75000022e-003
,,,6.42720000e-008,2.18750094e-004
,,,6.42760000e-008,5.18750027e-003
,,,6.42800000e-008,4.00000019e-003
,,,6.42840000e-008,-1.78124988e-003
,,,6.42880000e-008,-5.28124999e-003
,,,6.42920000e-008,1.31250010e-003
,,,6.42960000e-008,3.15625011e-003
,,,6.43000000e-008,4.00000019e-003
,,,6.43040000e-008,4.00000019e-003
,,,6.43080000e-008,4.06250096e-004
,,,6.43120000e-008,-7.56249996e-003
,,,6.43160000e-008,-4.00000019e-003
,,,6.43200000e-008,-4.00000019e-003
,,,6.43240000e-008,-8.21875036e-003
,,,6.43280000e-008,-1.58750005e-002
,,,6.43320000e-008,-1.20000001e-002
,,,6.43360000e-008,-9.06249916e-004
,,,6.43400000e-008,-1.33125000e-002
,,,6.43440000e-008,-1.20000001e-002
,,,6.43480000e-008,-2.71874992e-003
,,,6.43520000e-008,-1.02500003e-002
,,,6.43560000e-008,-8.59375019e-003
,,,6.43600000e-008,4.87500010e-003
,,,6.43640000e-008,-4.68749931e-004
,,,6.43680000e-008,-4.00000019e-003
,,,6.43720000e-008,-1.45312501e-002
,,,6.43760000e-008,-1.08437501e-002
,,,6.43800000e-008,-9.03125014e-003
,,,6.43840000e-008,-1.87499996e-003
,,,6.43880000e-008,5.84375020e-003
,,,6.43920000e-008,5.00000035e-003
,,,6.43960000e-008,6.75000018e-003
,,,6.44000000e-008,3.93750006e-003
,,,6.44040000e-008,1.50000013e-003
,,,6.44080000e-008,-7.18749943e-004
,,,6.44120000e-008,3.15625011e-003
,,,6.44160000e-008,2.62500020e-003
,,,6.44200000e-008,2.53125024e-003
,,,6.44240000e-008,-4.00000019e-003
,,,6.44280000e-008,-5.49999997e-003
,,,6.44320000e-008,1.96875003e-003
,,,6.44360000e-008,5.31250006e-003
,,,6.44400000e-008,4.00000019e-003
,,,6.44440000e-008,6.25000102e-004
,,,6.44480000e-008,-4.00000019e-003
,,,6.44520000e-008,2.18750001e-003
,,,6.44560000e-008,-4.00000019e-003
,,,6.44600000e-008,4.00000019e-003
,,,6.44640000e-008,4.00000019e-003
,,,6.44680000e-008,5.93750039e-003
,,,6.44720000e-008,4.00000019e-003
,,,6.44760000e-008,-3.12499105e-005
,,,6.44800000e-008,4.00000019e-003
,,,6.44840000e-008,-4.00000019e-003
,,,6.44880000e-008,-8.00000038e-003
,,,6.44920000e-008,-1.30625004e-002
,,,6.44960000e-008,-1.15000000e-002
,,,6.45000000e-008,2.18750094e-004
,,,6.45040000e-008,3.46875004e-003
,,,6.45080000e-008,-5.84375020e-003
,,,6.45120000e-008,-1.46562504e-002
,,,6.45160000e-008,-1.30000003e-002
,,,6.45200000e-008,-1.54062500e-002
,,,6.45240000e-008,-3.84374987e-003
,,,6.45280000e-008,3.93750006e-003
,,,6.45320000e-008,3.25000007e-003
,,,6.45360000e-008,-2.84374994e-003
,,,6.45400000e-008,-4.00000019e-003
,,,6.45440000e-008,-1.90624991e-003
,,,6.45480000e-008,4.00000019e-003
,,,6.45520000e-008,-2.06249999e-003
,,,6.45560000e-008,-8.84374976e-003
,,,6.45600000e-008,-4.00000019e-003
,,,6.45640000e-008,-3.21875000e-003
,,,6.45680000e-008,-1.53124996e-003
,,,6.45720000e-008,-4.00000019e-003
,,,6.45760000e-008,-3.28124990e-003
,,,6.45800000e-008,9.37500881e-005
,,,6.45840000e-008,-4.15625004e-003
,,,6.45880000e-008,-1.77500006e-002
,,,6.45920000e-008,-1.89999994e-002
,,,6.45960000e-008,-8.31250008e-003
,,,6.46000000e-008,-4.00000019e-003
,,,6.46040000e-008,-1.78124988e-003
,,,6.46080000e-008,1.50000013e-003
,,,6.46120000e-008,-3.53124994e-003
,,,6.46160000e-008,1.37500011e-003
,,,6.46200000e-008,-8.43749905e-004
,,,6.46240000e-008,-4.00000019e-003
,,,6.46280000e-008,-8.12499900e-004
,,,6.46320000e-008,-4.00000019e-003
,,,6.46360000e-008,-8.50000046e-003
,,,6.46400000e-008,-4.00000019e-003
,,,6.46440000e-008,-5.43749984e-003
,,,6.46480000e-008,-4.71874978e-003
,,,6.46520000e-008,5.49999997e-003
,,,6.46560000e-008,7.62500009e-003
,,,6.46600000e-008,-1.59374997e-003
,,,6.46640000e-008,-5.21874987e-003
,,,6.46680000e-008,-3.31249996e-003
,,,6.46720000e-008,-4.00000019e-003
,,,6.46760000e-008,-8.28125048e-003
,,,6.46800000e-008,-4.00000019e-003
,,,6.46840000e-008,-7.53124990e-003
,,,6.46880000e-008,-6.34374982e-003
,,,6.46920000e-008,-2.31250003e-003
,,,6.46960000e-008,-1.53124996e-003
,,,6.47000000e-008,-5.24999993e-003
,,,6.47040000e-008,-5.78125007e-003
,,,6.47080000e-008,3.96875013e-003
,,,6.47120000e-008,4.00000019e-003
,,,6.47160000e-008,-7.46875023e-003
,,,6.47200000e-008,-1.20000001e-002
,,,6.47240000e-008,-1.78124988e-003
,,,6.47280000e-008,7.75000034e-003
,,,6.47320000e-008,6.62500039e-003
,,,6.47360000e-008,3.43750021e-003
,,,6.47400000e-008,-4.00000019e-003
,,,6.47440000e-008,-4.68749931e-004
,,,6.47480000e-008,6.09375024e-003
,,,6.47520000e-008,6.21875003e-003
,,,6.47560000e-008,-1.31249998e-003
,,,6.47600000e-008,-4.00000019e-003
,,,6.47640000e-008,1.65625010e-003
,,,6.47680000e-008,-2.09375005e-003
,,,6.47720000e-008,1.87500089e-004
,,,6.47760000e-008,4.00000019e-003
,,,6.47800000e-008,4.00000019e-003
,,,6.47840000e-008,1.43750012e-003
,,,6.47880000e-008,1.25000009e-003
,,,6.47920000e-008,2.31250003e-003
,,,6.47960000e-008,1.00000005e-003
,,,6.48000000e-008,-4.00000019e-003
,,,6.48040000e-008,6.87500113e-004
,,,6.48080000e-008,-6.56249933e-004
,,,6.48120000e-008,4.78125038e-003
,,,6.48160000e-008,-9.37499135e-005
,,,6.48200000e-008,-4.00000019e-003
,,,6.48240000e-008,2.93750013e-003
,,,6.48280000e-008,4.00000019e-003
,,,6.48320000e-008,4.00000019e-003
,,,6.48360000e-008,-1.46874995e-003
,,,6.48400000e-008,-1.09374989e-003
,,,6.48440000e-008,-5.49999997e-003
,,,6.48480000e-008,-5.65624982e-003
,,,6.48520000e-008,9.68750101e-004
,,,6.48560000e-008,-4.12499998e-003
,,,6.48600000e-008,5.62500092e-004
,,,6.48640000e-008,-4.46875021e-003
,,,6.48680000e-008,-1.20000001e-002
,,,6.48720000e-008,-6.31250022e-003
,,,6.48760000e-008,-5.96874999e-003
,,,6.48800000e-008,-4.00000019e-003
,,,6.48840000e-008,-1.87499914e-004
,,,6.48880000e-008,2.21875007e-003
,,,6.48920000e-008,3.37500009e-003
,,,6.48960000e-008,-2.15624995e-003
,,,6.49000000e-008,1.00000005e-003
,,,6.49040000e-008,-6.24999084e-005
,,,6.49080000e-008,4.00000019e-003
,,,6.49120000e-008,3.78125021e-003
,,,6.49160000e-008,3.31250019e-003
,,,6.49200000e-008,4.00000019e-003
,,,6.49240000e-008,3.15625011e-003
,,,6.49280000e-008,-1.53124996e-003
,,,6.49320000e-008,2.25000014e-003
,,,6.49360000e-008,4.06250096e-004
,,,6.49400000e-008,2.12500012e-003
,,,6.49440000e-008,-1.24999919e-004
,,,6.49480000e-008,-4.00000019e-003
,,,6.49520000e-008,-4.31249989e-003
,,,6.49560000e-008,-6.53125020e-003
,,,6.49600000e-008,4.00000019e-003
,,,6.49640000e-008,-4.84375004e-003
,,,6.49680000e-008,-4.00000019e-003
,,,6.49720000e-008,-7.24999979e-003
,,,6.49760000e-008,-1.56249991e-003
,,,6.49800000e-008,-5.96874999e-003
,,,6.49840000e-008,-8.43750034e-003
,,,6.49880000e-008,-4.00000019e-003
,,,6.49920000e-008,-8.81250016e-003
,,,6.49960000e-008,-8.71875044e-003
,,,6.50000000e-008,1.28125015e-003
,,,6.50040000e-008,4.00000019e-003
,,,6.50080000e-008,4.00000019e-003
,,,6.50120000e-008,1.50000013e-003
,,,6.50160000e-008,-2.87500001e-003
,,,6.50200000e-008,-2.71874992e-003
,,,6.50240000e-008,-1.74999994e-003
,,,6.50280000e-008,3.06250015e-003
,,,6.50320000e-008,-1.01250000e-002
,,,6.50360000e-008,-9.37500037e-003
,,,6.50400000e-008,-1.07500004e-002
,,,6.50440000e-008,-2.26250011e-002
,,,6.50480000e-008,-1.99999996e-002
,,,6.50520000e-008,-9.15625039e-003
,,,6.50560000e-008,-1.21250004e-002
,,,6.50600000e-008,-4.00000019e-003
,,,6.50640000e-008,-5.34375012e-003
,,,6.50680000e-008,-3.90625000e-003
,,,6.50720000e-008,4.00000019e-003
,,,6.50760000e-008,7.81250000e-003
,,,6.50800000e-008,4.00000019e-003
,,,6.50840000e-008,-7.46875023e-003
,,,6.50880000e-008,-1.20000001e-002
,,,6.50920000e-008,-4.96874982e-003
,,,6.50960000e-008,3.81250004e-003
,,,6.51000000e-008,-7.49999948e-004
,,,6.51040000e-008,4.00000019e-003
,,,6.51080000e-008,2.43750005e-003
,,,6.51120000e-008,-7.15625007e-003
,,,6.51160000e-008,-1.28437504e-002
,,,6.51200000e-008,-6.00000005e-003
,,,6.51240000e-008,-3.46875004e-003
,,,6.51280000e-008,-3.12499906e-004
,,,6.51320000e-008,3.90625000e-003
,,,6.51360000e-008,6.62500039e-003
,,,6.51400000e-008,-4.43750015e-003
,,,6.51440000e-008,-4.81249997e-003
,,,6.51480000e-008,-4.00000019e-003
,,,6.51520000e-008,-1.07187498e-002
,,,6.51560000e-008,-5.09375008e-003
,,,6.51600000e-008,-8.78124963e-003
,,,6.51640000e-008,-8.15625023e-003
,,,6.51680000e-008,-4.00000019e-003
,,,6.51720000e-008,3.78125021e-003
,,,6.51760000e-008,1.96875003e-003
,,,6.51800000e-008,-4.00000019e-003
,,,6.51840000e-008,-4.65625012e-003
,,,6.51880000e-008,1.37500011e-003
,,,6.51920000e-008,-8.34374968e-003
,,,6.51960000e-008,-8.31250008e-003
,,,6.52000000e-008,-8.15625023e-003
,,,6.52040000e-008,-1.03125004e-002
,,,6.52080000e-008,-4.00000019e-003
,,,6.52120000e-008,2.00000009e-003
,,,6.52160000e-008,2.93750013e-003
,,,6.52200000e-008,3.96875013e-003
,,,6.52240000e-008,4.00000019e-003
,,,6.52280000e-008,-4.00000019e-003
,,,6.52320000e-008,-4.31249989e-003
,,,6.52360000e-008,-1.20000001e-002
,,,6.52400000e-008,-1.20937498e-002
,,,6.52440000e-008,-1.21562500e-002
,,,6.52480000e-008,1.56250098e-004
,,,6.52520000e-008,1.87500089e-004
,,,6.52560000e-008,-5.96874999e-003
,,,6.52600000e-008,-7.49999983e-003
,,,6.52640000e-008,-1.07500004e-002
,,,6.52680000e-008,-5.15625020e-003
,,,6.52720000e-008,-6.71875011e-003
,,,6.52760000e-008,-1.12500004e-002
,,,6.52800000e-008,-6.15624990e-003
,,,6.52840000e-008,7.40625011e-003
,,,6.52880000e-008,-2.43750005e-003
,,,6.52920000e-008,-7.40625011e-003
,,,6.52960000e-008,-1.20000001e-002
,,,6.53000000e-008,-4.00000019e-003
,,,6.53040000e-008,-4.00000019e-003
,,,6.53080000e-008,-4.00000019e-003
,,,6.53120000e-008,9.37500881e-005
,,,6.53160000e-008,1.53125008e-003
,,,6.53200000e-008,4.00000019e-003
,,,6.53240000e-008,4.59375000e-003
,,,6.53280000e-008,3.62500013e-003
,,,6.53320000e-008,-4.00000019e-003
,,,6.53360000e-008,-2.56249984e-003
,,,6.53400000e-008,4.00000019e-003
,,,6.53440000e-008,1.90625014e-003
,,,6.53480000e-008,2.75000022e-003
,,,6.53520000e-008,2.31250003e-003
,,,6.53560000e-008,-5.78125007e-003
,,,6.53600000e-008,-1.20000001e-002
,,,6.53640000e-008,-5.06250001e-003
,,,6.53680000e-008,-3.46875004e-003
,,,6.53720000e-008,1.68750016e-003
,,,6.53760000e-008,-1.87499914e-004
,,,6.53800000e-008,-4.00000019e-003
,,,6.53840000e-008,-3.03124986e-003
,,,6.53880000e-008,3.43750021e-003
,,,6.53920000e-008,4.21875017e-003
,,,6.53960000e-008,7.93750025e-003
,,,6.54000000e-008,4.00000019e-003
,,,6.54040000e-008,-4.00000019e-003
,,,6.54080000e-008,1.46875007e-003
,,,6.54120000e-008,2.28125020e-003
,,,6.54160000e-008,-8.00000038e-003
,,,6.54200000e-008,-1.34375002e-002
,,,6.54240000e-008,-4.34374996e-003
,,,6.54280000e-008,2.21875007e-003
,,,6.54320000e-008,-4.00000019e-003
,,,6.54360000e-008,-9.87500045e-003
,,,6.54400000e-008,-4.59375000e-003
,,,6.54440000e-008,-8.37500021e-003
,,,6.54480000e-008,-1.10312505e-002
,,,6.54520000e-008,-4.53124987e-003
,,,6.54560000e-008,-9.99999978e-003
,,,6.54600000e-008,-4.00000019e-003
,,,6.54640000e-008,-2.28124997e-003
,,,6.54680000e-008,1.34375016e-003
,,,6.54720000e-008,-1.84374989e-003
,,,6.54760000e-008,-4.00000019e-003
,,,6.54800000e-008,-1.65624998e-003
,,,6.54840000e-008,-4.00000019e-003
,,,6.54880000e-008,1.37500011e-003
,,,6.54920000e-008,3.75000015e-003
,,,6.54960000e-008,-7.74999987e-003
,,,6.55000000e-008,-1.60937496e-002
,,,6.55040000e-008,-1.20937498e-002
,,,6.55080000e-008,-1.84374989e-003
,,,6.55120000e-008,1.50000013e-003
,,,6.55160000e-008,-2.34374986e-003
,,,6.55200000e-008,-5.90624986e-003
,,,6.55240000e-008,-6.12499984e-003
,,,6.55280000e-008,-7.12500000e-003
,,,6.55320000e-008,1.25000009e-003
,,,6.55360000e-008,-8.09375010e-003
,,,6.55400000e-008,-7.49999983e-003
,,,6.55440000e-008,2.71875015e-003
,,,6.55480000e-008,1.12500007e-003
,,,6.55520000e-008,4.00000019e-003
,,,6.55560000e-008,-1.34375002e-002
,,,6.55600000e-008,-1.99999996e-002
,,,6.55640000e-008,-1.05312504e-002
,,,6.55680000e-008,-7.93750025e-003
,,,6.55720000e-008,-4.00000019e-003
,,,6.55760000e-008,1.34375016e-003
,,,6.55800000e-008,-8.78124963e-003
,,,6.55840000e-008,-8.68749991e-003
,,,6.55880000e-008,-2.49999994e-003
,,,6.55920000e-008,1.34375016e-003
,,,6.55960000e-008,5.56250010e-003
,,,6.56000000e-008,-4.00000019e-003
,,,6.56040000e-008,-1.40624994e-003
,,,6.56080000e-008,-7.18749943e-004
,,,6.56120000e-008,-4.00000019e-003
,,,6.56160000e-008,-2.28124997e-003
,,,6.56200000e-008,3.15625011e-003
,,,6.56240000e-008,-5.31249912e-004
,,,6.56280000e-008,-4.00000019e-003
,,,6.56320000e-008,-4.00000019e-003
,,,6.56360000e-008,-1.18124997e-002
,,,6.56400000e-008,-7.62500009e-003
,,,6.56440000e-008,1.93750008e-003
,,,6.56480000e-008,-4.00000019e-003
,,,6.56520000e-008,-1.20000001e-002
,,,6.56560000e-008,-9.46875010e-003
,,,6.56600000e-008,-1.99999996e-002
,,,6.56640000e-008,-1.64999999e-002
,,,6.56680000e-008,-4.37499926e-004
,,,6.56720000e-008,1.93750008e-003
,,,6.56760000e-008,5.06250001e-003
,,,6.56800000e-008,8.43750034e-003
,,,6.56840000e-008,-1.21874991e-003
,,,6.56880000e-008,-4.00000019e-003
,,,6.56920000e-008,4.37500101e-004
,,,6.56960000e-008,-9.06249916e-004
,,,6.57000000e-008,-8.37500021e-003
,,,6.57040000e-008,-1.34687498e-002
,,,6.57080000e-008,-1.58124994e-002
,,,6.57120000e-008,-6.37499988e-003
,,,6.57160000e-008,-1.20000001e-002
,,,6.57200000e-008,-1.20000001e-002
,,,6.57240000e-008,-1.26562500e-002
,,,6.57280000e-008,-1.99999996e-002
,,,6.57320000e-008,-1.99062508e-002
,,,6.57360000e-008,-8.43750034e-003
,,,6.57400000e-008,7.18750118e-004
,,,6.57440000e-008,-3.74999916e-004
,,,6.57480000e-008,-3.81250004e-003
,,,6.57520000e-008,-4.74999985e-003
,,,6.57560000e-008,-2.21874984e-003
,,,6.57600000e-008,2.62500020e-003
,,,6.57640000e-008,-2.78125005e-003
,,,6.57680000e-008,-4.00000019e-003
,,,6.57720000e-008,-4.00000019e-003
,,,6.57760000e-008,-1.34374993e-003
,,,6.57800000e-008,6.87500113e-004
,,,6.57840000e-008,-4.68749931e-004
,,,6.57880000e-008,4.00000019e-003
,,,6.57920000e-008,4.00000019e-003
,,,6.57960000e-008,1.84375013e-003
,,,6.58000000e-008,2.40625022e-003
,,,6.58040000e-008,-3.81250004e-003
,,,6.58080000e-008,-3.68750002e-003
,,,6.58120000e-008,-4.00000019e-003
,,,6.58160000e-008,-3.78124998e-003
,,,6.58200000e-008,-3.59375007e-003
,,,6.58240000e-008,3.65625019e-003
,,,6.58280000e-008,1.12500007e-003
,,,6.58320000e-008,7.18750118e-004
,,,6.58360000e-008,-2.34374986e-003
,,,6.58400000e-008,1.50000013e-003
,,,6.58440000e-008,1.56250014e-003
,,,6.58480000e-008,-4.24999977e-003
,,,6.58520000e-008,-4.00000019e-003
,,,6.58560000e-008,-8.24999996e-003
,,,6.58600000e-008,-4.00000019e-003
,,,6.58640000e-008,2.59375013e-003
,,,6.58680000e-008,-6.25000009e-003
,,,6.58720000e-008,-1.20000001e-002
,,,6.58760000e-008,-3.06249992e-003
,,,6.58800000e-008,-4.00000019e-003
,,,6.58840000e-008,-4.00000019e-003
,,,6.58880000e-008,-1.56249909e-004
,,,6.58920000e-008,6.78125024e-003
,,,6.58960000e-008,-2.03124993e-003
,,,6.59000000e-008,-1.51249999e-002
,,,6.59040000e-008,-1.20000001e-002
,,,6.59080000e-008,-9.59375035e-003
,,,6.59120000e-008,-4.00000019e-003
,,,6.59160000e-008,4.00000019e-003
,,,6.59200000e-008,2.62500020e-003
,,,6.59240000e-008,4.00000019e-003
,,,6.59280000e-008,6.25000102e-004
,,,6.59320000e-008,5.31250087e-004
,,,6.59360000e-008,-4.99999907e-004
,,,6.59400000e-008,1.31250010e-003
,,,6.59440000e-008,-6.81249984e-003
,,,6.59480000e-008,-8.37500021e-003
,,,6.59520000e-008,-1.11250002e-002
,,,6.59560000e-008,-1.46874995e-003
,,,6.59600000e-008,3.75000091e-004
,,,6.59640000e-008,-4.00000019e-003
,,,6.59680000e-008,3.25000007e-003
,,,6.59720000e-008,2.15625018e-003
,,,6.59760000e-008,-6.21875003e-003
,,,6.59800000e-008,-4.00000019e-003
,,,6.59840000e-008,2.75000022e-003
,,,6.59880000e-008,3.03125009e-003
,,,6.59920000e-008,-4.00000019e-003
,,,6.59960000e-008,-3.59375007e-003
,,,6.60000000e-008,-5.21874987e-003
,,,6.60040000e-008,-1.99999996e-002
,,,6.60080000e-008,-2.57812496e-002
,,,6.60120000e-008,-1.56250000e-002
,,,6.60160000e-008,-1.58124994e-002
,,,6.60200000e-008,-4.00000019e-003
,,,6.60240000e-008,-4.00000019e-003
,,,6.60280000e-008,4.00000019e-003
,,,6.60320000e-008,-6.71875011e-003
,,,6.60360000e-008,-7.93750025e-003
,,,6.60400000e-008,-4.28124983e-003
,,,6.60440000e-008,-4.00000019e-003
,,,6.60480000e-008,-2.68749986e-003
,,,6.60520000e-008,2.56250007e-003
,,,6.60560000e-008,1.56250014e-003
,,,6.60600000e-008,-4.00000019e-003
,,,6.60640000e-008,-1.66250002e-002
,,,6.60680000e-008,-1.40312500e-002
,,,6.60720000e-008,-1.53124996e-003
,,,6.60760000e-008,3.71875009e-003
,,,6.60800000e-008,1.87500089e-004
,,,6.60840000e-008,1.68750016e-003
,,,6.60880000e-008,6.34375028e-003
,,,6.60920000e-008,4.00000019e-003
,,,6.60960000e-008,3.78125021e-003
,,,6.61000000e-008,-2.68749986e-003
,,,6.61040000e-008,-9.75000020e-003
,,,6.61080000e-008,-1.38437506e-002
,,,6.61120000e-008,-1.49375005e-002
,,,6.61160000e-008,-4.46875021e-003
,,,6.61200000e-008,-4.00000019e-003
,,,6.61240000e-008,-4.59375000e-003
,,,6.61280000e-008,-7.78124994e-003
,,,6.61320000e-008,-4.00000019e-003
,,,6.61360000e-008,-8.74999911e-004
,,,6.61400000e-008,2.96875020e-003
,,,6.61440000e-008,2.68750009e-003
,,,6.61480000e-008,-5.62500022e-003
,,,6.61520000e-008,-2.56249984e-003
,,,6.61560000e-008,4.00000019e-003
,,,6.61600000e-008,1.25000009e-003
,,,6.61640000e-008,-4.46875021e-003
,,,6.61680000e-008,-4.00000019e-003
,,,6.61720000e-008,-1.20000001e-002
,,,6.61760000e-008,-1.20625002e-002
,,,6.61800000e-008,-1.20000001e-002
,,,6.61840000e-008,-9.37500037e-003
,,,6.61880000e-008,-4.00000019e-003
,,,6.61920000e-008,-4.00000019e-003
,,,6.61960000e-008,4.37500101e-004
,,,6.62000000e-008,3.31250019e-003
,,,6.62040000e-008,-3.43749911e-004
,,,6.62080000e-008,-2.87500001e-003
,,,6.62120000e-008,-4.09374991e-003
,,,6.62160000e-008,-4.00000019e-003
,,,6.62200000e-008,2.50000018e-003
,,,6.62240000e-008,-1.12499995e-003
,,,6.62280000e-008,-3.18749994e-003
,,,6.62320000e-008,-4.00000019e-003
,,,6.62360000e-008,4.00000019e-003
,,,6.62400000e-008,4.00000019e-003
,,,6.62440000e-008,3.12500080e-004
,,,6.62480000e-008,-4.37499926e-004
,,,6.62520000e-008,-4.31249989e-003
,,,6.62560000e-008,-6.87499996e-003
,,,6.62600000e-008,-4.00000019e-003
,,,6.62640000e-008,-6.09374978e-003
,,,6.62680000e-008,-6.43750001e-003
,,,6.62720000e-008,-7.18749943e-004
,,,6.62760000e-008,-3.46875004e-003
,,,6.62800000e-008,-4.00000019e-003
,,,6.62840000e-008,-6.24999928e-004
,,,6.62880000e-008,5.31250087e-004
,,,6.62920000e-008,-4.15625004e-003
,,,6.62960000e-008,-1.31249998e-003
,,,6.63000000e-008,1.87500007e-003
,,,6.63040000e-008,-2.24999990e-003
,,,6.63080000e-008,6.25000903e-005
,,,6.63120000e-008,-4.00000019e-003
,,,6.63160000e-008,-3.31249996e-003
,,,6.63200000e-008,2.68750009e-003
,,,6.63240000e-008,-1.37499988e-003
,,,6.63280000e-008,-1.43749989e-003
,,,6.63320000e-008,-1.93749997e-003
,,,6.63360000e-008,-3.03124986e-003
,,,6.63400000e-008,-3.03124986e-003
,,,6.63440000e-008,1.37500011e-003
,,,6.63480000e-008,-4.00000019e-003
,,,6.63520000e-008,-3.56250000e-003
,,,6.63560000e-008,-9.68749926e-004
,,,6.63600000e-008,3.43750085e-004
,,,6.63640000e-008,-4.00000019e-003
,,,6.63680000e-008,-1.21250004e-002
,,,6.63720000e-008,-1.34062497e-002
,,,6.63760000e-008,-4.00000019e-003
,,,6.63800000e-008,-9.81250033e-003
,,,6.63840000e-008,-1.20000001e-002
,,,6.63880000e-008,-1.12499995e-003
,,,6.63920000e-008,-1.20000001e-002
,,,6.63960000e-008,-1.45624997e-002
,,,6.64000000e-008,-4.00000019e-003
,,,6.64040000e-008,4.00000019e-003
,,,6.64080000e-008,-8.81250016e-003
,,,6.64120000e-008,-1.20000001e-002
,,,6.64160000e-008,-1.05937505e-002
,,,6.64200000e-008,-4.00000019e-003
,,,6.64240000e-008,6.62500039e-003
,,,6.64280000e-008,5.25000039e-003
,,,6.64320000e-008,4.00000019e-003
,,,6.64360000e-008,4.62500006e-003
,,,6.64400000e-008,-4.00000019e-003
,,,6.64440000e-008,-4.00000019e-003
,,,6.64480000e-008,-2.28124997e-003
,,,6.64520000e-008,-1.68749993e-003
,,,6.64560000e-008,-1.56249909e-004
,,,6.64600000e-008,-1.20000001e-002
,,,6.64640000e-008,-9.87500045e-003
,,,6.64680000e-008,-1.26562500e-002
,,,6.64720000e-008,-6.25000009e-003
,,,6.64760000e-008,-2.53125001e-003
,,,6.64800000e-008,-4.00000019e-003
,,,6.64840000e-008,-4.00000019e-003
,,,6.64880000e-008,2.18750094e-004
,,,6.64920000e-008,8.75000085e-004
,,,6.64960000e-008,-3.00000003e-003
,,,6.65000000e-008,-4.93749976e-003
,,,6.65040000e-008,6.25000903e-005
,,,6.65080000e-008,-8.24999996e-003
,,,6.65120000e-008,-5.53125003e-003
,,,6.65160000e-008,-1.54687501e-002
,,,6.65200000e-008,-1.20000001e-002
,,,6.65240000e-008,-2.18750001e-003
,,,6.65280000e-008,-1.87499996e-003
,,,6.65320000e-008,-4.00000019e-003
,,,6.65360000e-008,-6.25000009e-003
,,,6.65400000e-008,-4.00000019e-003
,,,6.65440000e-008,-8.12499900e-004
,,,6.65480000e-008,-5.93749923e-004
,,,6.65520000e-008,2.06250022e-003
,,,6.65560000e-008,-4.40625008e-003
,,,6.65600000e-008,-1.46562504e-002
,,,6.65640000e-008,-1.05312504e-002
,,,6.65680000e-008,-1.25312498e-002
,,,6.65720000e-008,-4.99999989e-003
,,,6.65760000e-008,-2.15624995e-003
,,,6.65800000e-008,-4.00000019e-003
,,,6.65840000e-008,-1.49375005e-002
,,,6.65880000e-008,-1.10625001e-002
,,,6.65920000e-008,-5.93749993e-003
,,,6.65960000e-008,-6.56249933e-004
,,,6.66000000e-008,-4.03124979e-003
,,,6.66040000e-008,-4.00000019e-003
,,,6.66080000e-008,-1.09999999e-002
,,,6.66120000e-008,-1.50312502e-002
,,,6.66160000e-008,-4.00000019e-003
,,,6.66200000e-008,-4.00000019e-003
,,,6.66240000e-008,-3.31249996e-003
,,,6.66280000e-008,-4.00000019e-003
,,,6.66320000e-008,-9.90625005e-003
,,,6.66360000e-008,-3.65624996e-003
,,,6.66400000e-008,-4.00000019e-003
,,,6.66440000e-008,-2.78125005e-003
,,,6.66480000e-008,-4.00000019e-003
,,,6.66520000e-008,-6.53125020e-003
,,,6.66560000e-008,-9.21874959e-003
,,,6.66600000e-008,-4.00000019e-003
,,,6.66640000e-008,-1.24999919e-004
,,,6.66680000e-008,-5.96874999e-003
,,,6.66720000e-008,-9.71874967e-003
,,,6.66760000e-008,-1.20000001e-002
,,,6.66800000e-008,-1.40937502e-002
,,,6.66840000e-008,-1.79375000e-002
,,,6.66880000e-008,-8.65625031e-003
,,,6.66920000e-008,-4.00000019e-003
,,,6.66960000e-008,4.68750106e-004
,,,6.67000000e-008,3.68750026e-003
,,,6.67040000e-008,-4.00000019e-003
,,,6.67080000e-008,-4.71874978e-003
,,,6.67120000e-008,-4.00000019e-003
,,,6.67160000e-008,-8.56249966e-003
,,,6.67200000e-008,-6.03125012e-003
,,,6.67240000e-008,-5.56250010e-003
,,,6.67280000e-008,-4.00000019e-003
,,,6.67320000e-008,4.00000019e-003
,,,6.67360000e-008,1.43750012e-003
,,,6.67400000e-008,-4.00000019e-003
,,,6.67440000e-008,-1.53124996e-003
,,,6.67480000e-008,4.00000019e-003
,,,6.67520000e-008,2.50000099e-004
,,,6.67560000e-008,-4.65625012e-003
,,,6.67600000e-008,-4.00000019e-003
,,,6.67640000e-008,-2.81249988e-003
,,,6.67680000e-008,-8.74999911e-004
,,,6.67720000e-008,4.00000019e-003
,,,6.67760000e-008,4.00000019e-003
,,,6.67800000e-008,8.43750080e-004
,,,6.67840000e-008,-2.37499992e-003
,,,6.67880000e-008,9.37500095e-004
,,,6.67920000e-008,-9.75000020e-003
,,,6.67960000e-008,-9.96875018e-003
,,,6.68000000e-008,5.00000082e-004
,,,6.68040000e-008,3.81250004e-003
,,,6.68080000e-008,-1.15624990e-003
,,,6.68120000e-008,-8.56249966e-003
,,,6.68160000e-008,-4.49999981e-003
,,,6.68200000e-008,2.90625007e-003
,,,6.68240000e-008,-3.96875013e-003
,,,6.68280000e-008,-4.96874982e-003
,,,6.68320000e-008,4.00000019e-003
,,,6.68360000e-008,-3.74999916e-004
,,,6.68400000e-008,-4.00000019e-003
,,,6.68440000e-008,-4.00000019e-003
,,,6.68480000e-008,-4.00000019e-003
,,,6.68520000e-008,-1.56250000e-002
,,,6.68560000e-008,-1.46875000e-002
,,,6.68600000e-008,-4.00000019e-003
,,,6.68640000e-008,-4.00000019e-003
,,,6.68680000e-008,-1.32812504e-002
,,,6.68720000e-008,-8.28125048e-003
,,,6.68760000e-008,-3.31249996e-003
,,,6.68800000e-008,-6.87499938e-004
,,,6.68840000e-008,-8.74999911e-004
,,,6.68880000e-008,-4.43750015e-003
,,,6.68920000e-008,-4.00000019e-003
,,,6.68960000e-008,3.75000091e-004
,,,6.69000000e-008,1.09375012e-003
,,,6.69040000e-008,2.81250104e-004
,,,6.69080000e-008,7.18750118e-004
,,,6.69120000e-008,-6.87499938e-004
,,,6.69160000e-008,-7.43750017e-003
,,,6.69200000e-008,-1.20000001e-002
,,,6.69240000e-008,-1.51875000e-002
,,,6.69280000e-008,-5.78125007e-003
,,,6.69320000e-008,-2.21874984e-003
,,,6.69360000e-008,-2.46874988e-003
,,,6.69400000e-008,-4.00000019e-003
,,,6.69440000e-008,-1.07812500e-002
,,,6.69480000e-008,-4.68750019e-003
,,,6.69520000e-008,-3.40624992e-003
,,,6.69560000e-008,-4.00000019e-003
,,,6.69600000e-008,-7.65625015e-003
,,,6.69640000e-008,-7.49999983e-003
,,,6.69680000e-008,-6.03125012e-003
,,,6.69720000e-008,-8.28125048e-003
,,,6.69760000e-008,-4.00000019e-003
,,,6.69800000e-008,-4.00000019e-003
,,,6.69840000e-008,-8.59375019e-003
,,,6.69880000e-008,3.12500888e-005
,,,6.69920000e-008,-4.00000019e-003
,,,6.69960000e-008,1.06250006e-003
,,,6.70000000e-008,2.81250104e-004
,,,6.70040000e-008,-4.00000019e-003
,,,6.70080000e-008,-6.37499988e-003
,,,6.70120000e-008,-3.49999988e-003
,,,6.70160000e-008,-4.93749976e-003
,,,6.70200000e-008,-1.20000001e-002
,,,6.70240000e-008,-8.28125048e-003
,,,6.70280000e-008,-5.31250006e-003
,,,6.70320000e-008,-4.00000019e-003
,,,6.70360000e-008,-1.24999997e-003
,,,6.70400000e-008,-4.00000019e-003
,,,6.70440000e-008,-1.20000001e-002
,,,6.70480000e-008,-7.28124985e-003
,,,6.70520000e-008,-4.00000019e-003
,,,6.70560000e-008,1.56250014e-003
,,,6.70600000e-008,-7.81249895e-004
,,,6.70640000e-008,-5.37500018e-003
,,,6.70680000e-008,-1.26562500e-002
,,,6.70720000e-008,-9.06249974e-003
,,,6.70760000e-008,4.65625012e-003
,,,6.70800000e-008,4.37500101e-004
,,,6.70840000e-008,-3.12500005e-003
,,,6.70880000e-008,5.62500092e-004
,,,6.70920000e-008,2.34375009e-003
,,,6.70960000e-008,-4.00000019e-003
,,,6.71000000e-008,-1.20000001e-002
,,,6.71040000e-008,-1.30312499e-002
,,,6.71080000e-008,-5.71874995e-003
,,,6.71120000e-008,-9.68750007e-003
,,,6.71160000e-008,-1.24062505e-002
,,,6.71200000e-008,-1.20000001e-002
,,,6.71240000e-008,-1.09687503e-002
,,,6.71280000e-008,-4.00000019e-003
,,,6.71320000e-008,-6.43750001e-003
,,,6.71360000e-008,1.18750008e-003
,,,6.71400000e-008,-4.00000019e-003
,,,6.71440000e-008,-4.59375000e-003
,,,6.71480000e-008,-4.00000019e-003
,,,6.71520000e-008,-5.31250006e-003
,,,6.71560000e-008,3.31250019e-003
,,,6.71600000e-008,-2.62499996e-003
,,,6.71640000e-008,-4.00000019e-003
,,,6.71680000e-008,-6.18749997e-003
,,,6.71720000e-008,-1.06249994e-003
,,,6.71760000e-008,-3.43749911e-004
,,,6.71800000e-008,-4.00000019e-003
,,,6.71840000e-008,-4.37499926e-004
,,,6.71880000e-008,-4.68749931e-004
,,,6.71920000e-008,2.71875015e-003
,,,6.71960000e-008,-5.03124995e-003
,,,6.72000000e-008,-4.81249997e-003
,,,6.72040000e-008,4.00000019e-003
,,,6.72080000e-008,6.25000903e-005
,,,6.72120000e-008,-4.00000019e-003
,,,6.72160000e-008,-8.62499978e-003
,,,6.72200000e-008,-6.09374978e-003
,,,6.72240000e-008,7.81250128e-004
,,,6.72280000e-008,1.21875014e-003
,,,6.72320000e-008,-2.18749919e-004
,,,6.72360000e-008,4.00000019e-003
,,,6.72400000e-008,6.25000903e-005
,,,6.72440000e-008,-4.00000019e-003
,,,6.72480000e-008,-7.40625011e-003
,,,6.72520000e-008,-3.40624992e-003
,,,6.72560000e-008,-7.59375002e-003
,,,6.72600000e-008,-3.62499990e-003
,,,6.72640000e-008,-9.06249974e-003
,,,6.72680000e-008,-4.00000019e-003
,,,6.72720000e-008,-4.99999989e-003
,,,6.72760000e-008,-7.37500004e-003
,,,6.72800000e-008,1.53125008e-003
,,,6.72840000e-008,3.81250004e-003
,,,6.72880000e-008,-4.00000019e-003
,,,6.72920000e-008,-1.24999919e-004
,,,6.72960000e-008,-1.12499995e-003
,,,6.73000000e-008,-4.00000019e-003
,,,6.73040000e-008,3.37500009e-003
,,,6.73080000e-008,-9.37499135e-005
,,,6.73120000e-008,-2.87500001e-003
,,,6.73160000e-008,1.65625010e-003
,,,6.73200000e-008,-4.00000019e-003
,,,6.73240000e-008,-9.59375035e-003
,,,6.73280000e-008,-7.00000022e-003
,,,6.73320000e-008,-1.20000001e-002
,,,6.73360000e-008,-1.35937501e-002
,,,6.73400000e-008,-4.00000019e-003
,,,6.73440000e-008,6.87500113e-004
,,,6.73480000e-008,4.00000019e-003
,,,6.73520000e-008,4.00000019e-003
,,,6.73560000e-008,-4.00000019e-003
,,,6.73600000e-008,-6.15624990e-003
,,,6.73640000e-008,-4.00000019e-003
,,,6.73680000e-008,-4.00000019e-003
,,,6.73720000e-008,-4.37499926e-004
,,,6.73760000e-008,-9.37499135e-005
,,,6.73800000e-008,3.46875004e-003
,,,6.73840000e-008,-4.00000019e-003
,,,6.73880000e-008,-7.53124990e-003
,,,6.73920000e-008,-4.00000019e-003
,,,6.73960000e-008,-4.65625012e-003
,,,6.74000000e-008,-1.04687503e-002
,,,6.74040000e-008,-1.21562500e-002
,,,6.74080000e-008,-4.15625004e-003
,,,6.74120000e-008,-6.43750001e-003
,,,6.74160000e-008,-4.00000019e-003
,,,6.74200000e-008,-4.00000019e-003
,,,6.74240000e-008,-8.62499978e-003
,,,6.74280000e-008,-1.15624990e-003
,,,6.74320000e-008,-4.18750010e-003
,,,6.74360000e-008,-3.40624992e-003
,,,6.74400000e-008,-9.56249982e-003
,,,6.74440000e-008,-1.20000001e-002
,,,6.74480000e-008,-1.20000001e-002
,,,6.74520000e-008,-9.15625039e-003
,,,6.74560000e-008,-5.81250014e-003
,,,6.74600000e-008,-1.20000001e-002
,,,6.74640000e-008,-1.20000001e-002
,,,6.74680000e-008,-1.31874997e-002
,,,6.74720000e-008,-1.82187501e-002
,,,6.74760000e-008,-1.99999996e-002
,,,6.74800000e-008,-6.15624990e-003
,,,6.74840000e-008,2.84375018e-003
,,,6.74880000e-008,-1.20000001e-002
,,,6.74920000e-008,-1.86250005e-002
,,,6.74960000e-008,-1.40937502e-002
,,,6.75000000e-008,-1.51249999e-002
,,,6.75040000e-008,-1.99999996e-002
,,,6.75080000e-008,-1.01562496e-002
,,,6.75120000e-008,-3.06249992e-003
,,,6.75160000e-008,2.25000014e-003
,,,6.75200000e-008,3.03125009e-003
,,,6.75240000e-008,2.50000099e-004
,,,6.75280000e-008,-5.62499918e-004
,,,6.75320000e-008,4.00000019e-003
,,,6.75360000e-008,-1.04374997e-002
,,,6.75400000e-008,-2.15312503e-002
,,,6.75440000e-008,-1.91562511e-002
,,,6.75480000e-008,-1.37187503e-002
,,,6.75520000e-008,-1.20000001e-002
,,,6.75560000e-008,-4.03124979e-003
,,,6.75600000e-008,-7.59375002e-003
,,,6.75640000e-008,-4.78124991e-003
,,,6.75680000e-008,-4.00000019e-003
,,,6.75720000e-008,-5.31249912e-004
,,,6.75760000e-008,-4.71874978e-003
,,,6.75800000e-008,-3.74999916e-004
,,,6.75840000e-008,-2.65625003e-003
,,,6.75880000e-008,-4.00000019e-003
,,,6.75920000e-008,-5.09375008e-003
,,,6.75960000e-008,-8.18749983e-003
,,,6.76000000e-008,-1.20000001e-002
,,,6.76040000e-008,-2.24999990e-003
,,,6.76080000e-008,-4.31249989e-003
,,,6.76120000e-008,4.00000019e-003
,,,6.76160000e-008,-4.28124983e-003
,,,6.76200000e-008,-1.29687497e-002
,,,6.76240000e-008,-1.20000001e-002
,,,6.76280000e-008,-1.20000001e-002
,,,6.76320000e-008,-1.38125001e-002
,,,6.76360000e-008,-4.90625016e-003
,,,6.76400000e-008,-2.62499996e-003
,,,6.76440000e-008,-4.00000019e-003
,,,6.76480000e-008,-8.34374968e-003
,,,6.76520000e-008,-4.00000019e-003
,,,6.76560000e-008,1.15625013e-003
,,,6.76600000e-008,-3.15624988e-003
,,,6.76640000e-008,-6.65624999e-003
,,,6.76680000e-008,-4.00000019e-003
,,,6.76720000e-008,-4.03124979e-003
,,,6.76760000e-008,-2.81249901e-004
,,,6.76800000e-008,-3.46875004e-003
,,,6.76840000e-008,-7.49999983e-003
,,,6.76880000e-008,-1.33750001e-002
,,,6.76920000e-008,-1.20000001e-002
,,,6.76960000e-008,-3.53124994e-003
,,,6.77000000e-008,-4.00000019e-003
,,,6.77040000e-008,-4.00000019e-003
,,,6.77080000e-008,-1.45937502e-002
,,,6.77120000e-008,-1.65312495e-002
,,,6.77160000e-008,-7.12500000e-003
,,,6.77200000e-008,-8.18749983e-003
,,,6.77240000e-008,-1.53750004e-002
,,,6.77280000e-008,-1.20000001e-002
,,,6.77320000e-008,-3.87499994e-003
,,,6.77360000e-008,2.03125016e-003
,,,6.77400000e-008,-3.90625000e-003
,,,6.77440000e-008,-4.03124979e-003
,,,6.77480000e-008,-6.65624999e-003
,,,6.77520000e-008,-3.93750006e-003
,,,6.77560000e-008,1.87500089e-004
,,,6.77600000e-008,-7.81249895e-004
,,,6.77640000e-008,-5.87499980e-003
,,,6.77680000e-008,-4.06249985e-003
,,,6.77720000e-008,-9.49999969e-003
,,,6.77760000e-008,-1.27812503e-002
,,,6.77800000e-008,-1.07812500e-002
,,,6.77840000e-008,-4.00000019e-003
,,,6.77880000e-008,2.50000099e-004
,,,6.77920000e-008,-1.53124996e-003
,,,6.77960000e-008,-9.93749965e-003
,,,6.78000000e-008,-4.78124991e-003
,,,6.78040000e-008,-4.00000019e-003
,,,6.78080000e-008,-6.06250018e-003
,,,6.78120000e-008,-6.21875003e-003
,,,6.78160000e-008,-9.68750007e-003
,,,6.78200000e-008,-4.00000019e-003
,,,6.78240000e-008,-1.71874999e-003
,,,6.78280000e-008,3.75000015e-003
,,,6.78320000e-008,-2.37499992e-003
,,,6.78360000e-008,-6.06250018e-003
,,,6.78400000e-008,-1.10625001e-002
,,,6.78440000e-008,-4.53124987e-003
,,,6.78480000e-008,-4.00000019e-003
,,,6.78520000e-008,-1.56249909e-004
,,,6.78560000e-008,2.50000018e-003
,,,6.78600000e-008,-7.12500000e-003
,,,6.78640000e-008,-7.43750017e-003
,,,6.78680000e-008,-4.00000019e-003
,,,6.78720000e-008,-3.15624988e-003
,,,6.78760000e-008,-5.78125007e-003
,,,6.78800000e-008,-7.31249992e-003
,,,6.78840000e-008,-1.09374998e-002
,,,6.78880000e-008,-4.90625016e-003
,,,6.78920000e-008,-8.74999911e-004
,,,6.78960000e-008,-1.87499996e-003
,,,6.79000000e-008,-7.59375002e-003
,,,6.79040000e-008,-1.20000001e-002
,,,6.79080000e-008,-8.09375010e-003
,,,6.79120000e-008,-1.20000001e-002
,,,6.79160000e-008,-1.12812500e-002
,,,6.79200000e-008,2.03125016e-003
,,,6.79240000e-008,2.03125016e-003
,,,6.79280000e-008,-4.09374991e-003
,,,6.79320000e-008,-4.00000019e-003
,,,6.79360000e-008,-4.53124987e-003
,,,6.79400000e-008,-2.40624999e-003
,,,6.79440000e-008,-7.49999948e-004
,,,6.79480000e-008,-9.68749926e-004
,,,6.79520000e-008,3.03125009e-003
,,,6.79560000e-008,1.56250098e-004
,,,6.79600000e-008,-1.24999997e-003
,,,6.79640000e-008,-1.03124988e-003
,,,6.79680000e-008,-4.00000019e-003
,,,6.79720000e-008,-8.96875001e-003
,,,6.79760000e-008,-1.23749999e-002
,,,6.79800000e-008,-1.99999996e-002
,,,6.79840000e-008,-1.32812504e-002
,,,6.79880000e-008,-1.20000001e-002
,,,6.79920000e-008,-6.21875003e-003
,,,6.79960000e-008,-1.62499992e-003
,,,6.80000000e-008,4.00000019e-003
,,,6.80040000e-008,1.46875007e-003
,,,6.80080000e-008,-5.62499918e-004
,,,6.80120000e-008,-4.31249989e-003
,,,6.80160000e-008,-5.84375020e-003
,,,6.80200000e-008,-4.00000019e-003
,,,6.80240000e-008,-3.12500005e-003
,,,6.80280000e-008,-1.07812500e-002
,,,6.80320000e-008,-7.28124985e-003
,,,6.80360000e-008,-1.18437503e-002
,,,6.80400000e-008,-4.00000019e-003
,,,6.80440000e-008,-7.09374994e-003
,,,6.80480000e-008,-1.99999996e-002
,,,6.80520000e-008,-1.74687505e-002
,,,6.80560000e-008,-1.42187504e-002
,,,6.80600000e-008,-8.15625023e-003
,,,6.80640000e-008,-4.00000019e-003
,,,6.80680000e-008,-9.09375027e-003
,,,6.80720000e-008,-4.00000019e-003
,,,6.80760000e-008,-6.65624999e-003
,,,6.80800000e-008,-4.00000019e-003
,,,6.80840000e-008,-4.00000019e-003
,,,6.80880000e-008,-8.59375019e-003
,,,6.80920000e-008,-1.53124996e-003
,,,6.80960000e-008,-8.03124998e-003
,,,6.81000000e-008,-1.20000001e-002
,,,6.81040000e-008,-4.59375000e-003
,,,6.81080000e-008,-1.50312502e-002
,,,6.81120000e-008,-1.20000001e-002
,,,6.81160000e-008,-4.93749976e-003
,,,6.81200000e-008,6.87500113e-004
,,,6.81240000e-008,-4.00000019e-003
,,,6.81280000e-008,-5.49999997e-003
,,,6.81320000e-008,3.65625019e-003
,,,6.81360000e-008,1.81250006e-003
,,,6.81400000e-008,2.03125016e-003
,,,6.81440000e-008,4.37500101e-004
,,,6.81480000e-008,-4.00000019e-003
,,,6.81520000e-008,-4.00000019e-003
,,,6.81560000e-008,-4.00000019e-003
,,,6.81600000e-008,-9.31250025e-003
,,,6.81640000e-008,-1.73437502e-002
,,,6.81680000e-008,-1.55937504e-002
,,,6.81720000e-008,-4.00000019e-003
,,,6.81760000e-008,-4.49999981e-003
,,,6.81800000e-008,-4.00000019e-003
,,,6.81840000e-008,-4.00000019e-003
,,,6.81880000e-008,-4.62500006e-003
,,,6.81920000e-008,-4.00000019e-003
,,,6.81960000e-008,1.56250014e-003
,,,6.82000000e-008,-4.00000019e-003
,,,6.82040000e-008,-1.20000001e-002
,,,6.82080000e-008,-1.16562499e-002
,,,6.82120000e-008,-5.87499980e-003
,,,6.82160000e-008,-6.96875015e-003
,,,6.82200000e-008,-7.49999983e-003
,,,6.82240000e-008,-4.40625008e-003
,,,6.82280000e-008,-2.78125005e-003
,,,6.82320000e-008,4.00000019e-003
,,,6.82360000e-008,1.96875003e-003
,,,6.82400000e-008,-4.00000019e-003
,,,6.82440000e-008,-4.00000019e-003
,,,6.82480000e-008,-4.00000019e-003
,,,6.82520000e-008,-6.18749997e-003
,,,6.82560000e-008,-2.84374994e-003
,,,6.82600000e-008,-9.15625039e-003
,,,6.82640000e-008,-1.20000001e-002
,,,6.82680000e-008,-1.20000001e-002
,,,6.82720000e-008,-1.57500003e-002
,,,6.82760000e-008,-1.27499998e-002
,,,6.82800000e-008,-6.68750005e-003
,,,6.82840000e-008,-6.84374990e-003
,,,6.82880000e-008,-7.62500009e-003
,,,6.82920000e-008,-1.99999996e-002
,,,6.82960000e-008,-1.81562509e-002
,,,6.83000000e-008,-4.62500006e-003
,,,6.83040000e-008,-9.34374984e-003
,,,6.83080000e-008,-4.00000019e-003
,,,6.83120000e-008,-4.56249993e-003
,,,6.83160000e-008,-6.78125024e-003
,,,6.83200000e-008,-5.81250014e-003
,,,6.83240000e-008,-7.93750025e-003
,,,6.83280000e-008,-1.20000001e-002
,,,6.83320000e-008,-2.18749919e-004
,,,6.83360000e-008,-2.15624995e-003
,,,6.83400000e-008,-4.00000019e-003
,,,6.83440000e-008,-4.09374991e-003
,,,6.83480000e-008,-3.43749998e-003
,,,6.83520000e-008,-7.90624972e-003
,,,6.83560000e-008,-1.37499999e-002
,,,6.83600000e-008,-1.20000001e-002
,,,6.83640000e-008,-8.74999911e-004
,,,6.83680000e-008,-4.00000019e-003
,,,6.83720000e-008,-4.00000019e-003
,,,6.83760000e-008,-1.14687504e-002
,,,6.83800000e-008,-1.20000001e-002
,,,6.83840000e-008,-1.20000001e-002
,,,6.83880000e-008,-6.87499996e-003
,,,6.83920000e-008,-1.15000000e-002
,,,6.83960000e-008,-7.87500013e-003
,,,6.84000000e-008,-4.00000019e-003
,,,6.84040000e-008,-4.00000019e-003
,,,6.84080000e-008,-9.40624997e-003
,,,6.84120000e-008,-4.00000019e-003
,,,6.84160000e-008,-2.46874988e-003
,,,6.84200000e-008,-5.84375020e-003
,,,6.84240000e-008,-8.12499970e-003
,,,6.84280000e-008,-6.71875011e-003
,,,6.84320000e-008,-3.87499994e-003
,,,6.84360000e-008,-8.75000004e-003
,,,6.84400000e-008,-4.00000019e-003
,,,6.84440000e-008,-4.00000019e-003
,,,6.84480000e-008,-4.00000019e-003
,,,6.84520000e-008,-2.84374994e-003
,,,6.84560000e-008,-4.00000019e-003
,,,6.84600000e-008,-4.00000019e-003
,,,6.84640000e-008,6.56250108e-004
,,,6.84680000e-008,-6.25000009e-003
,,,6.84720000e-008,-4.00000019e-003
,,,6.84760000e-008,-2.15624995e-003
,,,6.84800000e-008,-8.71875044e-003
,,,6.84840000e-008,-1.03749996e-002
,,,6.84880000e-008,-3.06249992e-003
,,,6.84920000e-008,4.00000019e-003
,,,6.84960000e-008,-3.62499990e-003
,,,6.85000000e-008,-4.62500006e-003
,,,6.85040000e-008,-6.56249980e-003
,,,6.85080000e-008,-6.25000009e-003
,,,6.85120000e-008,-4.00000019e-003
,,,6.85160000e-008,-9.68749926e-004
,,,6.85200000e-008,-4.00000019e-003
,,,6.85240000e-008,1.46875007e-003
,,,6.85280000e-008,-4.00000019e-003
,,,6.85320000e-008,-3.59375007e-003
,,,6.85360000e-008,-4.00000019e-003
,,,6.85400000e-008,7.50000123e-004
,,,6.85440000e-008,7.81250128e-004
,,,6.85480000e-008,-2.46874988e-003
,,,6.85520000e-008,2.06250022e-003
,,,6.85560000e-008,-2.59374990e-003
,,,6.85600000e-008,-4.00000019e-003
,,,6.85640000e-008,5.31250087e-004
,,,6.85680000e-008,-1.63437501e-002
,,,6.85720000e-008,-1.99999996e-002
,,,6.85760000e-008,-8.28125048e-003
,,,6.85800000e-008,-3.12499105e-005
,,,6.85840000e-008,-4.00000019e-003
,,,6.85880000e-008,-7.24999979e-003
,,,6.85920000e-008,2.81250104e-004
,,,6.85960000e-008,-5.34375012e-003
,,,6.86000000e-008,-4.59375000e-003
,,,6.86040000e-008,-3.31249996e-003
,,,6.86080000e-008,4.68750106e-004
,,,6.86120000e-008,-5.90624986e-003
,,,6.86160000e-008,-5.59375016e-003
,,,6.86200000e-008,-6.81249984e-003
,,,6.86240000e-008,-9.15625039e-003
,,,6.86280000e-008,-1.04999999e-002
,,,6.86320000e-008,-4.96874982e-003
,,,6.86360000e-008,-8.50000046e-003
,,,6.86400000e-008,-1.20000001e-002
,,,6.86440000e-008,-4.00000019e-003
,,,6.86480000e-008,1.12500007e-003
,,,6.86520000e-008,-4.00000019e-003
,,,6.86560000e-008,-2.24999990e-003
,,,6.86600000e-008,-1.18749996e-003
,,,6.86640000e-008,-4.49999981e-003
,,,6.86680000e-008,-1.20000001e-002
,,,6.86720000e-008,-8.12499970e-003
,,,6.86760000e-008,-6.31250022e-003
,,,6.86800000e-008,-1.17812501e-002
,,,6.86840000e-008,-1.20000001e-002
,,,6.86880000e-008,-4.00000019e-003
,,,6.86920000e-008,-1.20000001e-002
,,,6.86960000e-008,-1.62187498e-002
,,,6.87000000e-008,-1.62812509e-002
,,,6.87040000e-008,-4.00000019e-003
,,,6.87080000e-008,-5.09375008e-003
,,,6.87120000e-008,-8.31250008e-003
,,,6.87160000e-008,-4.31249989e-003
,,,6.87200000e-008,-9.06249916e-004
,,,6.87240000e-008,-4.00000019e-003
,,,6.87280000e-008,-3.87499994e-003
,,,6.87320000e-008,-1.02500003e-002
,,,6.87360000e-008,-8.50000046e-003
,,,6.87400000e-008,-6.18749997e-003
,,,6.87440000e-008,-1.36249997e-002
,,,6.87480000e-008,-9.37500037e-003
,,,6.87520000e-008,2.50000099e-004
,,,6.87560000e-008,2.18750094e-004
,,,6.87600000e-008,-4.00000019e-003
,,,6.87640000e-008,-2.84374994e-003
,,,6.87680000e-008,2.50000018e-003
,,,6.87720000e-008,-4.00000019e-003
,,,6.87760000e-008,-3.90625000e-003
,,,6.87800000e-008,-1.93749997e-003
,,,6.87840000e-008,-4.00000019e-003
,,,6.87880000e-008,-4.00000019e-003
,,,6.87920000e-008,-4.00000019e-003
,,,6.87960000e-008,-7.31249992e-003
,,,6.88000000e-008,-5.65624982e-003
,,,6.88040000e-008,-9.87500045e-003
,,,6.88080000e-008,-6.65624999e-003
,,,6.88120000e-008,-5.46874991e-003
,,,6.88160000e-008,-5.15625020e-003
,,,6.88200000e-008,-7.09374994e-003
,,,6.88240000e-008,-6.59374986e-003
,,,6.88280000e-008,-4.00000019e-003
,,,6.88320000e-008,-5.37500018e-003
,,,6.88360000e-008,-3.49999988e-003
,,,6.88400000e-008,-3.96875013e-003
,,,6.88440000e-008,-2.59374990e-003
,,,6.88480000e-008,-1.96875003e-003
,,,6.88520000e-008,-1.37499988e-003
,,,6.88560000e-008,-7.49999948e-004
,,,6.88600000e-008,-4.06249985e-003
,,,6.88640000e-008,-6.62499992e-003
,,,6.88680000e-008,-1.48125002e-002
,,,6.88720000e-008,-1.20000001e-002
,,,6.88760000e-008,-6.00000005e-003
,,,6.88800000e-008,-4.00000019e-003
,,,6.88840000e-008,-4.00000019e-003
,,,6.88880000e-008,-7.03124981e-003
,,,6.88920000e-008,-4.00000019e-003
,,,6.88960000e-008,-1.78124988e-003
,,,6.89000000e-008,-1.28124992e-003
,,,6.89040000e-008,9.06250090e-004
,,,6.89080000e-008,-1.93749997e-003
,,,6.89120000e-008,2.43750005e-003
,,,6.89160000e-008,-2.53125001e-003
,,,6.89200000e-008,-1.87499914e-004
,,,6.89240000e-008,-4.00000019e-003
,,,6.89280000e-008,-4.00000019e-003
,,,6.89320000e-008,-1.05937505e-002
,,,6.89360000e-008,-8.56249966e-003
,,,6.89400000e-008,4.00000019e-003
,,,6.89440000e-008,-1.46874995e-003
,,,6.89480000e-008,-3.18749994e-003
,,,6.89520000e-008,-8.43750034e-003
,,,6.89560000e-008,-1.35000004e-002
,,,6.89600000e-008,-7.74999987e-003
,,,6.89640000e-008,-4.00000019e-003
,,,6.89680000e-008,4.00000019e-003
,,,6.89720000e-008,1.59375009e-003
,,,6.89760000e-008,-5.18749980e-003
,,,6.89800000e-008,-1.18749999e-002
,,,6.89840000e-008,-1.54687501e-002
,,,6.89880000e-008,-9.78124980e-003
,,,6.89920000e-008,-2.81249901e-004
,,,6.89960000e-008,-2.59374990e-003
,,,6.90000000e-008,-1.24999919e-004
,,,6.90040000e-008,-3.87499994e-003
,,,6.90080000e-008,-1.93749997e-003
,,,6.90120000e-008,6.25000903e-005
,,,6.90160000e-008,-4.00000019e-003
,,,6.90200000e-008,-4.00000019e-003
,,,6.90240000e-008,-4.00000019e-003
,,,6.90280000e-008,-1.02500003e-002
,,,6.90320000e-008,-1.42500000e-002
,,,6.90360000e-008,-9.31250025e-003
,,,6.90400000e-008,-5.62499918e-004
,,,6.90440000e-008,6.87500113e-004
,,,6.90480000e-008,-4.12499998e-003
,,,6.90520000e-008,-1.99999986e-003
,,,6.90560000e-008,-6.50000013e-003
,,,6.90600000e-008,-1.20000001e-002
,,,6.90640000e-008,-4.03124979e-003
,,,6.90680000e-008,-4.40625008e-003
,,,6.90720000e-008,-6.15624990e-003
,,,6.90760000e-008,-8.81250016e-003
,,,6.90800000e-008,-4.00000019e-003
,,,6.90840000e-008,-8.53125006e-003
,,,6.90880000e-008,-5.56250010e-003
,,,6.90920000e-008,-5.90624986e-003
,,,6.90960000e-008,-4.00000019e-003
,,,6.91000000e-008,6.25000102e-004
,,,6.91040000e-008,-9.53125022e-003
,,,6.91080000e-008,-1.09374998e-002
,,,6.91120000e-008,-2.12499988e-003
,,,6.91160000e-008,-4.00000019e-003
,,,6.91200000e-008,-4.00000019e-003
,,,6.91240000e-008,-1.90624991e-003
,,,6.91280000e-008,-4.00000019e-003
,,,6.91320000e-008,-4.00000019e-003
,,,6.91360000e-008,-9.90625005e-003
,,,6.91400000e-008,-1.20000001e-002
,,,6.91440000e-008,-6.18749997e-003
,,,6.91480000e-008,-1.16875004e-002
,,,6.91520000e-008,-4.28124983e-003
,,,6.91560000e-008,-1.18749999e-002
,,,6.91600000e-008,-1.20000001e-002
,,,6.91640000e-008,-4.87500010e-003
,,,6.91680000e-008,2.53125024e-003
,,,6.91720000e-008,-1.96875003e-003
,,,6.91760000e-008,-1.24999997e-003
,,,6.91800000e-008,-1.20000001e-002
,,,6.91840000e-008,-1.11250002e-002
,,,6.91880000e-008,-1.17187500e-002
,,,6.91920000e-008,-1.61250010e-002
,,,6.91960000e-008,-7.84374960e-003
,,,6.92000000e-008,-7.24999979e-003
,,,6.92040000e-008,-1.07812500e-002
,,,6.92080000e-008,-4.62500006e-003
,,,6.92120000e-008,-4.84375004e-003
,,,6.92160000e-008,-1.39687499e-002
,,,6.92200000e-008,-1.47187505e-002
,,,6.92240000e-008,-4.00000019e-003
,,,6.92280000e-008,-5.87499980e-003
,,,6.92320000e-008,-5.75000001e-003
,,,6.92360000e-008,3.12500888e-005
,,,6.92400000e-008,-7.00000022e-003
,,,6.92440000e-008,-4.00000019e-003
,,,6.92480000e-008,-5.96874999e-003
,,,6.92520000e-008,-8.74999911e-004
,,,6.92560000e-008,-4.00000019e-003
,,,6.92600000e-008,-4.00000019e-003
,,,6.92640000e-008,-1.20000001e-002
,,,6.92680000e-008,-9.93749965e-003
,,,6.92720000e-008,-5.15625020e-003
,,,6.92760000e-008,-2.31250003e-003
,,,6.92800000e-008,-2.24999990e-003
,,,6.92840000e-008,-1.31249998e-003
,,,6.92880000e-008,-1.50937503e-002
,,,6.92920000e-008,-1.90312508e-002
,,,6.92960000e-008,-1.23124998e-002
,,,6.93000000e-008,-1.29687497e-002
,,,6.93040000e-008,-7.00000022e-003
,,,6.93080000e-008,-4.00000019e-003
,,,6.93120000e-008,-5.87499980e-003
,,,6.93160000e-008,-1.00937504e-002
,,,6.93200000e-008,-4.00000019e-003
,,,6.93240000e-008,-4.00000019e-003
,,,6.93280000e-008,-6.24999084e-005
,,,6.93320000e-008,-3.62499990e-003
,,,6.93360000e-008,-1.11250002e-002
,,,6.93400000e-008,-1.01562496e-002
,,,6.93440000e-008,-1.19687505e-002
,,,6.93480000e-008,-1.20000001e-002
,,,6.93520000e-008,-5.49999997e-003
,,,6.93560000e-008,-9.68750007e-003
,,,6.93600000e-008,-1.13437502e-002
,,,6.93640000e-008,-4.68750019e-003
,,,6.93680000e-008,-4.00000019e-003
,,,6.93720000e-008,-1.18437503e-002
,,,6.93760000e-008,-1.79687496e-002
,,,6.93800000e-008,-1.24062505e-002
,,,6.93840000e-008,-1.20000001e-002
,,,6.93880000e-008,-1.20000001e-002
,,,6.93920000e-008,-4.21875017e-003
,,,6.93960000e-008,-1.80625003e-002
,,,6.94000000e-008,-2.61562504e-002
,,,6.94040000e-008,-1.94687508e-002
,,,6.94080000e-008,-1.08125005e-002
,,,6.94120000e-008,-4.00000019e-003
,,,6.94160000e-008,-3.09374998e-003
,,,6.94200000e-008,-4.00000019e-003
,,,6.94240000e-008,-1.03125004e-002
,,,6.94280000e-008,-1.02187498e-002
,,,6.94320000e-008,-4.00000019e-003
,,,6.94360000e-008,-4.99999907e-004
,,,6.94400000e-008,-1.90624991e-003
,,,6.94440000e-008,-4.00000019e-003
,,,6.94480000e-008,-7.62500009e-003
,,,6.94520000e-008,9.06250090e-004
,,,6.94560000e-008,-6.06250018e-003
,,,6.94600000e-008,-3.00000003e-003
,,,6.94640000e-008,-4.00000019e-003
,,,6.94680000e-008,-4.00000019e-003
,,,6.94720000e-008,-3.31249996e-003
,,,6.94760000e-008,-6.43750001e-003
,,,6.94800000e-008,-2.74999999e-003
,,,6.94840000e-008,-5.37500018e-003
,,,6.94880000e-008,-4.90625016e-003
,,,6.94920000e-008,-2.93749990e-003
,,,6.94960000e-008,-4.00000019e-003
,,,6.95000000e-008,-4.12499998e-003
,,,6.95040000e-008,-6.53125020e-003
,,,6.95080000e-008,-5.81250014e-003
,,,6.95120000e-008,-5.56250010e-003
,,,6.95160000e-008,4.00000019e-003
,,,6.95200000e-008,-2.43750005e-003
,,,6.95240000e-008,-4.00000019e-003
,,,6.95280000e-008,-3.53124994e-003
,,,6.95320000e-008,-4.00000019e-003
,,,6.95360000e-008,6.87500113e-004
,,,6.95400000e-008,1.78125012e-003
,,,6.95440000e-008,3.50000011e-003
,,,6.95480000e-008,-4.56249993e-003
,,,6.95520000e-008,-1.20000001e-002
,,,6.95560000e-008,-8.31250008e-003
,,,6.95600000e-008,-2.34374986e-003
,,,6.95640000e-008,-4.00000019e-003
,,,6.95680000e-008,-4.00000019e-003
,,,6.95720000e-008,-3.96875013e-003
,,,6.95760000e-008,-4.12499998e-003
,,,6.95800000e-008,-9.49999969e-003
,,,6.95840000e-008,-1.12812500e-002
,,,6.95880000e-008,-6.12499984e-003
,,,6.95920000e-008,-6.46875007e-003
,,,6.95960000e-008,-1.46875000e-002
,,,6.96000000e-008,-1.09999999e-002
,,,6.96040000e-008,-9.93749965e-003
,,,6.96080000e-008,-2.80000009e-002
,,,6.96120000e-008,-2.89375000e-002
,,,6.96160000e-008,-1.43437497e-002
,,,6.96200000e-008,-4.00000019e-003
,,,6.96240000e-008,-6.25000009e-003
,,,6.96280000e-008,-4.00000019e-003
,,,6.96320000e-008,-1.62499992e-003
,,,6.96360000e-008,-6.18749997e-003
,,,6.96400000e-008,-6.84374990e-003
,,,6.96440000e-008,1.50000013e-003
,,,6.96480000e-008,-4.00000019e-003
,,,6.96520000e-008,-8.81250016e-003
,,,6.96560000e-008,-5.34375012e-003
,,,6.96600000e-008,-4.00000019e-003
,,,6.96640000e-008,-8.99999961e-003
,,,6.96680000e-008,-3.96875013e-003
,,,6.96720000e-008,-1.20000001e-002
,,,6.96760000e-008,-1.16562499e-002
,,,6.96800000e-008,-1.46562504e-002
,,,6.96840000e-008,-1.20000001e-002
,,,6.96880000e-008,-4.00000019e-003
,,,6.96920000e-008,-1.56249991e-003
,,,6.96960000e-008,-5.21874987e-003
,,,6.97000000e-008,-1.20000001e-002
,,,6.97040000e-008,-8.15625023e-003
,,,6.97080000e-008,-4.00000019e-003
,,,6.97120000e-008,-9.37499135e-005
,,,6.97160000e-008,-3.62499990e-003
,,,6.97200000e-008,-1.31249998e-003
,,,6.97240000e-008,-4.00000019e-003
,,,6.97280000e-008,-1.34687498e-002
,,,6.97320000e-008,-1.20000001e-002
,,,6.97360000e-008,-4.24999977e-003
,,,6.97400000e-008,-1.99999996e-002
,,,6.97440000e-008,-2.35625003e-002
,,,6.97480000e-008,-1.51875000e-002
,,,6.97520000e-008,-4.18750010e-003
,,,6.97560000e-008,-7.78124994e-003
,,,6.97600000e-008,-1.00312503e-002
,,,6.97640000e-008,-8.99999961e-003
,,,6.97680000e-008,-1.44687500e-002
,,,6.97720000e-008,-1.49687501e-002
,,,6.97760000e-008,-5.71874995e-003
,,,6.97800000e-008,-4.00000019e-003
,,,6.97840000e-008,-2.40624999e-003
,,,6.97880000e-008,-4.00000019e-003
,,,6.97920000e-008,-7.09374994e-003
,,,6.97960000e-008,-5.68749988e-003
,,,6.98000000e-008,-1.00312503e-002
,,,6.98040000e-008,-1.99999996e-002
,,,6.98080000e-008,-1.46875000e-002
,,,6.98120000e-008,-4.21875017e-003
,,,6.98160000e-008,-2.65625003e-003
,,,6.98200000e-008,-5.87499980e-003
,,,6.98240000e-008,-5.18749980e-003
,,,6.98280000e-008,-3.28124990e-003
,,,6.98320000e-008,-1.20000001e-002
,,,6.98360000e-008,-6.50000013e-003
,,,6.98400000e-008,3.71875009e-003
,,,6.98440000e-008,-2.43750005e-003
,,,6.98480000e-008,1.87500089e-004
,,,6.98520000e-008,-2.53125001e-003
,,,6.98560000e-008,-2.12499988e-003
,,,6.98600000e-008,-4.03124979e-003
,,,6.98640000e-008,-7.34374998e-003
,,,6.98680000e-008,-4.37499926e-004
,,,6.98720000e-008,-4.00000019e-003
,,,6.98760000e-008,-4.15625004e-003
,,,6.98800000e-008,-4.78124991e-003
,,,6.98840000e-008,-6.56249980e-003
,,,6.98880000e-008,-4.28124983e-003
,,,6.98920000e-008,-4.00000019e-003
,,,6.98960000e-008,-3.43749998e-003
,,,6.99000000e-008,-4.00000019e-003
,,,6.99040000e-008,-4.00000019e-003
,,,6.99080000e-008,-8.12499900e-004
,,,6.99120000e-008,-9.37499921e-004
,,,6.99160000e-008,-2.34374986e-003
,,,6.99200000e-008,-3.90625000e-003
,,,6.99240000e-008,-6.25000009e-003
,,,6.99280000e-008,-6.43750001e-003
,,,6.99320000e-008,-4.00000019e-003
,,,6.99360000e-008,-4.71874978e-003
,,,6.99400000e-008,-2.96874996e-003
,,,6.99440000e-008,-7.34374998e-003
,,,6.99480000e-008,-3.96875013e-003
,,,6.99520000e-008,-4.00000019e-003
,,,6.99560000e-008,-6.15624990e-003
,,,6.99600000e-008,-4.00000019e-003
,,,6.99640000e-008,1.96875003e-003
,,,6.99680000e-008,-4.00000019e-003
,,,6.99720000e-008,-7.37500004e-003
,,,6.99760000e-008,-3.74999916e-004
,,,6.99800000e-008,-1.26250004e-002
,,,6.99840000e-008,-1.40937502e-002
,,,6.99880000e-008,-9.21874959e-003
,,,6.99920000e-008,-1.13437502e-002
,,,6.99960000e-008,-7.18750013e-003
,,,7.00000000e-008,-4.15625004e-003
,,,7.00040000e-008,-4.00000019e-003
,,,7.00080000e-008,-4.00000019e-003
,,,7.00120000e-008,-9.06249974e-003
,,,7.00160000e-008,-3.40624992e-003
,,,7.00200000e-008,-6.31250022e-003
,,,7.00240000e-008,-1.20000001e-002
,,,7.00280000e-008,-1.20000001e-002
,,,7.00320000e-008,-1.30312499e-002
,,,7.00360000e-008,-4.21875017e-003
,,,7.00400000e-008,-8.03124998e-003
,,,7.00440000e-008,-1.20000001e-002
,,,7.00480000e-008,-7.93750025e-003
,,,7.00520000e-008,-9.40624997e-003
,,,7.00560000e-008,-2.09687501e-002
,,,7.00600000e-008,-1.99999996e-002
,,,7.00640000e-008,-5.12500014e-003
,,,7.00680000e-008,-4.00000019e-003
,,,7.00720000e-008,-1.20000001e-002
,,,7.00760000e-008,-2.17499994e-002
,,,7.00800000e-008,-1.49062499e-002
,,,7.00840000e-008,-1.09062502e-002
,,,7.00880000e-008,-1.99999996e-002
,,,7.00920000e-008,-1.68124996e-002
,,,7.00960000e-008,-3.68750002e-003
,,,7.01000000e-008,-4.00000019e-003
,,,7.01040000e-008,-6.56249980e-003
,,,7.01080000e-008,-4.68749931e-004
,,,7.01120000e-008,-5.15625020e-003
,,,7.01160000e-008,-1.25625003e-002
,,,7.01200000e-008,-1.20000001e-002
,,,7.01240000e-008,-5.62500022e-003
,,,7.01280000e-008,-1.20000001e-002
,,,7.01320000e-008,-7.84374960e-003
,,,7.01360000e-008,-8.68749991e-003
,,,7.01400000e-008,-1.77500006e-002
,,,7.01440000e-008,-1.70937497e-002
,,,7.01480000e-008,-1.50624998e-002
,,,7.01520000e-008,-4.00000019e-003
,,,7.01560000e-008,-4.18750010e-003
,,,7.01600000e-008,-4.00000019e-003
,,,7.01640000e-008,-5.53125003e-003
,,,7.01680000e-008,-3.90625000e-003
,,,7.01720000e-008,-1.22812502e-002
,,,7.01760000e-008,-1.88437495e-002
,,,7.01800000e-008,-1.20000001e-002
,,,7.01840000e-008,-1.07187498e-002
,,,7.01880000e-008,-1.99999996e-002
,,,7.01920000e-008,-1.26562500e-002
,,,7.01960000e-008,-3.53124994e-003
,,,7.02000000e-008,-4.00000019e-003
,,,7.02040000e-008,-9.90625005e-003
,,,7.02080000e-008,-6.28125016e-003
,,,7.02120000e-008,-7.12500000e-003
,,,7.02160000e-008,-6.65624999e-003
,,,7.02200000e-008,-1.20000001e-002
,,,7.02240000e-008,-4.68750019e-003
,,,7.02280000e-008,-1.20000001e-002
,,,7.02320000e-008,-7.56249996e-003
,,,7.02360000e-008,-4.40625008e-003
,,,7.02400000e-008,-4.99999989e-003
,,,7.02440000e-008,-1.85937509e-002
,,,7.02480000e-008,-1.99999996e-002
,,,7.02520000e-008,-5.34375012e-003
,,,7.02560000e-008,-8.87500029e-003
,,,7.02600000e-008,-7.18750013e-003
,,,7.02640000e-008,-1.99999996e-002
,,,7.02680000e-008,-1.89062506e-002
,,,7.02720000e-008,-5.31250006e-003
,,,7.02760000e-008,-8.46874993e-003
,,,7.02800000e-008,-1.20000001e-002
,,,7.02840000e-008,-1.68750007e-002
,,,7.02880000e-008,-1.14687504e-002
,,,7.02920000e-008,-3.68750002e-003
,,,7.02960000e-008,-5.24999993e-003
,,,7.03000000e-008,-5.59375016e-003
,,,7.03040000e-008,-1.02187498e-002
,,,7.03080000e-008,-4.59375000e-003
,,,7.03120000e-008,2.65625003e-003
,,,7.03160000e-008,-2.78125005e-003
,,,7.03200000e-008,-4.00000019e-003
,,,7.03240000e-008,-8.03124998e-003
,,,7.03280000e-008,-8.15625023e-003
,,,7.03320000e-008,-5.62499918e-004
,,,7.03360000e-008,-5.49999997e-003
,,,7.03400000e-008,-1.15312496e-002
,,,7.03440000e-008,-1.30625004e-002
,,,7.03480000e-008,-1.99999996e-002
,,,7.03520000e-008,-8.81250016e-003
,,,7.03560000e-008,-7.21875019e-003
,,,7.03600000e-008,-4.03124979e-003
,,,7.03640000e-008,-4.03124979e-003
,,,7.03680000e-008,-8.43750034e-003
,,,7.03720000e-008,-6.90625003e-003
,,,7.03760000e-008,-4.00000019e-003
,,,7.03800000e-008,-1.20000001e-002
,,,7.03840000e-008,-1.41562503e-002
,,,7.03880000e-008,-4.00000019e-003
,,,7.03920000e-008,-4.00000019e-003
,,,7.03960000e-008,-4.00000019e-003
,,,7.04000000e-008,1.03125011e-003
,,,7.04040000e-008,-4.00000019e-003
,,,7.04080000e-008,-1.20000001e-002
,,,7.04120000e-008,-1.29062505e-002
,,,7.04160000e-008,-1.27812503e-002
,,,7.04200000e-008,-7.15625007e-003
,,,7.04240000e-008,-1.78437494e-002
,,,7.04280000e-008,-2.80000009e-002
,,,7.04320000e-008,-2.27499995e-002
,,,7.04360000e-008,-4.93749976e-003
,,,7.04400000e-008,-4.00000019e-003
,,,7.04440000e-008,-4.49999981e-003
,,,7.04480000e-008,-4.18750010e-003
,,,7.04520000e-008,-6.25000009e-003
,,,7.04560000e-008,-1.30000003e-002
,,,7.04600000e-008,-2.80000009e-002
,,,7.04640000e-008,-2.85937507e-002
,,,7.04680000e-008,-1.55624999e-002
,,,7.04720000e-008,-1.79062504e-002
,,,7.04760000e-008,-1.20000001e-002
,,,7.04800000e-008,-5.59375016e-003
,,,7.04840000e-008,-4.00000019e-003
,,,7.04880000e-008,-4.00000019e-003
,,,7.04920000e-008,-8.31250008e-003
,,,7.04960000e-008,-2.90625007e-003
,,,7.05000000e-008,-1.20000001e-002
,,,7.05040000e-008,-1.20000001e-002
,,,7.05080000e-008,-9.18749999e-003
,,,7.05120000e-008,-4.00000019e-003
,,,7.05160000e-008,-6.24999084e-005
,,,7.05200000e-008,-7.59375002e-003
,,,7.05240000e-008,-4.00000019e-003
,,,7.05280000e-008,-2.18749919e-004
,,,7.05320000e-008,-8.12499900e-004
,,,7.05360000e-008,-2.09375005e-003
,,,7.05400000e-008,-6.31250022e-003
,,,7.05440000e-008,-9.56249982e-003
,,,7.05480000e-008,-4.00000019e-003
,,,7.05520000e-008,-4.65625012e-003
,,,7.05560000e-008,-3.28124990e-003
,,,7.05600000e-008,-1.20000001e-002
,,,7.05640000e-008,-9.46875010e-003
,,,7.05680000e-008,-2.37499992e-003
,,,7.05720000e-008,-1.37499988e-003
,,,7.05760000e-008,-5.90624986e-003
,,,7.05800000e-008,-1.03125004e-002
,,,7.05840000e-008,-6.87499996e-003
,,,7.05880000e-008,-1.51875000e-002
,,,7.05920000e-008,-1.95312500e-002
,,,7.05960000e-008,-1.20000001e-002
,,,7.06000000e-008,-5.68749988e-003
,,,7.06040000e-008,-7.93750025e-003
,,,7.06080000e-008,-6.93750009e-003
,,,7.06120000e-008,-5.12500014e-003
,,,7.06160000e-008,-1.44062499e-002
,,,7.06200000e-008,-1.45937502e-002
,,,7.06240000e-008,-1.33437505e-002
,,,7.06280000e-008,-4.00000019e-003
,,,7.06320000e-008,-4.00000019e-003
,,,7.06360000e-008,-3.03124986e-003
,,,7.06400000e-008,-6.00000005e-003
,,,7.06440000e-008,-1.42500000e-002
,,,7.06480000e-008,-1.20000001e-002
,,,7.06520000e-008,6.25000903e-005
,,,7.06560000e-008,-6.75000018e-003
,,,7.06600000e-008,-1.64062493e-002
,,,7.06640000e-008,-1.54687501e-002
,,,7.06680000e-008,-8.50000046e-003
,,,7.06720000e-008,-1.84374989e-003
,,,7.06760000e-008,-1.68749993e-003
,,,7.06800000e-008,-9.87500045e-003
,,,7.06840000e-008,-8.03124998e-003
,,,7.06880000e-008,-1.01875002e-002
,,,7.06920000e-008,-1.25312498e-002
,,,7.06960000e-008,-1.99999996e-002
,,,7.07000000e-008,-1.25000002e-002
,,,7.07040000e-008,-7.37500004e-003
,,,7.07080000e-008,-4.00000019e-003
,,,7.07120000e-008,-4.00000019e-003
,,,7.07160000e-008,-5.03124995e-003
,,,7.07200000e-008,-4.49999981e-003
,,,7.07240000e-008,-3.37499985e-003
,,,7.07280000e-008,-1.24999919e-004
,,,7.07320000e-008,-4.00000019e-003
,,,7.07360000e-008,-2.65625003e-003
,,,7.07400000e-008,1.25000009e-003
,,,7.07440000e-008,-5.03124995e-003
,,,7.07480000e-008,-4.87500010e-003
,,,7.07520000e-008,-9.37500037e-003
,,,7.07560000e-008,-1.09062502e-002
,,,7.07600000e-008,-1.20000001e-002
,,,7.07640000e-008,-7.06249988e-003
,,,7.07680000e-008,-9.15625039e-003
,,,7.07720000e-008,-4.00000019e-003
,,,7.07760000e-008,-8.28125048e-003
,,,7.07800000e-008,-4.00000019e-003
,,,7.07840000e-008,-3.81250004e-003
,,,7.07880000e-008,-9.78124980e-003
,,,7.07920000e-008,-1.99999996e-002
,,,7.07960000e-008,-1.58750005e-002
,,,7.08000000e-008,-1.20000001e-002
,,,7.08040000e-008,-5.06250001e-003
,,,7.08080000e-008,-2.37499992e-003
,,,7.08120000e-008,-8.24999996e-003
,,,7.08160000e-008,-1.56250000e-002
,,,7.08200000e-008,-1.20000001e-002
,,,7.08240000e-008,-9.49999969e-003
,,,7.08280000e-008,-5.43749984e-003
,,,7.08320000e-008,-5.15625020e-003
,,,7.08360000e-008,-6.34374982e-003
,,,7.08400000e-008,-4.00000019e-003
,,,7.08440000e-008,-1.25000002e-002
,,,7.08480000e-008,-2.82812510e-002
,,,7.08520000e-008,-3.23437490e-002
,,,7.08560000e-008,-2.38125008e-002
,,,7.08600000e-008,-4.00000019e-003
,,,7.08640000e-008,-3.18749994e-003
,,,7.08680000e-008,-3.12499906e-004
,,,7.08720000e-008,-1.20000001e-002
,,,7.08760000e-008,-2.21562497e-002
,,,7.08800000e-008,-2.03750003e-002
,,,7.08840000e-008,-7.78124994e-003
,,,7.08880000e-008,-3.93750006e-003
,,,7.08920000e-008,-4.00000019e-003
,,,7.08960000e-008,-1.59687493e-002
,,,7.09000000e-008,-1.22812502e-002
,,,7.09040000e-008,-8.96875001e-003
,,,7.09080000e-008,-8.78124963e-003
,,,7.09120000e-008,-1.21874991e-003
,,,7.09160000e-008,6.56250108e-004
,,,7.09200000e-008,-3.56250000e-003
,,,7.09240000e-008,-4.84375004e-003
,,,7.09280000e-008,-8.99999961e-003
,,,7.09320000e-008,-1.20000001e-002
,,,7.09360000e-008,-6.24999084e-005
,,,7.09400000e-008,-8.75000004e-003
,,,7.09440000e-008,-1.66250002e-002
,,,7.09480000e-008,-1.25937499e-002
,,,7.09520000e-008,-4.00000019e-003
,,,7.09560000e-008,-1.20000001e-002
,,,7.09600000e-008,-1.28750000e-002
,,,7.09640000e-008,-4.40625008e-003
,,,7.09680000e-008,2.09375005e-003
,,,7.09720000e-008,-4.00000019e-003
,,,7.09760000e-008,-6.62499992e-003
,,,7.09800000e-008,-6.65624999e-003
,,,7.09840000e-008,-7.49999983e-003
,,,7.09880000e-008,-5.84375020e-003
,,,7.09920000e-008,-1.19062504e-002
,,,7.09960000e-008,-6.34374982e-003
,,,7.10000000e-008,-4.00000019e-003
,,,7.10040000e-008,-1.56249909e-004
,,,7.10080000e-008,-4.00000019e-003
,,,7.10120000e-008,-3.40624992e-003
,,,7.10160000e-008,-7.62500009e-003
,,,7.10200000e-008,-4.00000019e-003
,,,7.10240000e-008,-1.20000001e-002
,,,7.10280000e-008,-1.32812504e-002
,,,7.10320000e-008,-8.21875036e-003
,,,7.10360000e-008,-9.03125014e-003
,,,7.10400000e-008,-4.00000019e-003
,,,7.10440000e-008,-6.00000005e-003
,,,7.10480000e-008,-1.64375007e-002
,,,7.10520000e-008,-2.25625001e-002
,,,7.10560000e-008,-1.54062500e-002
,,,7.10600000e-008,-4.00000019e-003
,,,7.10640000e-008,-6.12499984e-003
,,,7.10680000e-008,-4.56249993e-003
,,,7.10720000e-008,-2.93749990e-003
,,,7.10760000e-008,-3.12499906e-004
,,,7.10800000e-008,-2.93749990e-003
,,,7.10840000e-008,-4.00000019e-003
,,,7.10880000e-008,-5.03124995e-003
,,,7.10920000e-008,-1.20000001e-002
,,,7.10960000e-008,-9.53125022e-003
,,,7.11000000e-008,-4.00000019e-003
,,,7.11040000e-008,-1.40000004e-002
,,,7.11080000e-008,-1.20000001e-002
,,,7.11120000e-008,-3.03124986e-003
,,,7.11160000e-008,-4.21875017e-003
,,,7.11200000e-008,-4.00000019e-003
,,,7.11240000e-008,-4.09374991e-003
,,,7.11280000e-008,-1.37499988e-003
,,,7.11320000e-008,-4.00000019e-003
,,,7.11360000e-008,-1.16250003e-002
,,,7.11400000e-008,-1.31250005e-002
,,,7.11440000e-008,-9.53125022e-003
,,,7.11480000e-008,-1.10312505e-002
,,,7.11520000e-008,-4.00000019e-003
,,,7.11560000e-008,1.43750012e-003
,,,7.11600000e-008,-4.00000019e-003
,,,7.11640000e-008,-1.04374997e-002
,,,7.11680000e-008,-5.43749984e-003
,,,7.11720000e-008,-6.25000009e-003
,,,7.11760000e-008,-1.37812505e-002
,,,7.11800000e-008,-1.20000001e-002
,,,7.11840000e-008,-6.59374986e-003
,,,7.11880000e-008,-5.24999993e-003
,,,7.11920000e-008,-6.21875003e-003
,,,7.11960000e-008,-2.43750005e-003
,,,7.12000000e-008,-4.00000019e-003
,,,7.12040000e-008,-9.21874959e-003
,,,7.12080000e-008,-1.20000001e-002
,,,7.12120000e-008,-7.24999979e-003
,,,7.12160000e-008,-3.12500005e-003
,,,7.12200000e-008,-4.00000019e-003
,,,7.12240000e-008,-1.40312500e-002
,,,7.12280000e-008,-1.15312496e-002
,,,7.12320000e-008,1.56250098e-004
,,,7.12360000e-008,-9.37499135e-005
,,,7.12400000e-008,-4.96874982e-003
,,,7.12440000e-008,-9.65625048e-003
,,,7.12480000e-008,-5.96874999e-003
,,,7.12520000e-008,-1.02500003e-002
,,,7.12560000e-008,-6.21875003e-003
,,,7.12600000e-008,-1.72187500e-002
,,,7.12640000e-008,-1.87500007e-002
,,,7.12680000e-008,-8.46874993e-003
,,,7.12720000e-008,-7.46875023e-003
,,,7.12760000e-008,-8.00000038e-003
,,,7.12800000e-008,-1.78437494e-002
,,,7.12840000e-008,-1.99999996e-002
,,,7.12880000e-008,-6.75000018e-003
,,,7.12920000e-008,3.00000003e-003
,,,7.12960000e-008,-7.65625015e-003
,,,7.13000000e-008,-1.89062506e-002
,,,7.13040000e-008,-1.93437506e-002
,,,7.13080000e-008,-8.53125006e-003
,,,7.13120000e-008,-4.43750015e-003
,,,7.13160000e-008,-8.84374976e-003
,,,7.13200000e-008,-1.06875002e-002
,,,7.13240000e-008,-4.31249989e-003
,,,7.13280000e-008,-4.00000019e-003
,,,7.13320000e-008,-4.46875021e-003
,,,7.13360000e-008,-5.65624982e-003
,,,7.13400000e-008,-4.00000019e-003
,,,7.13440000e-008,-6.90625003e-003
,,,7.13480000e-008,-9.34374984e-003
,,,7.13520000e-008,-5.37500018e-003
,,,7.13560000e-008,-6.37499988e-003
,,,7.13600000e-008,-4.06249985e-003
,,,7.13640000e-008,-6.71875011e-003
,,,7.13680000e-008,-1.20000001e-002
,,,7.13720000e-008,-7.09374994e-003
,,,7.13760000e-008,-6.28125016e-003
,,,7.13800000e-008,-7.09374994e-003
,,,7.13840000e-008,-3.96875013e-003
,,,7.13880000e-008,-8.96875001e-003
,,,7.13920000e-008,-3.87499994e-003
,,,7.13960000e-008,-4.00000019e-003
,,,7.14000000e-008,-7.09374994e-003
,,,7.14040000e-008,-1.35937501e-002
,,,7.14080000e-008,-1.20000001e-002
,,,7.14120000e-008,-5.40624978e-003
,,,7.14160000e-008,-1.20000001e-002
,,,7.14200000e-008,-1.07187498e-002
,,,7.14240000e-008,-1.02500003e-002
,,,7.14280000e-008,-1.48750003e-002
,,,7.14320000e-008,-1.00624999e-002
,,,7.14360000e-008,-1.06250001e-002
,,,7.14400000e-008,-9.84374993e-003
,,,7.14440000e-008,-1.33750001e-002
,,,7.14480000e-008,-1.99999996e-002
,,,7.14520000e-008,-1.41874999e-002
,,,7.14560000e-008,9.06250090e-004
,,,7.14600000e-008,-7.37500004e-003
,,,7.14640000e-008,-1.20000001e-002
,,,7.14680000e-008,-1.20000001e-002
,,,7.14720000e-008,-7.56249996e-003
,,,7.14760000e-008,-4.96874982e-003
,,,7.14800000e-008,-7.93750025e-003
,,,7.14840000e-008,-1.20000001e-002
,,,7.14880000e-008,-1.37499988e-003
,,,7.14920000e-008,-6.46875007e-003
,,,7.14960000e-008,-1.52500002e-002
,,,7.15000000e-008,-1.20000001e-002
,,,7.15040000e-008,-2.65625003e-003
,,,7.15080000e-008,-4.00000019e-003
,,,7.15120000e-008,1.21875014e-003
,,,7.15160000e-008,-2.40624999e-003
,,,7.15200000e-008,-2.81249901e-004
,,,7.15240000e-008,3.56250023e-003
,,,7.15280000e-008,-4.00000019e-003
,,,7.15320000e-008,-1.09999999e-002
,,,7.15360000e-008,-8.53125006e-003
,,,7.15400000e-008,4.68750106e-004
,,,7.15440000e-008,6.56250108e-004
,,,7.15480000e-008,-4.00000019e-003
,,,7.15520000e-008,-5.65624982e-003
,,,7.15560000e-008,-1.26874996e-002
,,,7.15600000e-008,-1.07500004e-002
,,,7.15640000e-008,-8.59375019e-003
,,,7.15680000e-008,-1.23437503e-002
,,,7.15720000e-008,-1.20000001e-002
,,,7.15760000e-008,-4.00000019e-003
,,,7.15800000e-008,-1.02187498e-002
,,,7.15840000e-008,-1.16250003e-002
,,,7.15880000e-008,-4.00000019e-003
,,,7.15920000e-008,-1.20000001e-002
,,,7.15960000e-008,-8.21875036e-003
,,,7.16000000e-008,-1.20000001e-002
,,,7.16040000e-008,-3.78124998e-003
,,,7.16080000e-008,-1.25937499e-002
,,,7.16120000e-008,-1.30312499e-002
,,,7.16160000e-008,-5.24999993e-003
,,,7.16200000e-008,-4.65625012e-003
,,,7.16240000e-008,-1.14062503e-002
,,,7.16280000e-008,-1.20000001e-002
,,,7.16320000e-008,-4.00000019e-003
,,,7.16360000e-008,-1.54687501e-002
,,,7.16400000e-008,-1.99999996e-002
,,,7.16440000e-008,-1.20000001e-002
,,,7.16480000e-008,-7.15625007e-003
,,,7.16520000e-008,-2.11875010e-002
,,,7.16560000e-008,-2.75312494e-002
,,,7.16600000e-008,-2.27812510e-002
,,,7.16640000e-008,-2.28125006e-002
,,,7.16680000e-008,-1.63437501e-002
,,,7.16720000e-008,-5.21874987e-003
,,,7.16760000e-008,-8.90624989e-003
,,,7.16800000e-008,-3.00000003e-003
,,,7.16840000e-008,-4.00000019e-003
,,,7.16880000e-008,-6.50000013e-003
,,,7.16920000e-008,-9.62499995e-003
,,,7.16960000e-008,-4.40625008e-003
,,,7.17000000e-008,-4.00000019e-003
,,,7.17040000e-008,-6.46875007e-003
,,,7.17080000e-008,-5.15625020e-003
,,,7.17120000e-008,-1.46249998e-002
,,,7.17160000e-008,-1.99999996e-002
,,,7.17200000e-008,-9.37500037e-003
,,,7.17240000e-008,-4.00000019e-003
,,,7.17280000e-008,-2.96874996e-003
,,,7.17320000e-008,-4.00000019e-003
,,,7.17360000e-008,-1.08749997e-002
,,,7.17400000e-008,-1.10312505e-002
,,,7.17440000e-008,-4.90625016e-003
,,,7.17480000e-008,-5.15625020e-003
,,,7.17520000e-008,-4.00000019e-003
,,,7.17560000e-008,-8.00000038e-003
,,,7.17600000e-008,-1.20000001e-002
,,,7.17640000e-008,-1.13124996e-002
,,,7.17680000e-008,-1.33437505e-002
,,,7.17720000e-008,-1.28437504e-002
,,,7.17760000e-008,-7.21875019e-003
,,,7.17800000e-008,-7.06249988e-003
,,,7.17840000e-008,-1.23749999e-002
,,,7.17880000e-008,-1.20000001e-002
,,,7.17920000e-008,-1.20000001e-002
,,,7.17960000e-008,-7.24999979e-003
,,,7.18000000e-008,-6.40624994e-003
,,,7.18040000e-008,-1.20000001e-002
,,,7.18080000e-008,-1.20937498e-002
,,,7.18120000e-008,-9.43750050e-003
,,,7.18160000e-008,-3.90625000e-003
,,,7.18200000e-008,-9.81250033e-003
,,,7.18240000e-008,-5.24999993e-003
,,,7.18280000e-008,-1.68749993e-003
,,,7.18320000e-008,-3.12499906e-004
,,,7.18360000e-008,-3.56250000e-003
,,,7.18400000e-008,-8.71875044e-003
,,,7.18440000e-008,-1.27812503e-002
,,,7.18480000e-008,-7.21875019e-003
,,,7.18520000e-008,-1.03124988e-003
,,,7.18560000e-008,-4.00000019e-003
,,,7.18600000e-008,-4.00000019e-003
,,,7.18640000e-008,-9.40624997e-003
,,,7.18680000e-008,-1.30937500e-002
,,,7.18720000e-008,-9.40624997e-003
,,,7.18760000e-008,-3.28124990e-003
,,,7.18800000e-008,-4.00000019e-003
,,,7.18840000e-008,-5.40624978e-003
,,,7.18880000e-008,2.84375018e-003
,,,7.18920000e-008,-2.53125001e-003
,,,7.18960000e-008,-4.09374991e-003
,,,7.19000000e-008,-7.03124981e-003
,,,7.19040000e-008,-1.51249999e-002
,,,7.19080000e-008,-1.20000001e-002
,,,7.19120000e-008,-1.16250003e-002
,,,7.19160000e-008,-4.21875017e-003
,,,7.19200000e-008,-4.00000019e-003
,,,7.19240000e-008,-2.87500001e-003
,,,7.19280000e-008,-8.12499970e-003
,,,7.19320000e-008,-1.56562496e-002
,,,7.19360000e-008,-1.18749999e-002
,,,7.19400000e-008,-7.31249992e-003
,,,7.19440000e-008,-1.17187500e-002
,,,7.19480000e-008,-1.20000001e-002
,,,7.19520000e-008,-1.99999996e-002
,,,7.19560000e-008,-1.67812500e-002
,,,7.19600000e-008,-1.99999996e-002
,,,7.19640000e-008,-1.20000001e-002
,,,7.19680000e-008,-2.65625003e-003
,,,7.19720000e-008,-1.37499988e-003
,,,7.19760000e-008,-9.12499987e-003
,,,7.19800000e-008,-1.99999996e-002
,,,7.19840000e-008,-1.42812505e-002
,,,7.19880000e-008,-6.53125020e-003
,,,7.19920000e-008,-5.90624986e-003
,,,7.19960000e-008,-6.28125016e-003
,,,7.20000000e-008,-1.74375009e-002
,,,7.20040000e-008,-1.99999996e-002
,,,7.20080000e-008,-9.28124972e-003
,,,7.20120000e-008,-4.49999981e-003
,,,7.20160000e-008,-4.00000019e-003
,,,7.20200000e-008,-8.78124963e-003
,,,7.20240000e-008,-4.00000019e-003
,,,7.20280000e-008,-1.17500005e-002
,,,7.20320000e-008,-1.96874999e-002
,,,7.20360000e-008,-1.20000001e-002
,,,7.20400000e-008,-3.46875004e-003
,,,7.20440000e-008,-4.00000019e-003
,,,7.20480000e-008,-4.00000019e-003
,,,7.20520000e-008,-7.34374998e-003
,,,7.20560000e-008,-1.18749999e-002
,,,7.20600000e-008,-1.20000001e-002
,,,7.20640000e-008,-2.15624995e-003
,,,7.20680000e-008,-4.00000019e-003
,,,7.20720000e-008,-6.21875003e-003
,,,7.20760000e-008,-4.06249985e-003
,,,7.20800000e-008,-4.06249985e-003
,,,7.20840000e-008,-7.59375002e-003
,,,7.20880000e-008,-4.24999977e-003
,,,7.20920000e-008,-1.20000001e-002
,,,7.20960000e-008,-5.87499980e-003
,,,7.21000000e-008,-4.03124979e-003
,,,7.21040000e-008,-1.04999999e-002
,,,7.21080000e-008,-1.35000004e-002
,,,7.21120000e-008,-1.99999996e-002
,,,7.21160000e-008,-1.53437499e-002
,,,7.21200000e-008,-9.25000012e-003
,,,7.21240000e-008,-1.20000001e-002
,,,7.21280000e-008,-4.87500010e-003
,,,7.21320000e-008,-6.56249980e-003
,,,7.21360000e-008,-1.49687501e-002
,,,7.21400000e-008,-1.20000001e-002
,,,7.21440000e-008,-3.21875000e-003
,,,7.21480000e-008,-1.20000001e-002
,,,7.21520000e-008,-9.81250033e-003
,,,7.21560000e-008,-5.62500022e-003
,,,7.21600000e-008,-9.75000020e-003
,,,7.21640000e-008,-1.20000001e-002
,,,7.21680000e-008,-8.28125048e-003
,,,7.21720000e-008,-1.20000001e-002
,,,7.21760000e-008,-1.66562498e-002
,,,7.21800000e-008,-1.75000001e-002
,,,7.21840000e-008,-4.00000019e-003
,,,7.21880000e-008,-6.40624994e-003
,,,7.21920000e-008,-5.84375020e-003
,,,7.21960000e-008,-7.43750017e-003
,,,7.22000000e-008,-1.37499988e-003
,,,7.22040000e-008,-2.56249984e-003
,,,7.22080000e-008,-1.20000001e-002
,,,7.22120000e-008,-1.26874996e-002
,,,7.22160000e-008,-1.20000001e-002
,,,7.22200000e-008,-1.20000001e-002
,,,7.22240000e-008,-4.06249985e-003
,,,7.22280000e-008,-6.40624994e-003
,,,7.22320000e-008,-4.00000019e-003
,,,7.22360000e-008,-1.34374993e-003
,,,7.22400000e-008,-4.00000019e-003
,,,7.22440000e-008,-4.00000019e-003
,,,7.22480000e-008,-8.68749991e-003
,,,7.22520000e-008,-9.28124972e-003
,,,7.22560000e-008,-7.28124985e-003
,,,7.22600000e-008,-2.78125005e-003
,,,7.22640000e-008,-4.87500010e-003
,,,7.22680000e-008,-5.21874987e-003
,,,7.22720000e-008,-7.56249996e-003
,,,7.22760000e-008,-1.20000001e-002
,,,7.22800000e-008,-1.03125004e-002
,,,7.22840000e-008,-1.26874996e-002
,,,7.22880000e-008,-1.20000001e-002
,,,7.22920000e-008,-1.55937504e-002
,,,7.22960000e-008,-1.92499999e-002
,,,7.23000000e-008,-1.20000001e-002
,,,7.23040000e-008,-5.84375020e-003
,,,7.23080000e-008,-1.20000001e-002
,,,7.23120000e-008,-8.34374968e-003
,,,7.23160000e-008,-7.15625007e-003
,,,7.23200000e-008,-4.00000019e-003
,,,7.23240000e-008,-6.50000013e-003
,,,7.23280000e-008,-4.00000019e-003
,,,7.23320000e-008,2.96875020e-003
,,,7.23360000e-008,2.93750013e-003
,,,7.23400000e-008,-4.00000019e-003
,,,7.23440000e-008,-5.81250014e-003
,,,7.23480000e-008,-5.28124999e-003
,,,7.23520000e-008,7.50000123e-004
,,,7.23560000e-008,-8.28125048e-003
,,,7.23600000e-008,-8.15625023e-003
,,,7.23640000e-008,-5.09375008e-003
,,,7.23680000e-008,-5.87499980e-003
,,,7.23720000e-008,-4.46875021e-003
,,,7.23760000e-008,-7.74999987e-003
,,,7.23800000e-008,-4.99999989e-003
,,,7.23840000e-008,-4.00000019e-003
,,,7.23880000e-008,-4.00000019e-003
,,,7.23920000e-008,-4.00000019e-003
,,,7.23960000e-008,-1.79687496e-002
,,,7.24000000e-008,-2.80000009e-002
,,,7.24040000e-008,-1.88750010e-002
,,,7.24080000e-008,-1.20000001e-002
,,,7.24120000e-008,-7.78124994e-003
,,,7.24160000e-008,-7.87500013e-003
,,,7.24200000e-008,-7.37500004e-003
,,,7.24240000e-008,-1.43125001e-002
,,,7.24280000e-008,-1.54375006e-002
,,,7.24320000e-008,-4.00000019e-003
,,,7.24360000e-008,-6.25000009e-003
,,,7.24400000e-008,-1.07500004e-002
,,,7.24440000e-008,-1.57187507e-002
,,,7.24480000e-008,-1.99999996e-002
,,,7.24520000e-008,-1.46562504e-002
,,,7.24560000e-008,-1.20000001e-002
,,,7.24600000e-008,-1.29062505e-002
,,,7.24640000e-008,-4.62500006e-003
,,,7.24680000e-008,-6.96875015e-003
,,,7.24720000e-008,-4.00000019e-003
,,,7.24760000e-008,-3.46875004e-003
,,,7.24800000e-008,-6.62499992e-003
,,,7.24840000e-008,-6.93750009e-003
,,,7.24880000e-008,-4.00000019e-003
,,,7.24920000e-008,-7.53124990e-003
,,,7.24960000e-008,-7.71874981e-003
,,,7.25000000e-008,-1.07812500e-002
,,,7.25040000e-008,-9.84374993e-003
,,,7.25080000e-008,-1.29375001e-002
,,,7.25120000e-008,-1.57500003e-002
,,,7.25160000e-008,-1.14687504e-002
,,,7.25200000e-008,-5.24999993e-003
,,,7.25240000e-008,-1.62499992e-003
,,,7.25280000e-008,-4.93749976e-003
,,,7.25320000e-008,-6.43750001e-003
,,,7.25360000e-008,-1.99999996e-002
,,,7.25400000e-008,-2.16562506e-002
,,,7.25440000e-008,-1.25312498e-002
,,,7.25480000e-008,-6.00000005e-003
,,,7.25520000e-008,-1.20000001e-002
,,,7.25560000e-008,-8.15625023e-003
,,,7.25600000e-008,-4.00000019e-003
,,,7.25640000e-008,-1.59687493e-002
,,,7.25680000e-008,-1.81875005e-002
,,,7.25720000e-008,-1.04687503e-002
,,,7.25760000e-008,-8.15625023e-003
,,,7.25800000e-008,-1.43437497e-002
,,,7.25840000e-008,-1.93750001e-002
,,,7.25880000e-008,-1.20000001e-002
,,,7.25920000e-008,-1.20000001e-002
,,,7.25960000e-008,-1.17812501e-002
,,,7.26000000e-008,-4.12499998e-003
,,,7.26040000e-008,8.12500075e-004
,,,7.26080000e-008,-4.00000019e-003
,,,7.26120000e-008,-6.18749997e-003
,,,7.26160000e-008,-4.53124987e-003
,,,7.26200000e-008,-1.92812495e-002
,,,7.26240000e-008,-1.99999996e-002
,,,7.26280000e-008,-5.75000001e-003
,,,7.26320000e-008,-8.71875044e-003
,,,7.26360000e-008,-6.09374978e-003
,,,7.26400000e-008,-1.51249999e-002
,,,7.26440000e-008,-2.80000009e-002
,,,7.26480000e-008,-2.44062506e-002
,,,7.26520000e-008,-6.43750001e-003
,,,7.26560000e-008,-1.99999986e-003
,,,7.26600000e-008,-5.96874999e-003
,,,7.26640000e-008,-1.60312504e-002
,,,7.26680000e-008,-1.54375006e-002
,,,7.26720000e-008,-4.00000019e-003
,,,7.26760000e-008,-4.00000019e-003
,,,7.26800000e-008,-1.20000001e-002
,,,7.26840000e-008,-8.06249958e-003
,,,7.26880000e-008,-8.99999961e-003
,,,7.26920000e-008,-8.87500029e-003
,,,7.26960000e-008,-4.56249993e-003
,,,7.27000000e-008,-4.00000019e-003
,,,7.27040000e-008,-4.00000019e-003
,,,7.27080000e-008,-4.00000019e-003
,,,7.27120000e-008,-6.68750005e-003
,,,7.27160000e-008,-1.20000001e-002
,,,7.27200000e-008,-7.09374994e-003
,,,7.27240000e-008,-1.20000001e-002
,,,7.27280000e-008,-1.58124994e-002
,,,7.27320000e-008,-1.84375010e-002
,,,7.27360000e-008,-1.99999996e-002
,,,7.27400000e-008,-1.84062496e-002
,,,7.27440000e-008,-4.24999977e-003
,,,7.27480000e-008,-1.87499996e-003
,,,7.27520000e-008,-4.00000019e-003
,,,7.27560000e-008,-3.49999988e-003
,,,7.27600000e-008,-8.31250008e-003
,,,7.27640000e-008,-4.00000019e-003
,,,7.27680000e-008,-1.46875000e-002
,,,7.27720000e-008,-1.99999996e-002
,,,7.27760000e-008,-1.19375000e-002
,,,7.27800000e-008,-4.00000019e-003
,,,7.27840000e-008,-2.09687501e-002
,,,7.27880000e-008,-3.71249989e-002
,,,7.27920000e-008,-3.98125015e-002
,,,7.27960000e-008,-2.80000009e-002
,,,7.28000000e-008,-4.00000019e-003
,,,7.28040000e-008,-6.03125012e-003
,,,7.28080000e-008,-4.00000019e-003
,,,7.28120000e-008,6.25000102e-004
,,,7.28160000e-008,-5.40624978e-003
,,,7.28200000e-008,-1.20000001e-002
,,,7.28240000e-008,-7.71874981e-003
,,,7.28280000e-008,-4.00000019e-003
,,,7.28320000e-008,-6.84374990e-003
,,,7.28360000e-008,-2.43750005e-003
,,,7.28400000e-008,-4.00000019e-003
,,,7.28440000e-008,-6.75000018e-003
,,,7.28480000e-008,-1.20000001e-002
,,,7.28520000e-008,-1.38750002e-002
,,,7.28560000e-008,-1.99999996e-002
,,,7.28600000e-008,-1.20937498e-002
,,,7.28640000e-008,-1.20000001e-002
,,,7.28680000e-008,-4.93749976e-003
,,,7.28720000e-008,-7.28124985e-003
,,,7.28760000e-008,-4.00000019e-003
,,,7.28800000e-008,-2.28124997e-003
,,,7.28840000e-008,-5.71874995e-003
,,,7.28880000e-008,-1.18437503e-002
,,,7.28920000e-008,-1.88124999e-002
,,,7.28960000e-008,-1.99999996e-002
,,,7.29000000e-008,-9.53125022e-003
,,,7.29040000e-008,-1.20000001e-002
,,,7.29080000e-008,-2.02187505e-002
,,,7.29120000e-008,-1.64062493e-002
,,,7.29160000e-008,-6.68750005e-003
,,,7.29200000e-008,-1.20000001e-002
,,,7.29240000e-008,-1.20000001e-002
,,,7.29280000e-008,-1.29062505e-002
,,,7.29320000e-008,-1.20000001e-002
,,,7.29360000e-008,-8.71875044e-003
,,,7.29400000e-008,-4.59375000e-003
,,,7.29440000e-008,-6.68750005e-003
,,,7.29480000e-008,-5.12500014e-003
,,,7.29520000e-008,-9.15625039e-003
,,,7.29560000e-008,-8.68749991e-003
,,,7.29600000e-008,-8.34374968e-003
,,,7.29640000e-008,-1.20000001e-002
,,,7.29680000e-008,-8.75000004e-003
,,,7.29720000e-008,-4.59375000e-003
,,,7.29760000e-008,-5.18749980e-003
,,,7.29800000e-008,-1.66874994e-002
,,,7.29840000e-008,-2.93125007e-002
,,,7.29880000e-008,-2.80000009e-002
,,,7.29920000e-008,-1.13437502e-002
,,,7.29960000e-008,-1.22187501e-002
,,,7.30000000e-008,-1.28437504e-002
,,,7.30040000e-008,-1.20000001e-002
,,,7.30080000e-008,-4.00000019e-003
,,,7.30120000e-008,-5.49999997e-003
,,,7.30160000e-008,-5.12500014e-003
,,,7.30200000e-008,-4.00000019e-003
,,,7.30240000e-008,-1.65624998e-003
,,,7.30280000e-008,-4.00000019e-003
,,,7.30320000e-008,-8.50000046e-003
,,,7.30360000e-008,-1.18437503e-002
,,,7.30400000e-008,-1.14374999e-002
,,,7.30440000e-008,-1.20000001e-002
,,,7.30480000e-008,-1.24687497e-002
,,,7.30520000e-008,-1.92499999e-002
,,,7.30560000e-008,-3.79062518e-002
,,,7.30600000e-008,-4.16250005e-002
,,,7.30640000e-008,-2.80000009e-002
,,,7.30680000e-008,-4.09374991e-003
,,,7.30720000e-008,-4.18750010e-003
,,,7.30760000e-008,-4.00000019e-003
,,,7.30800000e-008,-6.24999084e-005
,,,7.30840000e-008,-4.99999989e-003
,,,7.30880000e-008,-4.24999977e-003
,,,7.30920000e-008,-4.00000019e-003
,,,7.30960000e-008,-4.87500010e-003
,,,7.31000000e-008,-1.05625000e-002
,,,7.31040000e-008,-1.35625005e-002
,,,7.31080000e-008,-2.14687511e-002
,,,7.31120000e-008,-1.80937499e-002
,,,7.31160000e-008,-1.78437494e-002
,,,7.31200000e-008,-1.61562506e-002
,,,7.31240000e-008,-1.21875005e-002
,,,7.31280000e-008,-1.25937499e-002
,,,7.31320000e-008,-1.32187502e-002
,,,7.31360000e-008,-7.68750021e-003
,,,7.31400000e-008,-1.20000001e-002
,,,7.31440000e-008,-4.53124987e-003
,,,7.31480000e-008,-1.40624994e-003
,,,7.31520000e-008,-1.00937504e-002
,,,7.31560000e-008,-1.20000001e-002
,,,7.31600000e-008,-8.09375010e-003
,,,7.31640000e-008,-9.03125014e-003
,,,7.31680000e-008,-1.20000001e-002
,,,7.31720000e-008,-9.49999969e-003
,,,7.31760000e-008,-1.58437509e-002
,,,7.31800000e-008,-1.20000001e-002
,,,7.31840000e-008,-4.12499998e-003
,,,7.31880000e-008,-1.87499914e-004
,,,7.31920000e-008,-1.20000001e-002
,,,7.31960000e-008,-2.02500001e-002
,,,7.32000000e-008,-1.35000004e-002
,,,7.32040000e-008,-2.50312500e-002
,,,7.32080000e-008,-3.03437505e-002
,,,7.32120000e-008,-1.99999996e-002
,,,7.32160000e-008,-1.73749998e-002
,,,7.32200000e-008,-1.99999996e-002
,,,7.32240000e-008,-8.46874993e-003
,,,7.32280000e-008,-5.18749980e-003
,,,7.32320000e-008,-6.43750001e-003
,,,7.32360000e-008,-9.21874959e-003
,,,7.32400000e-008,-4.93749976e-003
,,,7.32440000e-008,-1.42500000e-002
,,,7.32480000e-008,-1.20000001e-002
,,,7.32520000e-008,-1.20000001e-002
,,,7.32560000e-008,-1.20000001e-002
,,,7.32600000e-008,-1.20000001e-002
,,,7.32640000e-008,-4.71874978e-003
,,,7.32680000e-008,-4.00000019e-003
,,,7.32720000e-008,5.93750097e-004
,,,7.32760000e-008,-6.09374978e-003
,,,7.32800000e-008,-4.49999981e-003
,,,7.32840000e-008,-1.20000001e-002
,,,7.32880000e-008,-1.50937503e-002
,,,7.32920000e-008,-1.17812501e-002
,,,7.32960000e-008,-1.20000001e-002
,,,7.33000000e-008,-4.46875021e-003
,,,7.33040000e-008,-5.15625020e-003
,,,7.33080000e-008,-6.46875007e-003
,,,7.33120000e-008,-4.00000019e-003
,,,7.33160000e-008,3.12500888e-005
,,,7.33200000e-008,-4.00000019e-003
,,,7.33240000e-008,-1.18437503e-002
,,,7.33280000e-008,-8.12499970e-003
,,,7.33320000e-008,-1.99999996e-002
,,,7.33360000e-008,-1.98437497e-002
,,,7.33400000e-008,-7.59375002e-003
,,,7.33440000e-008,-7.00000022e-003
,,,7.33480000e-008,-7.43750017e-003
,,,7.33520000e-008,-6.65624999e-003
,,,7.33560000e-008,-4.00000019e-003
,,,7.33600000e-008,-3.46875004e-003
,,,7.33640000e-008,-1.20000001e-002
,,,7.33680000e-008,-8.50000046e-003
,,,7.33720000e-008,-4.00000019e-003
,,,7.33760000e-008,-7.46875023e-003
,,,7.33800000e-008,-9.37499135e-005
,,,7.33840000e-008,-4.00000019e-003
,,,7.33880000e-008,-4.87500010e-003
,,,7.33920000e-008,-8.15625023e-003
,,,7.33960000e-008,-1.41249998e-002
,,,7.34000000e-008,-1.99999996e-002
,,,7.34040000e-008,-1.48437498e-002
,,,7.34080000e-008,-1.51249999e-002
,,,7.34120000e-008,-1.38437506e-002
,,,7.34160000e-008,-1.04062501e-002
,,,7.34200000e-008,-7.78124994e-003
,,,7.34240000e-008,-1.01562496e-002
,,,7.34280000e-008,-9.65625048e-003
,,,7.34320000e-008,-9.78124980e-003
,,,7.34360000e-008,-7.40625011e-003
,,,7.34400000e-008,-7.71874981e-003
,,,7.34440000e-008,-7.09374994e-003
,,,7.34480000e-008,-1.49687501e-002
,,,7.34520000e-008,-1.20000001e-002
,,,7.34560000e-008,-3.93750006e-003
,,,7.34600000e-008,-9.96875018e-003
,,,7.34640000e-008,-9.71874967e-003
,,,7.34680000e-008,-9.90625005e-003
,,,7.34720000e-008,-7.46875023e-003
,,,7.34760000e-008,-5.28124999e-003
,,,7.34800000e-008,-1.16250003e-002
,,,7.34840000e-008,-1.20000001e-002
,,,7.34880000e-008,-1.36562502e-002
,,,7.34920000e-008,-1.72499996e-002
,,,7.34960000e-008,-1.73749998e-002
,,,7.35000000e-008,-4.00000019e-003
,,,7.35040000e-008,-4.00000019e-003
,,,7.35080000e-008,-5.81250014e-003
,,,7.35120000e-008,-5.21874987e-003
,,,7.35160000e-008,-1.41562503e-002
,,,7.35200000e-008,-1.99999996e-002
,,,7.35240000e-008,-1.40625006e-002
,,,7.35280000e-008,-1.99999996e-002
,,,7.35320000e-008,-1.20000001e-002
,,,7.35360000e-008,-1.21250004e-002
,,,7.35400000e-008,-1.91249996e-002
,,,7.35440000e-008,-1.99999996e-002
,,,7.35480000e-008,-7.15625007e-003
,,,7.35520000e-008,-4.00000019e-003
,,,7.35560000e-008,-6.15624990e-003
,,,7.35600000e-008,-4.00000019e-003
,,,7.35640000e-008,-2.53125001e-003
,,,7.35680000e-008,-8.09375010e-003
,,,7.35720000e-008,-1.20000001e-002
,,,7.35760000e-008,-4.49999981e-003
,,,7.35800000e-008,-7.09374994e-003
,,,7.35840000e-008,-4.87500010e-003
,,,7.35880000e-008,-1.02187498e-002
,,,7.35920000e-008,-5.71874995e-003
,,,7.35960000e-008,-7.53124990e-003
,,,7.36000000e-008,-4.00000019e-003
,,,7.36040000e-008,-5.12500014e-003
,,,7.36080000e-008,-6.59374986e-003
,,,7.36120000e-008,-5.56250010e-003
,,,7.36160000e-008,-1.89999994e-002
,,,7.36200000e-008,-1.89062506e-002
,,,7.36240000e-008,-1.20000001e-002
,,,7.36280000e-008,-1.20000001e-002
,,,7.36320000e-008,-1.99999996e-002
,,,7.36360000e-008,-2.42500007e-002
,,,7.36400000e-008,-1.28124999e-002
,,,7.36440000e-008,-1.00937504e-002
,,,7.36480000e-008,-1.99999996e-002
,,,7.36520000e-008,-1.55312503e-002
,,,7.36560000e-008,-4.15625004e-003
,,,7.36600000e-008,-8.65625031e-003
,,,7.36640000e-008,-1.46562504e-002
,,,7.36680000e-008,-1.07500004e-002
,,,7.36720000e-008,-1.20000001e-002
,,,7.36760000e-008,-1.00312503e-002
,,,7.36800000e-008,-5.81250014e-003
,,,7.36840000e-008,-4.06249985e-003
,,,7.36880000e-008,-1.20000001e-002
,,,7.36920000e-008,-9.75000020e-003
,,,7.36960000e-008,-1.20000001e-002
,,,7.37000000e-008,-1.05625000e-002
,,,7.37040000e-008,-1.34062497e-002
,,,7.37080000e-008,-4.00000019e-003
,,,7.37120000e-008,-1.62187498e-002
,,,7.37160000e-008,-2.56562494e-002
,,,7.37200000e-008,-1.99999996e-002
,,,7.37240000e-008,-1.20000001e-002
,,,7.37280000e-008,-2.01249998e-002
,,,7.37320000e-008,-1.57187507e-002
,,,7.37360000e-008,1.25000093e-004
,,,7.37400000e-008,-4.00000019e-003
,,,7.37440000e-008,-1.20000001e-002
,,,7.37480000e-008,-1.37499999e-002
,,,7.37520000e-008,-1.07187498e-002
,,,7.37560000e-008,-9.99999978e-003
,,,7.37600000e-008,-4.65625012e-003
,,,7.37640000e-008,-4.00000019e-003
,,,7.37680000e-008,-4.00000019e-003
,,,7.37720000e-008,-5.24999993e-003
,,,7.37760000e-008,-7.28124985e-003
,,,7.37800000e-008,-1.20000001e-002
,,,7.37840000e-008,-5.93749993e-003
,,,7.37880000e-008,-6.46875007e-003
,,,7.37920000e-008,-4.46875021e-003
,,,7.37960000e-008,-7.06249988e-003
,,,7.38000000e-008,-7.46875023e-003
,,,7.38040000e-008,-8.59375019e-003
,,,7.38080000e-008,-1.20000001e-002
,,,7.38120000e-008,-1.32812504e-002
,,,7.38160000e-008,-1.20000001e-002
,,,7.38200000e-008,-4.43750015e-003
,,,7.38240000e-008,-1.33750001e-002
,,,7.38280000e-008,-1.16250003e-002
,,,7.38320000e-008,-4.00000019e-003
,,,7.38360000e-008,-8.81250016e-003
,,,7.38400000e-008,-1.31874997e-002
,,,7.38440000e-008,-1.11875003e-002
,,,7.38480000e-008,-6.00000005e-003
,,,7.38520000e-008,-1.04374997e-002
,,,7.38560000e-008,-7.31249992e-003
,,,7.38600000e-008,-8.50000046e-003
,,,7.38640000e-008,-1.20625002e-002
,,,7.38680000e-008,-1.29687497e-002
,,,7.38720000e-008,-1.20000001e-002
,,,7.38760000e-008,-1.04374997e-002
,,,7.38800000e-008,-8.62499978e-003
,,,7.38840000e-008,-9.34374984e-003
,,,7.38880000e-008,-1.30312499e-002
,,,7.38920000e-008,-1.20000001e-002
,,,7.38960000e-008,-6.21875003e-003
,,,7.39000000e-008,-1.67187508e-002
,,,7.39040000e-008,-1.84062496e-002
,,,7.39080000e-008,-1.27812503e-002
,,,7.39120000e-008,-1.04062501e-002
,,,7.39160000e-008,-9.49999969e-003
,,,7.39200000e-008,-4.00000019e-003
,,,7.39240000e-008,-8.93750042e-003
,,,7.39280000e-008,-4.00000019e-003
,,,7.39320000e-008,-1.20000001e-002
,,,7.39360000e-008,-7.90624972e-003
,,,7.39400000e-008,-4.00000019e-003
,,,7.39440000e-008,-7.43750017e-003
,,,7.39480000e-008,-4.65625012e-003
,,,7.39520000e-008,-1.20000001e-002
,,,7.39560000e-008,-6.96875015e-003
,,,7.39600000e-008,-4.00000019e-003
,,,7.39640000e-008,-9.90625005e-003
,,,7.39680000e-008,-1.01562496e-002
,,,7.39720000e-008,-1.20000001e-002
,,,7.39760000e-008,-5.81250014e-003
,,,7.39800000e-008,-6.37499988e-003
,,,7.39840000e-008,-1.17500005e-002
,,,7.39880000e-008,-1.22187501e-002
,,,7.39920000e-008,-1.27812503e-002
,,,7.39960000e-008,-1.95937511e-002
,,,7.40000000e-008,-1.39687499e-002
,,,7.40040000e-008,-1.20000001e-002
,,,7.40080000e-008,-1.15937497e-002
,,,7.40120000e-008,-7.28124985e-003
,,,7.40160000e-008,-1.53750004e-002
,,,7.40200000e-008,-1.20000001e-002
,,,7.40240000e-008,-1.20000001e-002
,,,7.40280000e-008,-5.81250014e-003
,,,7.40320000e-008,-7.06249988e-003
,,,7.40360000e-008,-8.24999996e-003
,,,7.40400000e-008,-4.00000019e-003
,,,7.40440000e-008,-6.00000005e-003
,,,7.40480000e-008,-8.90624989e-003
,,,7.40520000e-008,-1.11250002e-002
,,,7.40560000e-008,-3.84374987e-003
,,,7.40600000e-008,-1.20937498e-002
,,,7.40640000e-008,-1.67500004e-002
,,,7.40680000e-008,-1.20000001e-002
,,,7.40720000e-008,-9.09375027e-003
,,,7.40760000e-008,-3.71874985e-003
,,,7.40800000e-008,-1.20000001e-002
,,,7.40840000e-008,-1.12500004e-002
,,,7.40880000e-008,-1.20000001e-002
,,,7.40920000e-008,-1.39375003e-002
,,,7.40960000e-008,-1.82499997e-002
,,,7.41000000e-008,-1.99999996e-002
,,,7.41040000e-008,-1.28750000e-002
,,,7.41080000e-008,-4.90625016e-003
,,,7.41120000e-008,-7.37500004e-003
,,,7.41160000e-008,-7.37500004e-003
,,,7.41200000e-008,-1.20000001e-002
,,,7.41240000e-008,-1.57812499e-002
,,,7.41280000e-008,-6.96875015e-003
,,,7.41320000e-008,-1.57500003e-002
,,,7.41360000e-008,-1.20000001e-002
,,,7.41400000e-008,-1.99999996e-002
,,,7.41440000e-008,-1.99375004e-002
,,,7.41480000e-008,-8.56249966e-003
,,,7.41520000e-008,-8.87500029e-003
,,,7.41560000e-008,-1.20000001e-002
,,,7.41600000e-008,-1.10625001e-002
,,,7.41640000e-008,-1.20000001e-002
,,,7.41680000e-008,-1.31874997e-002
,,,7.41720000e-008,-1.20000001e-002
,,,7.41760000e-008,-8.37500021e-003
,,,7.41800000e-008,-4.00000019e-003
,,,7.41840000e-008,-7.78124994e-003
,,,7.41880000e-008,-1.20000001e-002
,,,7.41920000e-008,-9.75000020e-003
,,,7.41960000e-008,-1.11562498e-002
,,,7.42000000e-008,-1.20000001e-002
,,,7.42040000e-008,-4.00000019e-003
,,,7.42080000e-008,-2.03125011e-002
,,,7.42120000e-008,-2.45937500e-002
,,,7.42160000e-008,-1.63749997e-002
,,,7.42200000e-008,-1.07187498e-002
,,,7.42240000e-008,-5.84375020e-003
,,,7.42280000e-008,-9.75000020e-003
,,,7.42320000e-008,-4.00000019e-003
,,,7.42360000e-008,-7.15625007e-003
,,,7.42400000e-008,-4.00000019e-003
,,,7.42440000e-008,-1.26250004e-002
,,,7.42480000e-008,-1.01875002e-002
,,,7.42520000e-008,-1.16562499e-002
,,,7.42560000e-008,-1.37812505e-002
,,,7.42600000e-008,-1.99999996e-002
,,,7.42640000e-008,-1.12500004e-002
,,,7.42680000e-008,-1.20000001e-002
,,,7.42720000e-008,-4.53124987e-003
,,,7.42760000e-008,-1.38437506e-002
,,,7.42800000e-008,-2.80000009e-002
,,,7.42840000e-008,-2.59374995e-002
,,,7.42880000e-008,-2.21250001e-002
,,,7.42920000e-008,-2.29062494e-002
,,,7.42960000e-008,-1.10937497e-002
,,,7.43000000e-008,-5.40624978e-003
,,,7.43040000e-008,-2.18750001e-003
,,,7.43080000e-008,-4.00000019e-003
,,,7.43120000e-008,-4.18750010e-003
,,,7.43160000e-008,-8.50000046e-003
,,,7.43200000e-008,-9.43750050e-003
,,,7.43240000e-008,-1.99999996e-002
,,,7.43280000e-008,-1.85937509e-002
,,,7.43320000e-008,-9.21874959e-003
,,,7.43360000e-008,-3.59375007e-003
,,,7.43400000e-008,-6.00000005e-003
,,,7.43440000e-008,-1.31250005e-002
,,,7.43480000e-008,-1.11250002e-002
,,,7.43520000e-008,-1.46875000e-002
,,,7.43560000e-008,-1.53125003e-002
,,,7.43600000e-008,-1.57812499e-002
,,,7.43640000e-008,-1.18749999e-002
,,,7.43680000e-008,-5.56250010e-003
,,,7.43720000e-008,-9.34374984e-003
,,,7.43760000e-008,-1.24375001e-002
,,,7.43800000e-008,-1.20000001e-002
,,,7.43840000e-008,-1.20000001e-002
,,,7.43880000e-008,-6.46875007e-003
,,,7.43920000e-008,-6.46875007e-003
,,,7.43960000e-008,-6.31250022e-003
,,,7.44000000e-008,-4.00000019e-003
,,,7.44040000e-008,-5.65624982e-003
,,,7.44080000e-008,-9.59375035e-003
,,,7.44120000e-008,-7.49999983e-003
,,,7.44160000e-008,-4.40625008e-003
,,,7.44200000e-008,-4.00000019e-003
,,,7.44240000e-008,-9.18749999e-003
,,,7.44280000e-008,-8.56249966e-003
,,,7.44320000e-008,-1.01875002e-002
,,,7.44360000e-008,-1.41562503e-002
,,,7.44400000e-008,-1.99999996e-002
,,,7.44440000e-008,-1.10312505e-002
,,,7.44480000e-008,-1.20000001e-002
,,,7.44520000e-008,-1.59062501e-002
,,,7.44560000e-008,-1.13437502e-002
,,,7.44600000e-008,-1.27499998e-002
,,,7.44640000e-008,-1.04999999e-002
,,,7.44680000e-008,-9.37500037e-003
,,,7.44720000e-008,-1.32499998e-002
,,,7.44760000e-008,-1.45000005e-002
,,,7.44800000e-008,-1.20000001e-002
,,,7.44840000e-008,-1.35312499e-002
,,,7.44880000e-008,-1.01562496e-002
,,,7.44920000e-008,-1.20000001e-002
,,,7.44960000e-008,-8.78124963e-003
,,,7.45000000e-008,-1.20000001e-002
,,,7.45040000e-008,-1.45312501e-002
,,,7.45080000e-008,-4.00000019e-003
,,,7.45120000e-008,-1.22187501e-002
,,,7.45160000e-008,-1.20000001e-002
,,,7.45200000e-008,-7.90624972e-003
,,,7.45240000e-008,-4.00000019e-003
,,,7.45280000e-008,-4.00000019e-003
,,,7.45320000e-008,-2.09375005e-003
,,,7.45360000e-008,-6.28125016e-003
,,,7.45400000e-008,-7.24999979e-003
,,,7.45440000e-008,-4.00000019e-003
,,,7.45480000e-008,-4.00000019e-003
,,,7.45520000e-008,-5.59375016e-003
,,,7.45560000e-008,-1.48750003e-002
,,,7.45600000e-008,-1.25937499e-002
,,,7.45640000e-008,-2.90625007e-003
,,,7.45680000e-008,-4.00000019e-003
,,,7.45720000e-008,-4.24999977e-003
,,,7.45760000e-008,-9.43750050e-003
,,,7.45800000e-008,-1.17500005e-002
,,,7.45840000e-008,-4.00000019e-003
,,,7.45880000e-008,-4.65625012e-003
,,,7.45920000e-008,-4.93749976e-003
,,,7.45960000e-008,-5.59375016e-003
,,,7.46000000e-008,-1.05312504e-002
,,,7.46040000e-008,-1.99999996e-002
,,,7.46080000e-008,-2.73125004e-002
,,,7.46120000e-008,-1.84375010e-002
,,,7.46160000e-008,-1.26874996e-002
,,,7.46200000e-008,-1.20000001e-002
,,,7.46240000e-008,-9.84374993e-003
,,,7.46280000e-008,-7.28124985e-003
,,,7.46320000e-008,-6.68750005e-003
,,,7.46360000e-008,-6.46875007e-003
,,,7.46400000e-008,-7.84374960e-003
,,,7.46440000e-008,-7.78124994e-003
,,,7.46480000e-008,-1.57500003e-002
,,,7.46520000e-008,-2.12187506e-002
,,,7.46560000e-008,-1.99999996e-002
,,,7.46600000e-008,-1.28124999e-002
,,,7.46640000e-008,-1.10937497e-002
,,,7.46680000e-008,-7.78124994e-003
,,,7.46720000e-008,-8.21875036e-003
,,,7.46760000e-008,-6.09374978e-003
,,,7.46800000e-008,-5.18749980e-003
,,,7.46840000e-008,-6.68750005e-003
,,,7.46880000e-008,-4.87500010e-003
,,,7.46920000e-008,-4.34374996e-003
,,,7.46960000e-008,-1.49687501e-002
,,,7.47000000e-008,-2.01875009e-002
,,,7.47040000e-008,-1.99999996e-002
,,,7.47080000e-008,-1.97812505e-002
,,,7.47120000e-008,-1.20625002e-002
,,,7.47160000e-008,-1.87812503e-002
,,,7.47200000e-008,-1.63749997e-002
,,,7.47240000e-008,-6.93750009e-003
,,,7.47280000e-008,-7.62500009e-003
,,,7.47320000e-008,-1.68124996e-002
,,,7.47360000e-008,-1.98125001e-002
,,,7.47400000e-008,-1.31874997e-002
,,,7.47440000e-008,-4.00000019e-003
,,,7.47480000e-008,-5.09375008e-003
,,,7.47520000e-008,-8.62499978e-003
,,,7.47560000e-008,-1.08125005e-002
,,,7.47600000e-008,-4.03124979e-003
,,,7.47640000e-008,-4.59375000e-003
,,,7.47680000e-008,-1.20000001e-002
,,,7.47720000e-008,-1.20000001e-002
,,,7.47760000e-008,-8.96875001e-003
,,,7.47800000e-008,-6.78125024e-003
,,,7.47840000e-008,-1.07187498e-002
,,,7.47880000e-008,-9.06249974e-003
,,,7.47920000e-008,-1.43437497e-002
,,,7.47960000e-008,-1.01875002e-002
,,,7.48000000e-008,-9.09375027e-003
,,,7.48040000e-008,-1.20000001e-002
,,,7.48080000e-008,-1.10625001e-002
,,,7.48120000e-008,-4.12499998e-003
,,,7.48160000e-008,-4.31249989e-003
,,,7.48200000e-008,-5.93749993e-003
,,,7.48240000e-008,-1.20000001e-002
,,,7.48280000e-008,-5.87499980e-003
,,,7.48320000e-008,-4.00000019e-003
,,,7.48360000e-008,-1.09999999e-002
,,,7.48400000e-008,-9.34374984e-003
,,,7.48440000e-008,-1.41562503e-002
,,,7.48480000e-008,-1.99999996e-002
,,,7.48520000e-008,-1.36249997e-002
,,,7.48560000e-008,-4.96874982e-003
,,,7.48600000e-008,-2.02812497e-002
,,,7.48640000e-008,-2.80000009e-002
,,,7.48680000e-008,-2.16250010e-002
,,,7.48720000e-008,-7.21875019e-003
,,,7.48760000e-008,-1.61562506e-002
,,,7.48800000e-008,-2.14062501e-002
,,,7.48840000e-008,-1.11562498e-002
,,,7.48880000e-008,-1.42812505e-002
,,,7.48920000e-008,-2.03437507e-002
,,,7.48960000e-008,-1.20000001e-002
,,,7.49000000e-008,-1.40624994e-003
,,,7.49040000e-008,-1.40624994e-003
,,,7.49080000e-008,-7.24999979e-003
,,,7.49120000e-008,-9.81250033e-003
,,,7.49160000e-008,-9.31250025e-003
,,,7.49200000e-008,-1.20000001e-002
,,,7.49240000e-008,-1.20000001e-002
,,,7.49280000e-008,-1.77812502e-002
,,,7.49320000e-008,-1.99999996e-002
,,,7.49360000e-008,-6.68750005e-003
,,,7.49400000e-008,-4.00000019e-003
,,,7.49440000e-008,-4.62500006e-003
,,,7.49480000e-008,-4.00000019e-003
,,,7.49520000e-008,-1.34375002e-002
,,,7.49560000e-008,-1.18437503e-002
,,,7.49600000e-008,-1.04062501e-002
,,,7.49640000e-008,-1.19375000e-002
,,,7.49680000e-008,-1.73125006e-002
,,,7.49720000e-008,-1.12812500e-002
,,,7.49760000e-008,-2.01875009e-002
,,,7.49800000e-008,-1.99999996e-002
,,,7.49840000e-008,-2.05624998e-002
,,,7.49880000e-008,-1.20000001e-002
,,,7.49920000e-008,-1.17500005e-002
,,,7.49960000e-008,-5.46874991e-003
,,,7.50000000e-008,-6.43750001e-003
,,,7.50040000e-008,-6.65624999e-003
,,,7.50080000e-008,-5.87499980e-003
,,,7.50120000e-008,-3.49999988e-003
,,,7.50160000e-008,-4.00000019e-003
,,,7.50200000e-008,-8.03124998e-003
,,,7.50240000e-008,-1.52187506e-002
,,,7.50280000e-008,-1.99999996e-002
,,,7.50320000e-008,-1.70625001e-002
,,,7.50360000e-008,-1.99999996e-002
,,,7.50400000e-008,-1.54062500e-002
,,,7.50440000e-008,-9.25000012e-003
,,,7.50480000e-008,-1.32499998e-002
,,,7.50520000e-008,-1.20000001e-002
,,,7.50560000e-008,-9.46875010e-003
,,,7.50600000e-008,-6.37499988e-003
,,,7.50640000e-008,-1.11250002e-002
,,,7.50680000e-008,-1.15625001e-002
,,,7.50720000e-008,-1.35000004e-002
,,,7.50760000e-008,-6.84374990e-003
,,,7.50800000e-008,-6.46875007e-003
,,,7.50840000e-008,-1.20000001e-002
,,,7.50880000e-008,-1.40000004e-002
,,,7.50920000e-008,-8.37500021e-003
,,,7.50960000e-008,-4.68750019e-003
,,,7.51000000e-008,-3.46875004e-003
,,,7.51040000e-008,-8.84374976e-003
,,,7.51080000e-008,-1.20000001e-002
,,,7.51120000e-008,-1.20000001e-002
,,,7.51160000e-008,-9.21874959e-003
,,,7.51200000e-008,-1.20000001e-002
,,,7.51240000e-008,-1.49375005e-002
,,,7.51280000e-008,-1.20000001e-002
,,,7.51320000e-008,-6.50000013e-003
,,,7.51360000e-008,-1.62499994e-002
,,,7.51400000e-008,-1.38750002e-002
,,,7.51440000e-008,-1.20000001e-002
,,,7.51480000e-008,-5.56250010e-003
,,,7.51520000e-008,-4.00000019e-003
,,,7.51560000e-008,-5.18749980e-003
,,,7.51600000e-008,-2.09375005e-003
,,,7.51640000e-008,-4.00000019e-003
,,,7.51680000e-008,-8.96875001e-003
,,,7.51720000e-008,-4.24999977e-003
,,,7.51760000e-008,-7.62500009e-003
,,,7.51800000e-008,-7.68750021e-003
,,,7.51840000e-008,-1.11250002e-002
,,,7.51880000e-008,-1.53750004e-002
,,,7.51920000e-008,-8.78124963e-003
,,,7.51960000e-008,-9.87500045e-003
,,,7.52000000e-008,-1.20000001e-002
,,,7.52040000e-008,-1.66874994e-002
,,,7.52080000e-008,-2.02812497e-002
,,,7.52120000e-008,-1.20000001e-002
,,,7.52160000e-008,-1.57812499e-002
,,,7.52200000e-008,-1.06250001e-002
,,,7.52240000e-008,-1.25312498e-002
,,,7.52280000e-008,-1.24062505e-002
,,,7.52320000e-008,-7.71874981e-003
,,,7.52360000e-008,-3.53124994e-003
,,,7.52400000e-008,-9.93749965e-003
,,,7.52440000e-008,-1.25937499e-002
,,,7.52480000e-008,-9.15625039e-003
,,,7.52520000e-008,-6.62499992e-003
,,,7.52560000e-008,-6.53125020e-003
,,,7.52600000e-008,-1.18124997e-002
,,,7.52640000e-008,-1.20000001e-002
,,,7.52680000e-008,-4.00000019e-003
,,,7.52720000e-008,-4.34374996e-003
,,,7.52760000e-008,-8.65625031e-003
,,,7.52800000e-008,-8.15625023e-003
,,,7.52840000e-008,-4.00000019e-003
,,,7.52880000e-008,-6.31250022e-003
,,,7.52920000e-008,-7.15625007e-003
,,,7.52960000e-008,-1.15312496e-002
,,,7.53000000e-008,-1.20000001e-002
,,,7.53040000e-008,-1.40937502e-002
,,,7.53080000e-008,-1.09374998e-002
,,,7.53120000e-008,-1.14374999e-002
,,,7.53160000e-008,-8.00000038e-003
,,,7.53200000e-008,-9.40624997e-003
,,,7.53240000e-008,-1.25937499e-002
,,,7.53280000e-008,-1.43125001e-002
,,,7.53320000e-008,-1.20000001e-002
,,,7.53360000e-008,-1.00937504e-002
,,,7.53400000e-008,-1.57187507e-002
,,,7.53440000e-008,-1.20000001e-002
,,,7.53480000e-008,-4.00000019e-003
,,,7.53520000e-008,-4.00000019e-003
,,,7.53560000e-008,-8.65625031e-003
,,,7.53600000e-008,-4.00000019e-003
,,,7.53640000e-008,-1.20000001e-002
,,,7.53680000e-008,-9.21874959e-003
,,,7.53720000e-008,-4.00000019e-003
,,,7.53760000e-008,-4.43750015e-003
,,,7.53800000e-008,-8.65625031e-003
,,,7.53840000e-008,-1.17187500e-002
,,,7.53880000e-008,-1.29062505e-002
,,,7.53920000e-008,-8.28125048e-003
,,,7.53960000e-008,-8.46874993e-003
,,,7.54000000e-008,-1.20000001e-002
,,,7.54040000e-008,-8.53125006e-003
,,,7.54080000e-008,-1.42187504e-002
,,,7.54120000e-008,-1.58750005e-002
,,,7.54160000e-008,-1.40625006e-002
,,,7.54200000e-008,-1.20000001e-002
,,,7.54240000e-008,-1.32812504e-002
,,,7.54280000e-008,-1.20000001e-002
,,,7.54320000e-008,-4.99999989e-003
,,,7.54360000e-008,-7.74999987e-003
,,,7.54400000e-008,-8.43750034e-003
,,,7.54440000e-008,-1.20000001e-002
,,,7.54480000e-008,-4.46875021e-003
,,,7.54520000e-008,-4.06249985e-003
,,,7.54560000e-008,-8.03124998e-003
,,,7.54600000e-008,-1.20000001e-002
,,,7.54640000e-008,-1.20000001e-002
,,,7.54680000e-008,-1.34062497e-002
,,,7.54720000e-008,-1.32499998e-002
,,,7.54760000e-008,-1.68437511e-002
,,,7.54800000e-008,-1.28437504e-002
,,,7.54840000e-008,-1.20000001e-002
,,,7.54880000e-008,-1.18437503e-002
,,,7.54920000e-008,-1.14062503e-002
,,,7.54960000e-008,-6.75000018e-003
,,,7.55000000e-008,-4.37500002e-003
,,,7.55040000e-008,-4.00000019e-003
,,,7.55080000e-008,-9.49999969e-003
,,,7.55120000e-008,-1.20000001e-002
,,,7.55160000e-008,-4.00000019e-003
,,,7.55200000e-008,-7.34374998e-003
,,,7.55240000e-008,-8.40624981e-003
,,,7.55280000e-008,-1.20937498e-002
,,,7.55320000e-008,-1.21562500e-002
,,,7.55360000e-008,-1.15000000e-002
,,,7.55400000e-008,-1.20625002e-002
,,,7.55440000e-008,-1.65625010e-002
,,,7.55480000e-008,-8.24999996e-003
,,,7.55520000e-008,-4.00000019e-003
,,,7.55560000e-008,-1.27187502e-002
,,,7.55600000e-008,-1.87500007e-002
,,,7.55640000e-008,-1.20000001e-002
,,,7.55680000e-008,-7.12500000e-003
,,,7.55720000e-008,-1.25625003e-002
,,,7.55760000e-008,-9.09375027e-003
,,,7.55800000e-008,-1.01250000e-002
,,,7.55840000e-008,-1.20000001e-002
,,,7.55880000e-008,-1.12812500e-002
,,,7.55920000e-008,-1.72499996e-002
,,,7.55960000e-008,-1.47812497e-002
,,,7.56000000e-008,-2.26562507e-002
,,,7.56040000e-008,-1.99999996e-002
,,,7.56080000e-008,-9.93749965e-003
,,,7.56120000e-008,-5.56250010e-003
,,,7.56160000e-008,-8.74999911e-004
,,,7.56200000e-008,-1.29375001e-002
,,,7.56240000e-008,-1.99999996e-002
,,,7.56280000e-008,-1.49687501e-002
,,,7.56320000e-008,-1.18749999e-002
,,,7.56360000e-008,-1.44375004e-002
,,,7.56400000e-008,-1.99999996e-002
,,,7.56440000e-008,-1.60000008e-002
,,,7.56480000e-008,-1.20000001e-002
,,,7.56520000e-008,-1.25000002e-002
,,,7.56560000e-008,-4.00000019e-003
,,,7.56600000e-008,-8.93750042e-003
,,,7.56640000e-008,-8.21875036e-003
,,,7.56680000e-008,-4.00000019e-003
,,,7.56720000e-008,-8.81250016e-003
,,,7.56760000e-008,-5.06250001e-003
,,,7.56800000e-008,-4.00000019e-003
,,,7.56840000e-008,-7.87500013e-003
,,,7.56880000e-008,-7.74999987e-003
,,,7.56920000e-008,-6.59374986e-003
,,,7.56960000e-008,-1.09374998e-002
,,,7.57000000e-008,-8.75000004e-003
,,,7.57040000e-008,-9.68750007e-003
,,,7.57080000e-008,-1.19062504e-002
,,,7.57120000e-008,-1.80000011e-002
,,,7.57160000e-008,-2.00312510e-002
,,,7.57200000e-008,-1.08749997e-002
,,,7.57240000e-008,-1.99999996e-002
,,,7.57280000e-008,-1.57500003e-002
,,,7.57320000e-008,-9.03125014e-003
,,,7.57360000e-008,-1.20000001e-002
,,,7.57400000e-008,-1.96874999e-002
,,,7.57440000e-008,-1.52500002e-002
,,,7.57480000e-008,-7.43750017e-003
,,,7.57520000e-008,-1.11875003e-002
,,,7.57560000e-008,-1.45937502e-002
,,,7.57600000e-008,-1.20000001e-002
,,,7.57640000e-008,-4.24999977e-003
,,,7.57680000e-008,-8.87500029e-003
,,,7.57720000e-008,-8.40624981e-003
,,,7.57760000e-008,-8.43750034e-003
,,,7.57800000e-008,-5.31250006e-003
,,,7.57840000e-008,-4.90625016e-003
,,,7.57880000e-008,-5.65624982e-003
,,,7.57920000e-008,-7.18750013e-003
,,,7.57960000e-008,-7.49999983e-003
,,,7.58000000e-008,-1.67500004e-002
,,,7.58040000e-008,-1.83437504e-002
,,,7.58080000e-008,-8.53125006e-003
,,,7.58120000e-008,-1.20000001e-002
,,,7.58160000e-008,-1.20000001e-002
,,,7.58200000e-008,-5.18749980e-003
,,,7.58240000e-008,-4.40625008e-003
,,,7.58280000e-008,-4.00000019e-003
,,,7.58320000e-008,-4.00000019e-003
,,,7.58360000e-008,-1.86874997e-002
,,,7.58400000e-008,-1.99999996e-002
,,,7.58440000e-008,-8.90624989e-003
,,,7.58480000e-008,-1.20000001e-002
,,,7.58520000e-008,-1.20000001e-002
,,,7.58560000e-008,-1.20000001e-002
,,,7.58600000e-008,-1.20000001e-002
,,,7.58640000e-008,-1.43125001e-002
,,,7.58680000e-008,-1.99999996e-002
,,,7.58720000e-008,-1.25312498e-002
,,,7.58760000e-008,-1.26250004e-002
,,,7.58800000e-008,-6.31250022e-003
,,,7.58840000e-008,-6.62499992e-003
,,,7.58880000e-008,-4.68750019e-003
,,,7.58920000e-008,-1.20000001e-002
,,,7.58960000e-008,-6.31250022e-003
,,,7.59000000e-008,-1.20000001e-002
,,,7.59040000e-008,-1.32812504e-002
,,,7.59080000e-008,-1.20000001e-002
,,,7.59120000e-008,-1.20625002e-002
,,,7.59160000e-008,-1.20000001e-002
,,,7.59200000e-008,-9.43750050e-003
,,,7.59240000e-008,-1.20000001e-002
,,,7.59280000e-008,-8.84374976e-003
,,,7.59320000e-008,-1.22812502e-002
,,,7.59360000e-008,-2.08125003e-002
,,,7.59400000e-008,-1.99999996e-002
,,,7.59440000e-008,-1.93750001e-002
,,,7.59480000e-008,-1.09062502e-002
,,,7.59520000e-008,-9.62499995e-003
,,,7.59560000e-008,-8.28125048e-003
,,,7.59600000e-008,-1.45937502e-002
,,,7.59640000e-008,-1.59374997e-002
,,,7.59680000e-008,-1.20000001e-002
,,,7.59720000e-008,-5.53125003e-003
,,,7.59760000e-008,-8.87500029e-003
,,,7.59800000e-008,-1.20000001e-002
,,,7.59840000e-008,-8.40624981e-003
,,,7.59880000e-008,-1.24062505e-002
,,,7.59920000e-008,-1.20000001e-002
,,,7.59960000e-008,-9.75000020e-003
,,,7.60000000e-008,-4.00000019e-003
,,,7.60040000e-008,-1.24062505e-002
,,,7.60080000e-008,-1.20000001e-002
,,,7.60120000e-008,-1.63749997e-002
,,,7.60160000e-008,-1.20000001e-002
,,,7.60200000e-008,-1.02812499e-002
,,,7.60240000e-008,-1.27812503e-002
,,,7.60280000e-008,-2.19687503e-002
,,,7.60320000e-008,-1.77812502e-002
,,,7.60360000e-008,-1.20000001e-002
,,,7.60400000e-008,-1.91875007e-002
,,,7.60440000e-008,-2.55937502e-002
,,,7.60480000e-008,-1.99999996e-002
,,,7.60520000e-008,-1.22187501e-002
,,,7.60560000e-008,-1.58437509e-002
,,,7.60600000e-008,-1.20000001e-002
,,,7.60640000e-008,-1.05312504e-002
,,,7.60680000e-008,-8.75000004e-003
,,,7.60720000e-008,-1.00937504e-002
,,,7.60760000e-008,-8.87500029e-003
,,,7.60800000e-008,-1.20000001e-002
,,,7.60840000e-008,-1.76562499e-002
,,,7.60880000e-008,-1.21875005e-002
,,,7.60920000e-008,-1.35312499e-002
,,,7.60960000e-008,-1.37812505e-002
,,,7.61000000e-008,-1.35000004e-002
,,,7.61040000e-008,-9.71874967e-003
,,,7.61080000e-008,-1.55624999e-002
,,,7.61120000e-008,-1.20000001e-002
,,,7.61160000e-008,-4.59375000e-003
,,,7.61200000e-008,-8.53125006e-003
,,,7.61240000e-008,-9.87500045e-003
,,,7.61280000e-008,-1.20000001e-002
,,,7.61320000e-008,-1.84375010e-002
,,,7.61360000e-008,-9.65625048e-003
,,,7.61400000e-008,-1.14062503e-002
,,,7.61440000e-008,-1.20000001e-002
,,,7.61480000e-008,-1.50312502e-002
,,,7.61520000e-008,-1.04687503e-002
,,,7.61560000e-008,-2.53125001e-003
,,,7.61600000e-008,-9.68750007e-003
,,,7.61640000e-008,-1.77500006e-002
,,,7.61680000e-008,-1.28124999e-002
,,,7.61720000e-008,-1.20000001e-002
,,,7.61760000e-008,-1.16562499e-002
,,,7.61800000e-008,-1.20000001e-002
,,,7.61840000e-008,-5.84375020e-003
,,,7.61880000e-008,-1.71874999e-003
,,,7.61920000e-008,-1.20625002e-002
,,,7.61960000e-008,-1.69687495e-002
,,,7.62000000e-008,-1.99999996e-002
,,,7.62040000e-008,-8.68749991e-003
,,,7.62080000e-008,-6.46875007e-003
,,,7.62120000e-008,-1.20000001e-002
,,,7.62160000e-008,-1.35625005e-002
,,,7.62200000e-008,-1.78124998e-002
,,,7.62240000e-008,-1.99999996e-002
,,,7.62280000e-008,-1.07500004e-002
,,,7.62320000e-008,-1.99999996e-002
,,,7.62360000e-008,-1.37499999e-002
,,,7.62400000e-008,-1.20000001e-002
,,,7.62440000e-008,-8.37500021e-003
,,,7.62480000e-008,-1.13437502e-002
,,,7.62520000e-008,-1.20000001e-002
,,,7.62560000e-008,-1.29687497e-002
,,,7.62600000e-008,-2.29375008e-002
,,,7.62640000e-008,-1.99999996e-002
,,,7.62680000e-008,-1.20000001e-002
,,,7.62720000e-008,-9.71874967e-003
,,,7.62760000e-008,-1.20000001e-002
,,,7.62800000e-008,-1.70312505e-002
,,,7.62840000e-008,-1.05312504e-002
,,,7.62880000e-008,-5.59375016e-003
,,,7.62920000e-008,-1.20000001e-002
,,,7.62960000e-008,-1.62187498e-002
,,,7.63000000e-008,-1.10625001e-002
,,,7.63040000e-008,-1.08749997e-002
,,,7.63080000e-008,-1.20625002e-002
,,,7.63120000e-008,-1.99999996e-002
,,,7.63160000e-008,-1.21562500e-002
,,,7.63200000e-008,-7.56249996e-003
,,,7.63240000e-008,-1.15000000e-002
,,,7.63280000e-008,-6.87499996e-003
,,,7.63320000e-008,-5.75000001e-003
,,,7.63360000e-008,-7.93750025e-003
,,,7.63400000e-008,-1.08125005e-002
,,,7.63440000e-008,-1.42187504e-002
,,,7.63480000e-008,-1.50937503e-002
,,,7.63520000e-008,-1.99999996e-002
,,,7.63560000e-008,-1.20000001e-002
,,,7.63600000e-008,-1.26250004e-002
,,,7.63640000e-008,-1.40312500e-002
,,,7.63680000e-008,-8.40624981e-003
,,,7.63720000e-008,-6.78125024e-003
,,,7.63760000e-008,-1.15000000e-002
,,,7.63800000e-008,-8.12499970e-003
,,,7.63840000e-008,-1.20000001e-002
,,,7.63880000e-008,-8.31250008e-003
,,,7.63920000e-008,-6.81249984e-003
,,,7.63960000e-008,-7.49999983e-003
,,,7.64000000e-008,-1.20000001e-002
,,,7.64040000e-008,-1.31250005e-002
,,,7.64080000e-008,-1.20000001e-002
,,,7.64120000e-008,-1.46249998e-002
,,,7.64160000e-008,-1.03437500e-002
,,,7.64200000e-008,-1.20000001e-002
,,,7.64240000e-008,-9.25000012e-003
,,,7.64280000e-008,-1.20000001e-002
,,,7.64320000e-008,-1.28437504e-002
,,,7.64360000e-008,-1.63749997e-002
,,,7.64400000e-008,-1.20000001e-002
,,,7.64440000e-008,-2.03750003e-002
,,,7.64480000e-008,-1.99999996e-002
,,,7.64520000e-008,-5.43749984e-003
,,,7.64560000e-008,-1.24375001e-002
,,,7.64600000e-008,-1.20000001e-002
,,,7.64640000e-008,-1.20000001e-002
,,,7.64680000e-008,-1.04687503e-002
,,,7.64720000e-008,-1.20000001e-002
,,,7.64760000e-008,-1.48125002e-002
,,,7.64800000e-008,-7.81250000e-003
,,,7.64840000e-008,-2.45625004e-002
,,,7.64880000e-008,-2.80000009e-002
,,,7.64920000e-008,-1.71875004e-002
,,,7.64960000e-008,-1.20000001e-002
,,,7.65000000e-008,-1.06250001e-002
,,,7.65040000e-008,-1.09062502e-002
,,,7.65080000e-008,-1.86250005e-002
,,,7.65120000e-008,-1.61562506e-002
,,,7.65160000e-008,-1.30937500e-002
,,,7.65200000e-008,-1.20000001e-002
,,,7.65240000e-008,-1.63749997e-002
,,,7.65280000e-008,-1.28124999e-002
,,,7.65320000e-008,-1.79375000e-002
,,,7.65360000e-008,-1.99999996e-002
,,,7.65400000e-008,-5.93749993e-003
,,,7.65440000e-008,-5.46874991e-003
,,,7.65480000e-008,-1.20000001e-002
,,,7.65520000e-008,-1.37499999e-002
,,,7.65560000e-008,-2.33124997e-002
,,,7.65600000e-008,-1.99999996e-002
,,,7.65640000e-008,-4.00000019e-003
,,,7.65680000e-008,-1.26250004e-002
,,,7.65720000e-008,-1.20000001e-002
,,,7.65760000e-008,-9.25000012e-003
,,,7.65800000e-008,-1.16250003e-002
,,,7.65840000e-008,-7.96874985e-003
,,,7.65880000e-008,-1.93750001e-002
,,,7.65920000e-008,-1.99999996e-002
,,,7.65960000e-008,-8.56249966e-003
,,,7.66000000e-008,-8.50000046e-003
,,,7.66040000e-008,-1.20000001e-002
,,,7.66080000e-008,-1.03437500e-002
,,,7.66120000e-008,-5.59375016e-003
,,,7.66160000e-008,-1.39062498e-002
,,,7.66200000e-008,-1.20000001e-002
,,,7.66240000e-008,-1.14062503e-002
,,,7.66280000e-008,-1.20000001e-002
,,,7.66320000e-008,-1.23124998e-002
,,,7.66360000e-008,-1.63125005e-002
,,,7.66400000e-008,-1.54062500e-002
,,,7.66440000e-008,-2.07812507e-002
,,,7.66480000e-008,-2.55625006e-002
,,,7.66520000e-008,-1.86562501e-002
,,,7.66560000e-008,-1.30937500e-002
,,,7.66600000e-008,-1.20000001e-002
,,,7.66640000e-008,-5.65624982e-003
,,,7.66680000e-008,-7.49999983e-003
,,,7.66720000e-008,-4.00000019e-003
,,,7.66760000e-008,-8.00000038e-003
,,,7.66800000e-008,-8.40624981e-003
,,,7.66840000e-008,-1.20000001e-002
,,,7.66880000e-008,-1.39687499e-002
,,,7.66920000e-008,-1.25937499e-002
,,,7.66960000e-008,-1.20000001e-002
,,,7.67000000e-008,-4.00000019e-003
,,,7.67040000e-008,-1.12500004e-002
,,,7.67080000e-008,-6.31250022e-003
,,,7.67120000e-008,-9.81250033e-003
,,,7.67160000e-008,-1.12812500e-002
,,,7.67200000e-008,-1.35937501e-002
,,,7.67240000e-008,-1.32187502e-002
,,,7.67280000e-008,-1.20000001e-002
,,,7.67320000e-008,-5.93749993e-003
,,,7.67360000e-008,-1.77812502e-002
,,,7.67400000e-008,-1.71249993e-002
,,,7.67440000e-008,-1.21875005e-002
,,,7.67480000e-008,-1.53125003e-002
,,,7.67520000e-008,-1.53750004e-002
,,,7.67560000e-008,-1.74375009e-002
,,,7.67600000e-008,-1.77812502e-002
,,,7.67640000e-008,-5.93749993e-003
,,,7.67680000e-008,-1.48750003e-002
,,,7.67720000e-008,-1.99999996e-002
,,,7.67760000e-008,-1.86250005e-002
,,,7.67800000e-008,-8.53125006e-003
,,,7.67840000e-008,-6.84374990e-003
,,,7.67880000e-008,-1.20000001e-002
,,,7.67920000e-008,-1.00624999e-002
,,,7.67960000e-008,-7.93750025e-003
,,,7.68000000e-008,-9.81250033e-003
,,,7.68040000e-008,-8.43750034e-003
,,,7.68080000e-008,-1.79062504e-002
,,,7.68120000e-008,-1.88750010e-002
,,,7.68160000e-008,-8.53125006e-003
,,,7.68200000e-008,-1.20000001e-002
,,,7.68240000e-008,-1.20000001e-002
,,,7.68280000e-008,-1.11875003e-002
,,,7.68320000e-008,-4.00000019e-003
,,,7.68360000e-008,-5.59375016e-003
,,,7.68400000e-008,-1.44062499e-002
,,,7.68440000e-008,-1.27499998e-002
,,,7.68480000e-008,-1.60312504e-002
,,,7.68520000e-008,-1.80625003e-002
,,,7.68560000e-008,-2.54375003e-002
,,,7.68600000e-008,-2.80000009e-002
,,,7.68640000e-008,-1.52500002e-002
,,,7.68680000e-008,-1.12812500e-002
,,,7.68720000e-008,-6.00000005e-003
,,,7.68760000e-008,-6.40624994e-003
,,,7.68800000e-008,-4.00000019e-003
,,,7.68840000e-008,-7.06249988e-003
,,,7.68880000e-008,-5.90624986e-003
,,,7.68920000e-008,-5.75000001e-003
,,,7.68960000e-008,-3.78124998e-003
,,,7.69000000e-008,-1.20000001e-002
,,,7.69040000e-008,-1.44062499e-002
,,,7.69080000e-008,-1.46562504e-002
,,,7.69120000e-008,-1.38437506e-002
,,,7.69160000e-008,-7.68750021e-003
,,,7.69200000e-008,-1.20000001e-002
,,,7.69240000e-008,-9.12499987e-003
,,,7.69280000e-008,-7.65625015e-003
,,,7.69320000e-008,-8.99999961e-003
,,,7.69360000e-008,-9.46875010e-003
,,,7.69400000e-008,-1.26874996e-002
,,,7.69440000e-008,-1.20000001e-002
,,,7.69480000e-008,-7.09374994e-003
,,,7.69520000e-008,-7.09374994e-003
,,,7.69560000e-008,-1.20000001e-002
,,,7.69600000e-008,-8.81250016e-003
,,,7.69640000e-008,-4.00000019e-003
,,,7.69680000e-008,-4.00000019e-003
,,,7.69720000e-008,-4.90625016e-003
,,,7.69760000e-008,-4.96874982e-003
,,,7.69800000e-008,-4.00000019e-003
,,,7.69840000e-008,-1.04062501e-002
,,,7.69880000e-008,-1.19062504e-002
,,,7.69920000e-008,-1.68750007e-002
,,,7.69960000e-008,-1.14687504e-002
,,,7.70000000e-008,-1.99999996e-002
,,,7.70040000e-008,-2.39687506e-002
,,,7.70080000e-008,-1.52187506e-002
,,,7.70120000e-008,-1.29062505e-002
,,,7.70160000e-008,-1.46875000e-002
,,,7.70200000e-008,-1.12500004e-002
,,,7.70240000e-008,-4.00000019e-003
,,,7.70280000e-008,-4.00000019e-003
,,,7.70320000e-008,-7.34374998e-003
,,,7.70360000e-008,-1.27187502e-002
,,,7.70400000e-008,-1.45000005e-002
,,,7.70440000e-008,-1.42187504e-002
,,,7.70480000e-008,-1.20000001e-002
,,,7.70520000e-008,-4.62500006e-003
,,,7.70560000e-008,-9.03125014e-003
,,,7.70600000e-008,-1.20000001e-002
,,,7.70640000e-008,-2.26875003e-002
,,,7.70680000e-008,-1.99999996e-002
,,,7.70720000e-008,-5.43749984e-003
,,,7.70760000e-008,-6.21875003e-003
,,,7.70800000e-008,1.87500089e-004
,,,7.70840000e-008,-4.00000019e-003
,,,7.70880000e-008,-2.08749995e-002
,,,7.70920000e-008,-2.64062509e-002
,,,7.70960000e-008,-2.03437507e-002
,,,7.71000000e-008,-1.08437501e-002
,,,7.71040000e-008,-1.20625002e-002
,,,7.71080000e-008,-1.99999996e-002
,,,7.71120000e-008,-2.01249998e-002
,,,7.71160000e-008,-1.25625003e-002
,,,7.71200000e-008,-1.20000001e-002
,,,7.71240000e-008,-7.21875019e-003
,,,7.71280000e-008,-7.49999983e-003
,,,7.71320000e-008,-5.65624982e-003
,,,7.71360000e-008,-8.50000046e-003
,,,7.71400000e-008,-1.20000001e-002
,,,7.71440000e-008,-1.30312499e-002
,,,7.71480000e-008,-1.32812504e-002
,,,7.71520000e-008,-1.16562499e-002
,,,7.71560000e-008,-1.75312497e-002
,,,7.71600000e-008,-1.65937506e-002
,,,7.71640000e-008,-1.71562508e-002
,,,7.71680000e-008,-1.99999996e-002
,,,7.71720000e-008,-1.09374998e-002
,,,7.71760000e-008,-1.32812504e-002
,,,7.71800000e-008,-1.45937502e-002
,,,7.71840000e-008,-1.18124997e-002
,,,7.71880000e-008,-2.22812500e-002
,,,7.71920000e-008,-1.99999996e-002
,,,7.71960000e-008,-4.43750015e-003
,,,7.72000000e-008,-1.13437502e-002
,,,7.72040000e-008,-1.20000001e-002
,,,7.72080000e-008,-1.30625004e-002
,,,7.72120000e-008,-1.35625005e-002
,,,7.72160000e-008,-1.40312500e-002
,,,7.72200000e-008,-1.99999996e-002
,,,7.72240000e-008,-1.44687500e-002
,,,7.72280000e-008,-1.20000001e-002
,,,7.72320000e-008,-1.13749998e-002
,,,7.72360000e-008,-4.00000019e-003
,,,7.72400000e-008,-7.49999983e-003
,,,7.72440000e-008,-6.18749997e-003
,,,7.72480000e-008,-1.33750001e-002
,,,7.72520000e-008,-1.20000001e-002
,,,7.72560000e-008,-5.28124999e-003
,,,7.72600000e-008,-9.12499987e-003
,,,7.72640000e-008,-1.40937502e-002
,,,7.72680000e-008,-1.99999996e-002
,,,7.72720000e-008,-1.41562503e-002
,,,7.72760000e-008,-8.84374976e-003
,,,7.72800000e-008,-1.20000001e-002
,,,7.72840000e-008,-8.43750034e-003
,,,7.72880000e-008,-1.99999996e-002
,,,7.72920000e-008,-2.12812498e-002
,,,7.72960000e-008,-1.20000001e-002
,,,7.73000000e-008,-1.20000001e-002
,,,7.73040000e-008,-1.15000000e-002
,,,7.73080000e-008,-9.93749965e-003
,,,7.73120000e-008,-1.51875000e-002
,,,7.73160000e-008,-1.22812502e-002
,,,7.73200000e-008,-1.01250000e-002
,,,7.73240000e-008,-1.06875002e-002
,,,7.73280000e-008,-8.46874993e-003
,,,7.73320000e-008,-1.14687504e-002
,,,7.73360000e-008,-1.36562502e-002
,,,7.73400000e-008,-1.20000001e-002
,,,7.73440000e-008,-1.72187500e-002
,,,7.73480000e-008,-1.81249995e-002
,,,7.73520000e-008,-1.92812495e-002
,,,7.73560000e-008,-8.28125048e-003
,,,7.73600000e-008,-1.20000001e-002
,,,7.73640000e-008,-1.35937501e-002
,,,7.73680000e-008,-1.20000001e-002
,,,7.73720000e-008,-4.00000019e-003
,,,7.73760000e-008,-1.20625002e-002
,,,7.73800000e-008,-1.20000001e-002
,,,7.73840000e-008,-1.02812499e-002
,,,7.73880000e-008,-7.12500000e-003
,,,7.73920000e-008,-1.80312507e-002
,,,7.73960000e-008,-1.90312508e-002
,,,7.74000000e-008,-8.21875036e-003
,,,7.74040000e-008,-1.20000001e-002
,,,7.74080000e-008,-1.50000006e-002
,,,7.74120000e-008,-1.53437499e-002
,,,7.74160000e-008,-1.40625006e-002
,,,7.74200000e-008,-1.38437506e-002
,,,7.74240000e-008,-1.92187503e-002
,,,7.74280000e-008,-1.99999996e-002
,,,7.74320000e-008,-1.41874999e-002
,,,7.74360000e-008,-1.01875002e-002
,,,7.74400000e-008,-1.20000001e-002
,,,7.74440000e-008,-7.12500000e-003
,,,7.74480000e-008,-1.20000001e-002
,,,7.74520000e-008,-1.42187504e-002
,,,7.74560000e-008,-2.42187511e-002
,,,7.74600000e-008,-1.99999996e-002
,,,7.74640000e-008,-5.65624982e-003
,,,7.74680000e-008,-9.28124972e-003
,,,7.74720000e-008,-1.58124994e-002
,,,7.74760000e-008,-1.40312500e-002
,,,7.74800000e-008,-1.99999996e-002
,,,7.74840000e-008,-2.62812506e-002
,,,7.74880000e-008,-2.11875010e-002
,,,7.74920000e-008,-5.84375020e-003
,,,7.74960000e-008,-7.09374994e-003
,,,7.75000000e-008,-1.20000001e-002
,,,7.75040000e-008,-1.27187502e-002
,,,7.75080000e-008,-8.81250016e-003
,,,7.75120000e-008,-1.30312499e-002
,,,7.75160000e-008,-9.09375027e-003
,,,7.75200000e-008,-1.99999996e-002
,,,7.75240000e-008,-2.42500007e-002
,,,7.75280000e-008,-1.20312497e-002
,,,7.75320000e-008,-1.20000001e-002
,,,7.75360000e-008,-1.36249997e-002
,,,7.75400000e-008,-1.20000001e-002
,,,7.75440000e-008,-1.77500006e-002
,,,7.75480000e-008,-1.98125001e-002
,,,7.75520000e-008,-1.03437500e-002
,,,7.75560000e-008,-1.05312504e-002
,,,7.75600000e-008,-9.84374993e-003
,,,7.75640000e-008,-1.20000001e-002
,,,7.75680000e-008,-7.21875019e-003
,,,7.75720000e-008,-1.14062503e-002
,,,7.75760000e-008,-1.20000001e-002
,,,7.75800000e-008,-1.20000001e-002
,,,7.75840000e-008,-1.24062505e-002
,,,7.75880000e-008,-1.20000001e-002
,,,7.75920000e-008,-1.30937500e-002
,,,7.75960000e-008,-1.36874998e-002
,,,7.76000000e-008,-1.27187502e-002
,,,7.76040000e-008,-1.20000001e-002
,,,7.76080000e-008,-8.12499970e-003
,,,7.76120000e-008,-1.25000002e-002
,,,7.76160000e-008,-9.18749999e-003
,,,7.76200000e-008,-1.20937498e-002
,,,7.76240000e-008,-2.14687511e-002
,,,7.76280000e-008,-1.99999996e-002
,,,7.76320000e-008,-8.59375019e-003
,,,7.76360000e-008,-2.12187506e-002
,,,7.76400000e-008,-2.27187499e-002
,,,7.76440000e-008,-1.26874996e-002
,,,7.76480000e-008,-1.40625006e-002
,,,7.76520000e-008,-2.41562501e-002
,,,7.76560000e-008,-2.49375012e-002
,,,7.76600000e-008,-1.20000001e-002
,,,7.76640000e-008,-1.37499999e-002
,,,7.76680000e-008,-9.62499995e-003
,,,7.76720000e-008,-9.46875010e-003
,,,7.76760000e-008,-1.09687503e-002
,,,7.76800000e-008,-1.57500003e-002
,,,7.76840000e-008,-1.97500009e-002
,,,7.76880000e-008,-1.20000001e-002
,,,7.76920000e-008,-1.20000001e-002
,,,7.76960000e-008,-1.47187505e-002
,,,7.77000000e-008,-1.36562502e-002
,,,7.77040000e-008,-6.71875011e-003
,,,7.77080000e-008,-6.18749997e-003
,,,7.77120000e-008,-7.24999979e-003
,,,7.77160000e-008,-4.00000019e-003
,,,7.77200000e-008,-9.59375035e-003
,,,7.77240000e-008,-1.99999996e-002
,,,7.77280000e-008,-1.95937511e-002
,,,7.77320000e-008,-9.21874959e-003
,,,7.77360000e-008,-1.13124996e-002
,,,7.77400000e-008,-1.20000001e-002
,,,7.77440000e-008,-1.19687505e-002
,,,7.77480000e-008,-2.10625008e-002
,,,7.77520000e-008,-1.99999996e-002
,,,7.77560000e-008,-7.78124994e-003
,,,7.77600000e-008,-1.20000001e-002
,,,7.77640000e-008,-1.52812498e-002
,,,7.77680000e-008,-6.68750005e-003
,,,7.77720000e-008,-5.49999997e-003
,,,7.77760000e-008,-1.46562504e-002
,,,7.77800000e-008,-1.20000001e-002
,,,7.77840000e-008,-1.26250004e-002
,,,7.77880000e-008,-1.20000001e-002
,,,7.77920000e-008,-1.20625002e-002
,,,7.77960000e-008,-2.41562501e-002
,,,7.78000000e-008,-2.43750010e-002
,,,7.78040000e-008,-1.77812502e-002
,,,7.78080000e-008,-2.01875009e-002
,,,7.78120000e-008,-2.74999999e-002
,,,7.78160000e-008,-1.99999996e-002
,,,7.78200000e-008,-6.28125016e-003
,,,7.78240000e-008,-1.03437500e-002
,,,7.78280000e-008,-1.40312500e-002
,,,7.78320000e-008,-1.99999996e-002
,,,7.78360000e-008,-1.07812500e-002
,,,7.78400000e-008,-1.72187500e-002
,,,7.78440000e-008,-1.76250003e-002
,,,7.78480000e-008,-1.20000001e-002
,,,7.78520000e-008,-1.10625001e-002
,,,7.78560000e-008,-1.63749997e-002
,,,7.78600000e-008,-1.29062505e-002
,,,7.78640000e-008,-8.15625023e-003
,,,7.78680000e-008,-9.28124972e-003
,,,7.78720000e-008,-4.34374996e-003
,,,7.78760000e-008,-4.65625012e-003
,,,7.78800000e-008,-3.00000003e-003
,,,7.78840000e-008,-6.40624994e-003
,,,7.78880000e-008,-6.90625003e-003
,,,7.78920000e-008,-1.37499999e-002
,,,7.78960000e-008,-2.15624999e-002
,,,7.79000000e-008,-3.08437496e-002
,,,7.79040000e-008,-2.80000009e-002
,,,7.79080000e-008,-1.96874999e-002
,,,7.79120000e-008,-1.62812509e-002
,,,7.79160000e-008,-1.99999996e-002
,,,7.79200000e-008,-1.56250000e-002
,,,7.79240000e-008,-1.20000001e-002
,,,7.79280000e-008,-5.09375008e-003
,,,7.79320000e-008,-7.03124981e-003
,,,7.79360000e-008,-8.24999996e-003
,,,7.79400000e-008,-1.57187507e-002
,,,7.79440000e-008,-1.44375004e-002
,,,7.79480000e-008,-1.20000001e-002
,,,7.79520000e-008,-1.59687493e-002
,,,7.79560000e-008,-1.99999996e-002
,,,7.79600000e-008,-1.99999996e-002
,,,7.79640000e-008,-1.32187502e-002
,,,7.79680000e-008,-1.20000001e-002
,,,7.79720000e-008,-1.99999996e-002
,,,7.79760000e-008,-1.80312507e-002
,,,7.79800000e-008,-6.71875011e-003
,,,7.79840000e-008,-1.13124996e-002
,,,7.79880000e-008,-1.12187499e-002
,,,7.79920000e-008,-7.74999987e-003
,,,7.79960000e-008,-1.63749997e-002
,,,7.80000000e-008,-1.56562496e-002
,,,7.80040000e-008,-1.99999996e-002
,,,7.80080000e-008,-1.40000004e-002
,,,7.80120000e-008,-1.68124996e-002
,,,7.80160000e-008,-2.48750001e-002
,,,7.80200000e-008,-1.99999996e-002
,,,7.80240000e-008,-7.87500013e-003
,,,7.80280000e-008,-1.20000001e-002
,,,7.80320000e-008,-1.36249997e-002
,,,7.80360000e-008,-1.14374999e-002
,,,7.80400000e-008,-1.18437503e-002
,,,7.80440000e-008,-1.20000001e-002
,,,7.80480000e-008,-1.20000001e-002
,,,7.80520000e-008,-1.20000001e-002
,,,7.80560000e-008,-1.99999996e-002
,,,7.80600000e-008,-2.03750003e-002
,,,7.80640000e-008,-1.64375007e-002
,,,7.80680000e-008,-1.20000001e-002
,,,7.80720000e-008,-8.15625023e-003
,,,7.80760000e-008,-4.00000019e-003
,,,7.80800000e-008,-1.20000001e-002
,,,7.80840000e-008,-1.14687504e-002
,,,7.80880000e-008,-7.28124985e-003
,,,7.80920000e-008,-1.20000001e-002
,,,7.80960000e-008,-6.87499996e-003
,,,7.81000000e-008,-1.30000003e-002
,,,7.81040000e-008,-1.99999996e-002
,,,7.81080000e-008,-1.90625004e-002
,,,7.81120000e-008,-1.12500004e-002
,,,7.81160000e-008,-1.20000001e-002
,,,7.81200000e-008,-1.20000001e-002
,,,7.81240000e-008,-1.20000001e-002
,,,7.81280000e-008,-6.21875003e-003
,,,7.81320000e-008,-9.75000020e-003
,,,7.81360000e-008,-1.99999996e-002
,,,7.81400000e-008,-1.65625010e-002
,,,7.81440000e-008,-1.43125001e-002
,,,7.81480000e-008,-1.44062499e-002
,,,7.81520000e-008,-1.02812499e-002
,,,7.81560000e-008,-1.31874997e-002
,,,7.81600000e-008,-2.29062494e-002
,,,7.81640000e-008,-1.99999996e-002
,,,7.81680000e-008,-1.26562500e-002
,,,7.81720000e-008,-1.99999996e-002
,,,7.81760000e-008,-1.52500002e-002
,,,7.81800000e-008,-1.41562503e-002
,,,7.81840000e-008,-1.34375002e-002
,,,7.81880000e-008,-9.12499987e-003
,,,7.81920000e-008,-1.20000001e-002
,,,7.81960000e-008,-1.53125003e-002
,,,7.82000000e-008,-8.96875001e-003
,,,7.82040000e-008,-1.20000001e-002
,,,7.82080000e-008,-7.31249992e-003
,,,7.82120000e-008,-9.25000012e-003
,,,7.82160000e-008,-1.86250005e-002
,,,7.82200000e-008,-1.99999996e-002
,,,7.82240000e-008,-1.09374998e-002
,,,7.82280000e-008,-7.09374994e-003
,,,7.82320000e-008,-1.29375001e-002
,,,7.82360000e-008,-1.20000001e-002
,,,7.82400000e-008,-1.52500002e-002
,,,7.82440000e-008,-1.65937506e-002
,,,7.82480000e-008,-6.75000018e-003
,,,7.82520000e-008,-8.65625031e-003
,,,7.82560000e-008,-6.37499988e-003
,,,7.82600000e-008,-4.53124987e-003
,,,7.82640000e-008,-1.20000001e-002
,,,7.82680000e-008,-9.12499987e-003
,,,7.82720000e-008,-1.02500003e-002
,,,7.82760000e-008,-1.99999996e-002
,,,7.82800000e-008,-1.25000002e-002
,,,7.82840000e-008,-7.65625015e-003
,,,7.82880000e-008,-7.65625015e-003
,,,7.82920000e-008,-1.20000001e-002
,,,7.82960000e-008,-4.93749976e-003
,,,7.83000000e-008,-1.09999999e-002
,,,7.83040000e-008,-1.99999996e-002
,,,7.83080000e-008,-1.55937504e-002
,,,7.83120000e-008,-4.00000019e-003
,,,7.83160000e-008,-8.90624989e-003
,,,7.83200000e-008,-6.93750009e-003
,,,7.83240000e-008,-1.08437501e-002
,,,7.83280000e-008,-1.20000001e-002
,,,7.83320000e-008,-8.84374976e-003
,,,7.83360000e-008,-1.20000001e-002
,,,7.83400000e-008,-1.99999996e-002
,,,7.83440000e-008,-1.60000008e-002
,,,7.83480000e-008,-1.99999996e-002
,,,7.83520000e-008,-1.63749997e-002
,,,7.83560000e-008,-1.05625000e-002
,,,7.83600000e-008,-1.30937500e-002
,,,7.83640000e-008,-1.15000000e-002
,,,7.83680000e-008,-1.20000001e-002
,,,7.83720000e-008,-1.20000001e-002
,,,7.83760000e-008,-9.99999978e-003
,,,7.83800000e-008,-1.99999996e-002
,,,7.83840000e-008,-2.83125006e-002
,,,7.83880000e-008,-2.37187501e-002
,,,7.83920000e-008,-2.50937510e-002
,,,7.83960000e-008,-3.43750007e-002
,,,7.84000000e-008,-2.80000009e-002
,,,7.84040000e-008,-1.50624998e-002
,,,7.84080000e-008,-1.99999996e-002
,,,7.84120000e-008,-1.14687504e-002
,,,7.84160000e-008,-7.06249988e-003
,,,7.84200000e-008,-1.20000001e-002
,,,7.84240000e-008,-1.69062503e-002
,,,7.84280000e-008,-1.92499999e-002
,,,7.84320000e-008,-1.10625001e-002
,,,7.84360000e-008,-7.74999987e-003
,,,7.84400000e-008,-1.38750002e-002
,,,7.84440000e-008,-1.48125002e-002
,,,7.84480000e-008,-1.61562506e-002
,,,7.84520000e-008,-2.01562494e-002
,,,7.84560000e-008,-1.30312499e-002
,,,7.84600000e-008,-2.48750001e-002
,,,7.84640000e-008,-2.80000009e-002
,,,7.84680000e-008,-1.70312505e-002
,,,7.84720000e-008,-1.58750005e-002
,,,7.84760000e-008,-2.91875005e-002
,,,7.84800000e-008,-2.80000009e-002
,,,7.84840000e-008,-1.25937499e-002
,,,7.84880000e-008,-1.20000001e-002
,,,7.84920000e-008,-9.21874959e-003
,,,7.84960000e-008,-1.25937499e-002
,,,7.85000000e-008,-8.40624981e-003
,,,7.85040000e-008,-1.20000001e-002
,,,7.85080000e-008,-1.55624999e-002
,,,7.85120000e-008,-1.87812503e-002
,,,7.85160000e-008,-1.87187493e-002
,,,7.85200000e-008,-1.21562500e-002
,,,7.85240000e-008,-1.20000001e-002
,,,7.85280000e-008,-1.20312497e-002
,,,7.85320000e-008,-1.06562497e-002
,,,7.85360000e-008,-1.17187500e-002
,,,7.85400000e-008,-7.28124985e-003
,,,7.85440000e-008,-1.06250001e-002
,,,7.85480000e-008,-1.56562496e-002
,,,7.85520000e-008,-1.32812504e-002
,,,7.85560000e-008,-2.29062494e-002
,,,7.85600000e-008,-1.99999996e-002
,,,7.85640000e-008,-2.25625001e-002
,,,7.85680000e-008,-1.40625006e-002
,,,7.85720000e-008,-7.18750013e-003
,,,7.85760000e-008,-2.96874996e-003
,,,7.85800000e-008,-1.02187498e-002
,,,7.85840000e-008,-1.20000001e-002
,,,7.85880000e-008,-1.20000001e-002
,,,7.85920000e-008,-9.18749999e-003
,,,7.85960000e-008,-2.32187510e-002
,,,7.86000000e-008,-2.80000009e-002
,,,7.86040000e-008,-2.13437509e-002
,,,7.86080000e-008,-7.81250000e-003
,,,7.86120000e-008,-8.21875036e-003
,,,7.86160000e-008,-1.65625010e-002
,,,7.86200000e-008,-1.24062505e-002
,,,7.86240000e-008,-1.25625003e-002
,,,7.86280000e-008,-1.15312496e-002
,,,7.86320000e-008,-1.12812500e-002
,,,7.86360000e-008,-1.06250001e-002
,,,7.86400000e-008,-7.15625007e-003
,,,7.86440000e-008,-1.20000001e-002
,,,7.86480000e-008,-8.75000004e-003
,,,7.86520000e-008,-1.28750000e-002
,,,7.86560000e-008,-8.46874993e-003
,,,7.86600000e-008,-1.20000001e-002
,,,7.86640000e-008,-1.59687493e-002
,,,7.86680000e-008,-1.77812502e-002
,,,7.86720000e-008,-1.20000001e-002
,,,7.86760000e-008,-1.71875004e-002
,,,7.86800000e-008,-1.20000001e-002
,,,7.86840000e-008,-1.99999996e-002
,,,7.86880000e-008,-1.79062504e-002
,,,7.86920000e-008,-9.56249982e-003
,,,7.86960000e-008,-1.42812505e-002
,,,7.87000000e-008,-1.39062498e-002
,,,7.87040000e-008,-1.20000001e-002
,,,7.87080000e-008,-1.20000001e-002
,,,7.87120000e-008,-1.29375001e-002
,,,7.87160000e-008,-1.21250004e-002
,,,7.87200000e-008,-1.43750003e-002
,,,7.87240000e-008,-2.80000009e-002
,,,7.87280000e-008,-2.64687501e-002
,,,7.87320000e-008,-1.27812503e-002
,,,7.87360000e-008,-2.22812500e-002
,,,7.87400000e-008,-1.99999996e-002
,,,7.87440000e-008,-4.96874982e-003
,,,7.87480000e-008,-7.56249996e-003
,,,7.87520000e-008,-3.09374998e-003
,,,7.87560000e-008,-9.21874959e-003
,,,7.87600000e-008,-9.15625039e-003
,,,7.87640000e-008,-1.03749996e-002
,,,7.87680000e-008,-9.03125014e-003
,,,7.87720000e-008,-1.08749997e-002
,,,7.87760000e-008,-1.99999996e-002
,,,7.87800000e-008,-1.94687508e-002
,,,7.87840000e-008,-6.46875007e-003
,,,7.87880000e-008,-1.59687493e-002
,,,7.87920000e-008,-1.85937509e-002
,,,7.87960000e-008,-1.26562500e-002
,,,7.88000000e-008,-1.99999996e-002
,,,7.88040000e-008,-1.22499997e-002
,,,7.88080000e-008,-6.50000013e-003
,,,7.88120000e-008,-5.56250010e-003
,,,7.88160000e-008,-1.20625002e-002
,,,7.88200000e-008,-1.20000001e-002
,,,7.88240000e-008,-1.20000001e-002
,,,7.88280000e-008,-1.35312499e-002
,,,7.88320000e-008,-1.99999996e-002
,,,7.88360000e-008,-1.74687505e-002
,,,7.88400000e-008,-1.93437506e-002
,,,7.88440000e-008,-1.68437511e-002
,,,7.88480000e-008,-1.99999996e-002
,,,7.88520000e-008,-1.33750001e-002
,,,7.88560000e-008,-1.28437504e-002
,,,7.88600000e-008,-7.37500004e-003
,,,7.88640000e-008,-1.03125004e-002
,,,7.88680000e-008,-1.49062499e-002
,,,7.88720000e-008,-1.66250002e-002
,,,7.88760000e-008,-1.20000001e-002
,,,7.88800000e-008,-1.26250004e-002
,,,7.88840000e-008,-9.68750007e-003
,,,7.88880000e-008,-1.70000009e-002
,,,7.88920000e-008,-1.99999996e-002
,,,7.88960000e-008,-1.75937507e-002
,,,7.89000000e-008,-3.16249989e-002
,,,7.89040000e-008,-3.26250009e-002
,,,7.89080000e-008,-1.99999996e-002
,,,7.89120000e-008,-1.34062497e-002
,,,7.89160000e-008,-2.11562496e-002
,,,7.89200000e-008,-2.37812512e-002
,,,7.89240000e-008,-1.99999996e-002
,,,7.89280000e-008,-9.81250033e-003
,,,7.89320000e-008,-1.20000001e-002
,,,7.89360000e-008,-1.21875005e-002
,,,7.89400000e-008,-1.20000001e-002
,,,7.89440000e-008,-7.06249988e-003
,,,7.89480000e-008,-1.75312497e-002
,,,7.89520000e-008,-1.99062508e-002
,,,7.89560000e-008,-1.04062501e-002
,,,7.89600000e-008,-1.36249997e-002
,,,7.89640000e-008,-1.39687499e-002
,,,7.89680000e-008,-1.65937506e-002
,,,7.89720000e-008,-2.01875009e-002
,,,7.89760000e-008,-1.57812499e-002
,,,7.89800000e-008,-1.27499998e-002
,,,7.89840000e-008,-1.96562503e-002
,,,7.89880000e-008,-1.68750007e-002
,,,7.89920000e-008,-9.43750050e-003
,,,7.89960000e-008,-1.18124997e-002
,,,7.90000000e-008,-1.78124998e-002
,,,7.90040000e-008,-2.54687499e-002
,,,7.90080000e-008,-2.11250000e-002
,,,7.90120000e-008,-5.59375016e-003
,,,7.90160000e-008,-8.03124998e-003
,,,7.90200000e-008,-1.11875003e-002
,,,7.90240000e-008,-1.39687499e-002
,,,7.90280000e-008,-1.59374997e-002
,,,7.90320000e-008,-1.20000001e-002
,,,7.90360000e-008,-1.45000005e-002
,,,7.90400000e-008,-1.43437497e-002
,,,7.90440000e-008,-1.13124996e-002
,,,7.90480000e-008,-1.11562498e-002
,,,7.90520000e-008,-1.99999996e-002
,,,7.90560000e-008,-1.88124999e-002
,,,7.90600000e-008,-1.28124999e-002
,,,7.90640000e-008,-1.45937502e-002
,,,7.90680000e-008,-1.20000001e-002
,,,7.90720000e-008,-1.32499998e-002
,,,7.90760000e-008,-1.84375010e-002
,,,7.90800000e-008,-1.23437503e-002
,,,7.90840000e-008,-8.62499978e-003
,,,7.90880000e-008,-1.24375001e-002
,,,7.90920000e-008,-6.06250018e-003
,,,7.90960000e-008,-1.20000001e-002
,,,7.91000000e-008,-1.57500003e-002
,,,7.91040000e-008,-1.28437504e-002
,,,7.91080000e-008,-1.72499996e-002
,,,7.91120000e-008,-1.27187502e-002
,,,7.91160000e-008,-1.48125002e-002
,,,7.91200000e-008,-1.48125002e-002
,,,7.91240000e-008,-1.45624997e-002
,,,7.91280000e-008,-5.56250010e-003
,,,7.91320000e-008,-8.06249958e-003
,,,7.91360000e-008,-6.65624999e-003
,,,7.91400000e-008,-1.20000001e-002
,,,7.91440000e-008,-1.20000001e-002
,,,7.91480000e-008,-4.28124983e-003
,,,7.91520000e-008,-4.81249997e-003
,,,7.91560000e-008,-9.43750050e-003
,,,7.91600000e-008,-1.40625006e-002
,,,7.91640000e-008,-1.20000001e-002
,,,7.91680000e-008,-6.59374986e-003
,,,7.91720000e-008,-1.20000001e-002
,,,7.91760000e-008,-1.59062501e-002
,,,7.91800000e-008,-1.99999996e-002
,,,7.91840000e-008,-1.00312503e-002
,,,7.91880000e-008,-8.12499970e-003
,,,7.91920000e-008,-9.43750050e-003
,,,7.91960000e-008,-4.68750019e-003
,,,7.92000000e-008,-1.20000001e-002
,,,7.92040000e-008,-1.55937504e-002
,,,7.92080000e-008,-1.20000001e-002
,,,7.92120000e-008,-1.20000001e-002
,,,7.92160000e-008,-1.59687493e-002
,,,7.92200000e-008,-1.34687498e-002
,,,7.92240000e-008,-2.80000009e-002
,,,7.92280000e-008,-2.63125002e-002
,,,7.92320000e-008,-9.84374993e-003
,,,7.92360000e-008,-6.43750001e-003
,,,7.92400000e-008,-4.28124983e-003
,,,7.92440000e-008,-1.20000001e-002
,,,7.92480000e-008,-1.08749997e-002
,,,7.92520000e-008,-1.20000001e-002
,,,7.92560000e-008,-6.78125024e-003
,,,7.92600000e-008,-1.01562496e-002
,,,7.92640000e-008,-5.31250006e-003
,,,7.92680000e-008,-1.20000001e-002
,,,7.92720000e-008,-1.66562498e-002
,,,7.92760000e-008,-2.09062509e-002
,,,7.92800000e-008,-2.80000009e-002
,,,7.92840000e-008,-1.87812503e-002
,,,7.92880000e-008,-1.23749999e-002
,,,7.92920000e-008,-7.03124981e-003
,,,7.92960000e-008,-9.15625039e-003
,,,7.93000000e-008,-1.41562503e-002
,,,7.93040000e-008,-2.05624998e-002
,,,7.93080000e-008,-1.99999996e-002
,,,7.93120000e-008,-6.96875015e-003
,,,7.93160000e-008,-7.93750025e-003
,,,7.93200000e-008,-1.59687493e-002
,,,7.93240000e-008,-1.20000001e-002
,,,7.93280000e-008,-1.20937498e-002
,,,7.93320000e-008,-1.49687501e-002
,,,7.93360000e-008,-1.27187502e-002
,,,7.93400000e-008,-7.68750021e-003
,,,7.93440000e-008,-1.20000001e-002
,,,7.93480000e-008,-4.21875017e-003
,,,7.93520000e-008,-9.49999969e-003
,,,7.93560000e-008,-1.39062498e-002
,,,7.93600000e-008,-1.20000001e-002
,,,7.93640000e-008,-1.44687500e-002
,,,7.93680000e-008,-1.99999996e-002
,,,7.93720000e-008,-1.65625010e-002
,,,7.93760000e-008,-4.40625008e-003
,,,7.93800000e-008,-7.21875019e-003
,,,7.93840000e-008,-4.21875017e-003
,,,7.93880000e-008,-1.20000001e-002
,,,7.93920000e-008,-1.08749997e-002
,,,7.93960000e-008,-1.20625002e-002
,,,7.94000000e-008,-1.46249998e-002
,,,7.94040000e-008,-5.78125007e-003
,,,7.94080000e-008,-1.20000001e-002
,,,7.94120000e-008,-1.08125005e-002
,,,7.94160000e-008,-1.56250000e-002
,,,7.94200000e-008,-1.69374999e-002
,,,7.94240000e-008,-1.37499999e-002
,,,7.94280000e-008,-1.99999996e-002
,,,7.94320000e-008,-1.99999996e-002
,,,7.94360000e-008,-9.62499995e-003
,,,7.94400000e-008,-1.04687503e-002
,,,7.94440000e-008,-6.65624999e-003
,,,7.94480000e-008,-8.00000038e-003
,,,7.94520000e-008,-1.55937504e-002
,,,7.94560000e-008,-1.44687500e-002
,,,7.94600000e-008,-1.59374997e-002
,,,7.94640000e-008,-1.99999996e-002
,,,7.94680000e-008,-1.21250004e-002
,,,7.94720000e-008,-1.22499997e-002
,,,7.94760000e-008,-1.99999996e-002
,,,7.94800000e-008,-1.55937504e-002
,,,7.94840000e-008,-1.20000001e-002
,,,7.94880000e-008,-1.24375001e-002
,,,7.94920000e-008,-1.31562501e-002
,,,7.94960000e-008,-1.88437495e-002
,,,7.95000000e-008,-1.20000001e-002
,,,7.95040000e-008,-1.20000001e-002
,,,7.95080000e-008,-1.39687499e-002
,,,7.95120000e-008,-1.63749997e-002
,,,7.95160000e-008,-1.64999999e-002
,,,7.95200000e-008,-1.20000001e-002
,,,7.95240000e-008,-1.24687497e-002
,,,7.95280000e-008,-4.00000019e-003
,,,7.95320000e-008,-1.20000001e-002
,,,7.95360000e-008,-1.26562500e-002
,,,7.95400000e-008,-1.22812502e-002
,,,7.95440000e-008,-2.15000007e-002
,,,7.95480000e-008,-3.60000022e-002
,,,7.95520000e-008,-3.37187499e-002
,,,7.95560000e-008,-1.65312495e-002
,,,7.95600000e-008,-1.20000001e-002
,,,7.95640000e-008,-1.20000001e-002
,,,7.95680000e-008,-1.20000001e-002
,,,7.95720000e-008,-1.21875005e-002
,,,7.95760000e-008,-1.08125005e-002
,,,7.95800000e-008,-1.81249995e-002
,,,7.95840000e-008,-1.26874996e-002
,,,7.95880000e-008,-9.46875010e-003
,,,7.95920000e-008,-1.20000001e-002
,,,7.95960000e-008,-1.72812510e-002
,,,7.96000000e-008,-1.49687501e-002
,,,7.96040000e-008,-1.20000001e-002
,,,7.96080000e-008,-1.07500004e-002
,,,7.96120000e-008,-7.84374960e-003
,,,7.96160000e-008,-1.54375006e-002
,,,7.96200000e-008,-2.22500004e-002
,,,7.96240000e-008,-1.99999996e-002
,,,7.96280000e-008,-8.09375010e-003
,,,7.96320000e-008,-1.20000001e-002
,,,7.96360000e-008,-1.20000001e-002
,,,7.96400000e-008,-1.58124994e-002
,,,7.96440000e-008,-1.94374993e-002
,,,7.96480000e-008,-1.23749999e-002
,,,7.96520000e-008,-7.21875019e-003
,,,7.96560000e-008,-1.82812493e-002
,,,7.96600000e-008,-1.97187494e-002
,,,7.96640000e-008,-1.36874998e-002
,,,7.96680000e-008,-1.39062498e-002
,,,7.96720000e-008,-8.84374976e-003
,,,7.96760000e-008,-7.65625015e-003
,,,7.96800000e-008,-9.62499995e-003
,,,7.96840000e-008,-5.21874987e-003
,,,7.96880000e-008,-1.41249998e-002
,,,7.96920000e-008,-1.20000001e-002
,,,7.96960000e-008,-1.01250000e-002
,,,7.97000000e-008,-1.20000001e-002
,,,7.97040000e-008,-9.15625039e-003
,,,7.97080000e-008,-1.20000001e-002
,,,7.97120000e-008,-6.21875003e-003
,,,7.97160000e-008,-1.12500004e-002
,,,7.97200000e-008,-1.20000001e-002
,,,7.97240000e-008,-3.78124998e-003
,,,7.97280000e-008,-8.40624981e-003
,,,7.97320000e-008,-1.99999996e-002
,,,7.97360000e-008,-1.71562508e-002
,,,7.97400000e-008,-1.20000001e-002
,,,7.97440000e-008,-1.56562496e-002
,,,7.97480000e-008,-1.99999996e-002
,,,7.97520000e-008,-2.58750003e-002
,,,7.97560000e-008,-1.83750000e-002
,,,7.97600000e-008,-4.00000019e-003
,,,7.97640000e-008,-6.93750009e-003
,,,7.97680000e-008,-1.20000001e-002
,,,7.97720000e-008,-1.39062498e-002
,,,7.97760000e-008,-1.46875000e-002
,,,7.97800000e-008,-1.99999996e-002
,,,7.97840000e-008,-1.85000002e-002
,,,7.97880000e-008,-1.20000001e-002
,,,7.97920000e-008,-1.31562501e-002
,,,7.97960000e-008,-8.81250016e-003
,,,7.98000000e-008,-7.49999983e-003
,,,7.98040000e-008,-1.56562496e-002
,,,7.98080000e-008,-1.99999996e-002
,,,7.98120000e-008,-1.11562498e-002
,,,7.98160000e-008,-1.04062501e-002
,,,7.98200000e-008,-1.66250002e-002
,,,7.98240000e-008,-1.20000001e-002
,,,7.98280000e-008,-1.13749998e-002
,,,7.98320000e-008,-1.20000001e-002
,,,7.98360000e-008,-1.65937506e-002
,,,7.98400000e-008,-6.90625003e-003
,,,7.98440000e-008,-1.23749999e-002
,,,7.98480000e-008,-1.99999996e-002
,,,7.98520000e-008,-1.40937502e-002
,,,7.98560000e-008,-1.14062503e-002
,,,7.98600000e-008,-1.20000001e-002
,,,7.98640000e-008,-4.84375004e-003
,,,7.98680000e-008,-7.87500013e-003
,,,7.98720000e-008,-1.20000001e-002
,,,7.98760000e-008,-1.12500004e-002
,,,7.98800000e-008,-1.80625003e-002
,,,7.98840000e-008,-1.59062501e-002
,,,7.98880000e-008,-1.96562503e-002
,,,7.98920000e-008,-1.52187506e-002
,,,7.98960000e-008,-7.40625011e-003
,,,7.99000000e-008,-1.20000001e-002
,,,7.99040000e-008,-8.43750034e-003
,,,7.99080000e-008,-5.87499980e-003
,,,7.99120000e-008,-1.20000001e-002
,,,7.99160000e-008,-6.84374990e-003
,,,7.99200000e-008,-1.20000001e-002
,,,7.99240000e-008,-1.39062498e-002
,,,7.99280000e-008,-9.31250025e-003
,,,7.99320000e-008,-1.99999996e-002
,,,7.99360000e-008,-1.95937511e-002
,,,7.99400000e-008,-8.75000004e-003
,,,7.99440000e-008,-5.78125007e-003
,,,7.99480000e-008,-8.50000046e-003
,,,7.99520000e-008,-1.20000001e-002
,,,7.99560000e-008,-1.23437503e-002
,,,7.99600000e-008,-8.56249966e-003
,,,7.99640000e-008,-1.20000001e-002
,,,7.99680000e-008,-1.20000001e-002
,,,7.99720000e-008,-1.70000009e-002
,,,7.99760000e-008,-1.73125006e-002
,,,7.99800000e-008,-1.03125004e-002
,,,7.99840000e-008,-2.26250011e-002
,,,7.99880000e-008,-2.80000009e-002
,,,7.99920000e-008,-2.08749995e-002
,,,7.99960000e-008,-1.42812505e-002
,,,8.00000000e-008,-1.12187499e-002
,,,8.00040000e-008,-1.20000001e-002
,,,8.00080000e-008,-4.59375000e-003
,,,8.00120000e-008,-1.40312500e-002
,,,8.00160000e-008,-1.94062497e-002
,,,8.00200000e-008,-2.32812501e-002
,,,8.00240000e-008,-1.98437497e-002
,,,8.00280000e-008,-2.80000009e-002
,,,8.00320000e-008,-1.97812505e-002
,,,8.00360000e-008,-1.99999996e-002
,,,8.00400000e-008,-2.27187499e-002
,,,8.00440000e-008,-1.94062497e-002
,,,8.00480000e-008,-1.38437506e-002
,,,8.00520000e-008,-1.20000001e-002
,,,8.00560000e-008,-1.20000001e-002
,,,8.00600000e-008,-1.31250005e-002
,,,8.00640000e-008,-1.48125002e-002
,,,8.00680000e-008,-2.33750008e-002
,,,8.00720000e-008,-1.95937511e-002
,,,8.00760000e-008,-2.49375012e-002
,,,8.00800000e-008,-2.80000009e-002
,,,8.00840000e-008,-1.73749998e-002
,,,8.00880000e-008,-1.53125003e-002
,,,8.00920000e-008,-1.29375001e-002
,,,8.00960000e-008,-1.20000001e-002
,,,8.01000000e-008,-2.32500006e-002
,,,8.01040000e-008,-2.23437510e-002
,,,8.01080000e-008,-2.08125003e-002
,,,8.01120000e-008,-2.91875005e-002
,,,8.01160000e-008,-3.29999998e-002
,,,8.01200000e-008,-1.99999996e-002
,,,8.01240000e-008,-1.99999996e-002
,,,8.01280000e-008,-1.56562496e-002
,,,8.01320000e-008,-1.20000001e-002
,,,8.01360000e-008,-1.58124994e-002
,,,8.01400000e-008,-1.99999996e-002
,,,8.01440000e-008,-2.52812505e-002
,,,8.01480000e-008,-1.99999996e-002
,,,8.01520000e-008,-1.45937502e-002
,,,8.01560000e-008,-1.44687500e-002
,,,8.01600000e-008,-1.99999996e-002
,,,8.01640000e-008,-1.13437502e-002
,,,8.01680000e-008,-1.15312496e-002
,,,8.01720000e-008,-1.38750002e-002
,,,8.01760000e-008,-1.20000001e-002
,,,8.01800000e-008,-1.20000001e-002
,,,8.01840000e-008,-1.40625006e-002
,,,8.01880000e-008,-1.40625006e-002
,,,8.01920000e-008,-1.20000001e-002
,,,8.01960000e-008,-9.25000012e-003
,,,8.02000000e-008,-1.00624999e-002
,,,8.02040000e-008,-1.10625001e-002
,,,8.02080000e-008,-1.12500004e-002
,,,8.02120000e-008,-1.20000001e-002
,,,8.02160000e-008,-1.62499994e-002
,,,8.02200000e-008,-1.56875011e-002
,,,8.02240000e-008,-1.99999996e-002
,,,8.02280000e-008,-1.20625002e-002
,,,8.02320000e-008,-2.03125011e-002
,,,8.02360000e-008,-1.41874999e-002
,,,8.02400000e-008,-5.59375016e-003
,,,8.02440000e-008,-1.22499997e-002
,,,8.02480000e-008,-1.18124997e-002
,,,8.02520000e-008,-1.20000001e-002
,,,8.02560000e-008,-7.65625015e-003
,,,8.02600000e-008,-1.20000001e-002
,,,8.02640000e-008,-1.18437503e-002
,,,8.02680000e-008,-1.20000001e-002
,,,8.02720000e-008,-1.26250004e-002
,,,8.02760000e-008,-1.65312495e-002
,,,8.02800000e-008,-1.88437495e-002
,,,8.02840000e-008,-3.05000003e-002
,,,8.02880000e-008,-2.80000009e-002
,,,8.02920000e-008,-1.46562504e-002
,,,8.02960000e-008,-1.81875005e-002
,,,8.03000000e-008,-1.73125006e-002
,,,8.03040000e-008,-4.93749976e-003
,,,8.03080000e-008,-4.00000019e-003
,,,8.03120000e-008,-9.28124972e-003
,,,8.03160000e-008,-1.29062505e-002
,,,8.03200000e-008,-1.20000001e-002
,,,8.03240000e-008,-1.17500005e-002
,,,8.03280000e-008,-1.20000001e-002
,,,8.03320000e-008,-1.23437503e-002
,,,8.03360000e-008,-1.77187510e-002
,,,8.03400000e-008,-1.20000001e-002
,,,8.03440000e-008,-8.06249958e-003
,,,8.03480000e-008,-1.25625003e-002
,,,8.03520000e-008,-1.25312498e-002
,,,8.03560000e-008,-1.99999996e-002
,,,8.03600000e-008,-2.53750011e-002
,,,8.03640000e-008,-1.69062503e-002
,,,8.03680000e-008,-2.12187506e-002
,,,8.03720000e-008,-1.99999996e-002
,,,8.03760000e-008,-1.34375002e-002
,,,8.03800000e-008,-1.20000001e-002
,,,8.03840000e-008,-1.90312508e-002
,,,8.03880000e-008,-3.15937512e-002
,,,8.03920000e-008,-3.14375013e-002
,,,8.03960000e-008,-1.87812503e-002
,,,8.04000000e-008,-1.44687500e-002
,,,8.04040000e-008,-1.25312498e-002
,,,8.04080000e-008,-1.20000001e-002
,,,8.04120000e-008,-7.00000022e-003
,,,8.04160000e-008,-1.11250002e-002
,,,8.04200000e-008,-1.94062497e-002
,,,8.04240000e-008,-2.31562499e-002
,,,8.04280000e-008,-1.20000001e-002
,,,8.04320000e-008,-1.67812500e-002
,,,8.04360000e-008,-1.99999996e-002
,,,8.04400000e-008,-2.07187496e-002
,,,8.04440000e-008,-2.80000009e-002
,,,8.04480000e-008,-1.99999996e-002
,,,8.04520000e-008,-1.25625003e-002
,,,8.04560000e-008,-1.20000001e-002
,,,8.04600000e-008,-6.25000009e-003
,,,8.04640000e-008,-8.50000046e-003
,,,8.04680000e-008,-1.99999996e-002
,,,8.04720000e-008,-2.79374998e-002
,,,8.04760000e-008,-2.02500001e-002
,,,8.04800000e-008,-1.20000001e-002
,,,8.04840000e-008,-2.14374997e-002
,,,8.04880000e-008,-2.32812501e-002
,,,8.04920000e-008,-1.20000001e-002
,,,8.04960000e-008,-1.63437501e-002
,,,8.05000000e-008,-1.20625002e-002
,,,8.05040000e-008,-1.56250000e-002
,,,8.05080000e-008,-1.66250002e-002
,,,8.05120000e-008,-1.22187501e-002
,,,8.05160000e-008,-1.45000005e-002
,,,8.05200000e-008,-1.24375001e-002
,,,8.05240000e-008,-1.65625010e-002
,,,8.05280000e-008,-1.59374997e-002
,,,8.05320000e-008,-1.99999996e-002
,,,8.05360000e-008,-1.40312500e-002
,,,8.05400000e-008,-1.20000001e-002
,,,8.05440000e-008,-1.67812500e-002
,,,8.05480000e-008,-2.80000009e-002
,,,8.05520000e-008,-2.37499997e-002
,,,8.05560000e-008,-2.44687498e-002
,,,8.05600000e-008,-1.99999996e-002
,,,8.05640000e-008,-8.12499970e-003
,,,8.05680000e-008,-6.31250022e-003
,,,8.05720000e-008,-1.26250004e-002
,,,8.05760000e-008,-9.09375027e-003
,,,8.05800000e-008,-4.00000019e-003
,,,8.05840000e-008,-8.50000046e-003
,,,8.05880000e-008,-7.37500004e-003
,,,8.05920000e-008,-8.15625023e-003
,,,8.05960000e-008,-1.24687497e-002
,,,8.06000000e-008,-1.58437509e-002
,,,8.06040000e-008,-1.89999994e-002
,,,8.06080000e-008,-1.20000001e-002
,,,8.06120000e-008,-1.36874998e-002
,,,8.06160000e-008,-1.61875002e-002
,,,8.06200000e-008,-1.99999996e-002
,,,8.06240000e-008,-1.24062505e-002
,,,8.06280000e-008,-1.20000001e-002
,,,8.06320000e-008,-1.35937501e-002
,,,8.06360000e-008,-1.20000001e-002
,,,8.06400000e-008,-8.34374968e-003
,,,8.06440000e-008,-8.46874993e-003
,,,8.06480000e-008,-1.20000001e-002
,,,8.06520000e-008,-1.99999996e-002
,,,8.06560000e-008,-2.40624994e-002
,,,8.06600000e-008,-1.99999996e-002
,,,8.06640000e-008,-1.52812498e-002
,,,8.06680000e-008,-1.94374993e-002
,,,8.06720000e-008,-1.76874995e-002
,,,8.06760000e-008,-1.40000004e-002
,,,8.06800000e-008,-1.39062498e-002
,,,8.06840000e-008,-1.25937499e-002
,,,8.06880000e-008,-1.26250004e-002
,,,8.06920000e-008,-1.38125001e-002
,,,8.06960000e-008,-1.32187502e-002
,,,8.07000000e-008,-1.20000001e-002
,,,8.07040000e-008,-1.28437504e-002
,,,8.07080000e-008,-1.32499998e-002
,,,8.07120000e-008,-1.20000001e-002
,,,8.07160000e-008,-1.20000001e-002
,,,8.07200000e-008,-1.99999996e-002
,,,8.07240000e-008,-2.09687501e-002
,,,8.07280000e-008,-7.93750025e-003
,,,8.07320000e-008,-8.31250008e-003
,,,8.07360000e-008,-9.56249982e-003
,,,8.07400000e-008,-1.20000001e-002
,,,8.07440000e-008,-1.11875003e-002
,,,8.07480000e-008,-1.60000008e-002
,,,8.07520000e-008,-2.80000009e-002
,,,8.07560000e-008,-2.51562502e-002
,,,8.07600000e-008,-1.99999996e-002
,,,8.07640000e-008,-1.64999999e-002
,,,8.07680000e-008,-8.90624989e-003
,,,8.07720000e-008,-9.75000020e-003
,,,8.07760000e-008,-1.24687497e-002
,,,8.07800000e-008,-1.20000001e-002
,,,8.07840000e-008,-1.20000001e-002
,,,8.07880000e-008,-1.05937505e-002
,,,8.07920000e-008,-1.20000001e-002
,,,8.07960000e-008,-7.65625015e-003
,,,8.08000000e-008,-1.24062505e-002
,,,8.08040000e-008,-1.35625005e-002
,,,8.08080000e-008,-1.23749999e-002
,,,8.08120000e-008,-1.20000001e-002
,,,8.08160000e-008,-1.07187498e-002
,,,8.08200000e-008,-1.20000001e-002
,,,8.08240000e-008,-1.99999996e-002
,,,8.08280000e-008,-1.26562500e-002
,,,8.08320000e-008,-1.59374997e-002
,,,8.08360000e-008,-1.48750003e-002
,,,8.08400000e-008,-1.20000001e-002
,,,8.08440000e-008,-9.81250033e-003
,,,8.08480000e-008,-4.00000019e-003
,,,8.08520000e-008,-1.53437499e-002
,,,8.08560000e-008,-1.99999996e-002
,,,8.08600000e-008,-2.32812501e-002
,,,8.08640000e-008,-1.99999996e-002
,,,8.08680000e-008,-1.16250003e-002
,,,8.08720000e-008,-1.39375003e-002
,,,8.08760000e-008,-9.46875010e-003
,,,8.08800000e-008,-1.09374998e-002
,,,8.08840000e-008,-1.20000001e-002
,,,8.08880000e-008,-1.20000001e-002
,,,8.08920000e-008,-1.20000001e-002
,,,8.08960000e-008,-1.85937509e-002
,,,8.09000000e-008,-1.99999996e-002
,,,8.09040000e-008,-1.20000001e-002
,,,8.09080000e-008,-1.85000002e-002
,,,8.09120000e-008,-1.99999996e-002
,,,8.09160000e-008,-1.99999996e-002
,,,8.09200000e-008,-2.44687498e-002
,,,8.09240000e-008,-1.99999996e-002
,,,8.09280000e-008,-1.58124994e-002
,,,8.09320000e-008,-8.06249958e-003
,,,8.09360000e-008,-1.26562500e-002
,,,8.09400000e-008,-1.99999996e-002
,,,8.09440000e-008,-1.40000004e-002
,,,8.09480000e-008,-1.11562498e-002
,,,8.09520000e-008,-2.66562495e-002
,,,8.09560000e-008,-3.68437506e-002
,,,8.09600000e-008,-3.46562490e-002
,,,8.09640000e-008,-1.99999996e-002
,,,8.09680000e-008,-1.71875004e-002
,,,8.09720000e-008,-2.05937494e-002
,,,8.09760000e-008,-1.34375002e-002
,,,8.09800000e-008,-2.22500004e-002
,,,8.09840000e-008,-2.16875002e-002
,,,8.09880000e-008,-1.20000001e-002
,,,8.09920000e-008,-1.20000001e-002
,,,8.09960000e-008,-1.40937502e-002
,,,8.10000000e-008,-1.01562496e-002
,,,8.10040000e-008,-1.12812500e-002
,,,8.10080000e-008,-1.14374999e-002
,,,8.10120000e-008,-1.20000001e-002
,,,8.10160000e-008,-2.05937494e-002
,,,8.10200000e-008,-1.99999996e-002
,,,8.10240000e-008,-2.72500012e-002
,,,8.10280000e-008,-3.60000022e-002
,,,8.10320000e-008,-3.15000005e-002
,,,8.10360000e-008,-1.60312504e-002
,,,8.10400000e-008,-1.94374993e-002
,,,8.10440000e-008,-2.80000009e-002
,,,8.10480000e-008,-2.19062511e-002
,,,8.10520000e-008,-8.40624981e-003
,,,8.10560000e-008,-1.28124999e-002
,,,8.10600000e-008,-1.20000001e-002
,,,8.10640000e-008,-1.56250000e-002
,,,8.10680000e-008,-1.20000001e-002
,,,8.10720000e-008,-1.01562496e-002
,,,8.10760000e-008,-1.51249999e-002
,,,8.10800000e-008,-1.99999996e-002
,,,8.10840000e-008,-1.20000001e-002
,,,8.10880000e-008,-1.21562500e-002
,,,8.10920000e-008,-1.20000001e-002
,,,8.10960000e-008,-1.20000001e-002
,,,8.11000000e-008,-1.20625002e-002
,,,8.11040000e-008,-1.53437499e-002
,,,8.11080000e-008,-2.18437500e-002
,,,8.11120000e-008,-2.80937497e-002
,,,8.11160000e-008,-2.55312510e-002
,,,8.11200000e-008,-2.97500007e-002
,,,8.11240000e-008,-1.99999996e-002
,,,8.11280000e-008,-1.98749993e-002
,,,8.11320000e-008,-1.35937501e-002
,,,8.11360000e-008,-1.35000004e-002
,,,8.11400000e-008,-1.20000001e-002
,,,8.11440000e-008,-1.20000001e-002
,,,8.11480000e-008,-8.62499978e-003
,,,8.11520000e-008,-1.15000000e-002
,,,8.11560000e-008,-1.20000001e-002
,,,8.11600000e-008,-1.99999996e-002
,,,8.11640000e-008,-1.61562506e-002
,,,8.11680000e-008,-1.26562500e-002
,,,8.11720000e-008,-1.20000001e-002
,,,8.11760000e-008,-6.40624994e-003
,,,8.11800000e-008,-1.08749997e-002
,,,8.11840000e-008,-1.77500006e-002
,,,8.11880000e-008,-1.96562503e-002
,,,8.11920000e-008,-1.21562500e-002
,,,8.11960000e-008,-1.44062499e-002
,,,8.12000000e-008,-1.20000001e-002
,,,8.12040000e-008,-1.35625005e-002
,,,8.12080000e-008,-1.44062499e-002
,,,8.12120000e-008,-2.80000009e-002
,,,8.12160000e-008,-2.80000009e-002
,,,8.12200000e-008,-1.55937504e-002
,,,8.12240000e-008,-1.20000001e-002
,,,8.12280000e-008,-1.20000001e-002
,,,8.12320000e-008,-9.43750050e-003
,,,8.12360000e-008,-1.50312502e-002
,,,8.12400000e-008,-1.20000001e-002
,,,8.12440000e-008,-9.59375035e-003
,,,8.12480000e-008,-2.80000009e-002
,,,8.12520000e-008,-2.89375000e-002
,,,8.12560000e-008,-2.35625003e-002
,,,8.12600000e-008,-2.58437507e-002
,,,8.12640000e-008,-1.99999996e-002
,,,8.12680000e-008,-1.43437497e-002
,,,8.12720000e-008,-1.57500003e-002
,,,8.12760000e-008,-1.48125002e-002
,,,8.12800000e-008,-1.99999996e-002
,,,8.12840000e-008,-1.20000001e-002
,,,8.12880000e-008,-1.23437503e-002
,,,8.12920000e-008,-9.96875018e-003
,,,8.12960000e-008,-1.36874998e-002
,,,8.13000000e-008,-1.20000001e-002
,,,8.13040000e-008,-1.45624997e-002
,,,8.13080000e-008,-1.52187506e-002
,,,8.13120000e-008,-1.01562496e-002
,,,8.13160000e-008,-8.53125006e-003
,,,8.13200000e-008,-1.20000001e-002
,,,8.13240000e-008,-1.20000001e-002
,,,8.13280000e-008,-1.83437504e-002
,,,8.13320000e-008,-1.06875002e-002
,,,8.13360000e-008,-7.40625011e-003
,,,8.13400000e-008,-1.08125005e-002
,,,8.13440000e-008,-1.20000001e-002
,,,8.13480000e-008,-1.26874996e-002
,,,8.13520000e-008,-1.59374997e-002
,,,8.13560000e-008,-1.80625003e-002
,,,8.13600000e-008,-1.57500003e-002
,,,8.13640000e-008,-1.20937498e-002
,,,8.13680000e-008,-7.59375002e-003
,,,8.13720000e-008,-8.78124963e-003
,,,8.13760000e-008,-6.18749997e-003
,,,8.13800000e-008,-6.59374986e-003
,,,8.13840000e-008,-1.20000001e-002
,,,8.13880000e-008,-1.32187502e-002
,,,8.13920000e-008,-1.86874997e-002
,,,8.13960000e-008,-1.68437511e-002
,,,8.14000000e-008,-1.12812500e-002
,,,8.14040000e-008,-1.04062501e-002
,,,8.14080000e-008,-1.99999996e-002
,,,8.14120000e-008,-1.64687503e-002
,,,8.14160000e-008,-1.36249997e-002
,,,8.14200000e-008,-1.21250004e-002
,,,8.14240000e-008,-1.89062506e-002
,,,8.14280000e-008,-2.21874993e-002
,,,8.14320000e-008,-1.54687501e-002
,,,8.14360000e-008,-1.45000005e-002
,,,8.14400000e-008,-1.20000001e-002
,,,8.14440000e-008,-8.93750042e-003
,,,8.14480000e-008,-1.28437504e-002
,,,8.14520000e-008,-1.20937498e-002
,,,8.14560000e-008,-1.34375002e-002
,,,8.14600000e-008,-1.42812505e-002
,,,8.14640000e-008,-1.20000001e-002
,,,8.14680000e-008,-1.19375000e-002
,,,8.14720000e-008,-1.20000001e-002
,,,8.14760000e-008,-1.52187506e-002
,,,8.14800000e-008,-1.20000001e-002
,,,8.14840000e-008,-1.31874997e-002
,,,8.14880000e-008,-1.22812502e-002
,,,8.14920000e-008,-1.13437502e-002
,,,8.14960000e-008,-2.21874993e-002
,,,8.15000000e-008,-1.99999996e-002
,,,8.15040000e-008,-1.26562500e-002
,,,8.15080000e-008,-2.45625004e-002
,,,8.15120000e-008,-2.80000009e-002
,,,8.15160000e-008,-1.66562498e-002
,,,8.15200000e-008,-1.20000001e-002
,,,8.15240000e-008,-1.12812500e-002
,,,8.15280000e-008,-9.59375035e-003
,,,8.15320000e-008,-1.43750003e-002
,,,8.15360000e-008,-1.99687500e-002
,,,8.15400000e-008,-2.14062501e-002
,,,8.15440000e-008,-1.20000001e-002
,,,8.15480000e-008,-1.20000001e-002
,,,8.15520000e-008,-1.23437503e-002
,,,8.15560000e-008,-1.20000001e-002
,,,8.15600000e-008,-1.20000001e-002
,,,8.15640000e-008,-1.54999997e-002
,,,8.15680000e-008,-1.65312495e-002
,,,8.15720000e-008,-1.93750001e-002
,,,8.15760000e-008,-1.59062501e-002
,,,8.15800000e-008,-1.20000001e-002
,,,8.15840000e-008,-1.39375003e-002
,,,8.15880000e-008,-1.20000001e-002
,,,8.15920000e-008,-1.54062500e-002
,,,8.15960000e-008,-1.21250004e-002
,,,8.16000000e-008,-1.99999996e-002
,,,8.16040000e-008,-2.14687511e-002
,,,8.16080000e-008,-2.36562509e-002
,,,8.16120000e-008,-1.20000001e-002
,,,8.16160000e-008,-8.84374976e-003
,,,8.16200000e-008,-6.59374986e-003
,,,8.16240000e-008,-5.06250001e-003
,,,8.16280000e-008,-1.20937498e-002
,,,8.16320000e-008,-1.20000001e-002
,,,8.16360000e-008,-9.65625048e-003
,,,8.16400000e-008,-7.15625007e-003
,,,8.16440000e-008,-1.16875004e-002
,,,8.16480000e-008,-1.43125001e-002
,,,8.16520000e-008,-1.54999997e-002
,,,8.16560000e-008,-2.81250011e-002
,,,8.16600000e-008,-3.02187502e-002
,,,8.16640000e-008,-2.18437500e-002
,,,8.16680000e-008,-1.97500009e-002
,,,8.16720000e-008,-1.20000001e-002
,,,8.16760000e-008,-1.67187508e-002
,,,8.16800000e-008,-2.06562504e-002
,,,8.16840000e-008,-1.99999996e-002
,,,8.16880000e-008,-1.65937506e-002
,,,8.16920000e-008,-1.05937505e-002
,,,8.16960000e-008,-1.53750004e-002
,,,8.17000000e-008,-2.12500002e-002
,,,8.17040000e-008,-1.29375001e-002
,,,8.17080000e-008,-1.01250000e-002
,,,8.17120000e-008,-4.96874982e-003
,,,8.17160000e-008,-6.78125024e-003
,,,8.17200000e-008,-1.40312500e-002
,,,8.17240000e-008,-2.52812505e-002
,,,8.17280000e-008,-2.80000009e-002
,,,8.17320000e-008,-1.99999996e-002
,,,8.17360000e-008,-1.29062505e-002
,,,8.17400000e-008,-1.68124996e-002
,,,8.17440000e-008,-1.99999996e-002
,,,8.17480000e-008,-1.65937506e-002
,,,8.17520000e-008,-1.99999996e-002
,,,8.17560000e-008,-1.43125001e-002
,,,8.17600000e-008,-1.20000001e-002
,,,8.17640000e-008,-1.73749998e-002
,,,8.17680000e-008,-1.62812509e-002
,,,8.17720000e-008,-8.12499970e-003
,,,8.17760000e-008,-9.84374993e-003
,,,8.17800000e-008,-8.40624981e-003
,,,8.17840000e-008,-1.99999996e-002
,,,8.17880000e-008,-2.87187509e-002
,,,8.17920000e-008,-2.46249996e-002
,,,8.17960000e-008,-2.48437505e-002
,,,8.18000000e-008,-1.90312508e-002
,,,8.18040000e-008,-1.52500002e-002
,,,8.18080000e-008,-1.99999996e-002
,,,8.18120000e-008,-1.61875002e-002
,,,8.18160000e-008,-2.08437499e-002
,,,8.18200000e-008,-1.20000001e-002
,,,8.18240000e-008,-1.99999996e-002
,,,8.18280000e-008,-2.52500009e-002
,,,8.18320000e-008,-1.89687498e-002
,,,8.18360000e-008,-1.16562499e-002
,,,8.18400000e-008,-1.53437499e-002
,,,8.18440000e-008,-2.05937494e-002
,,,8.18480000e-008,-1.99999996e-002
,,,8.18520000e-008,-1.15000000e-002
,,,8.18560000e-008,-1.34062497e-002
,,,8.18600000e-008,-1.47500001e-002
,,,8.18640000e-008,-1.71249993e-002
,,,8.18680000e-008,-1.31250005e-002
,,,8.18720000e-008,-1.21250004e-002
,,,8.18760000e-008,-1.32187502e-002
,,,8.18800000e-008,-1.99999996e-002
,,,8.18840000e-008,-1.15000000e-002
,,,8.18880000e-008,-1.99999996e-002
,,,8.18920000e-008,-1.38437506e-002
,,,8.18960000e-008,-1.30312499e-002
,,,8.19000000e-008,-1.32499998e-002
,,,8.19040000e-008,-8.96875001e-003
,,,8.19080000e-008,-1.20000001e-002
,,,8.19120000e-008,-1.99999996e-002
,,,8.19160000e-008,-1.96250007e-002
,,,8.19200000e-008,-1.51875000e-002
,,,8.19240000e-008,-1.20000001e-002
,,,8.19280000e-008,-8.65625031e-003
,,,8.19320000e-008,-1.56250000e-002
,,,8.19360000e-008,-1.20000001e-002
,,,8.19400000e-008,-1.45937502e-002
,,,8.19440000e-008,-1.99999996e-002
,,,8.19480000e-008,-1.67812500e-002
,,,8.19520000e-008,-1.26562500e-002
,,,8.19560000e-008,-8.99999961e-003
,,,8.19600000e-008,-1.20000001e-002
,,,8.19640000e-008,-1.48750003e-002
,,,8.19680000e-008,-1.99999996e-002
,,,8.19720000e-008,-1.35937501e-002
,,,8.19760000e-008,-1.20000001e-002
,,,8.19800000e-008,-1.71249993e-002
,,,8.19840000e-008,-1.99999996e-002
,,,8.19880000e-008,-1.82187501e-002
,,,8.19920000e-008,-1.99999996e-002
,,,8.19960000e-008,-1.41249998e-002
,,,8.20000000e-008,-1.81249995e-002
,,,8.20040000e-008,-1.20000001e-002
,,,8.20080000e-008,-1.88750010e-002
,,,8.20120000e-008,-1.72187500e-002
,,,8.20160000e-008,-1.39062498e-002
,,,8.20200000e-008,-1.27812503e-002
,,,8.20240000e-008,-1.13437502e-002
,,,8.20280000e-008,-1.48125002e-002
,,,8.20320000e-008,-1.49687501e-002
,,,8.20360000e-008,-5.78125007e-003
,,,8.20400000e-008,-1.20000001e-002
,,,8.20440000e-008,-1.54375006e-002
,,,8.20480000e-008,-1.27187502e-002
,,,8.20520000e-008,-1.45937502e-002
,,,8.20560000e-008,-1.16562499e-002
,,,8.20600000e-008,-9.49999969e-003
,,,8.20640000e-008,-2.17812508e-002
,,,8.20680000e-008,-1.99999996e-002
,,,8.20720000e-008,-1.99999996e-002
,,,8.20760000e-008,-1.20000001e-002
,,,8.20800000e-008,-1.03749996e-002
,,,8.20840000e-008,-1.70937497e-002
,,,8.20880000e-008,-1.99999996e-002
,,,8.20920000e-008,-1.99999996e-002
,,,8.20960000e-008,-2.18749996e-002
,,,8.21000000e-008,-2.03437507e-002
,,,8.21040000e-008,-1.20000001e-002
,,,8.21080000e-008,-2.12500002e-002
,,,8.21120000e-008,-2.80000009e-002
,,,8.21160000e-008,-2.33124997e-002
,,,8.21200000e-008,-1.64375007e-002
,,,8.21240000e-008,-2.48125009e-002
,,,8.21280000e-008,-2.34687496e-002
,,,8.21320000e-008,-1.63749997e-002
,,,8.21360000e-008,-2.05000006e-002
,,,8.21400000e-008,-1.67187508e-002
,,,8.21440000e-008,-1.85937509e-002
,,,8.21480000e-008,-2.80000009e-002
,,,8.21520000e-008,-2.53125001e-002
,,,8.21560000e-008,-1.34687498e-002
,,,8.21600000e-008,-1.89999994e-002
,,,8.21640000e-008,-2.44375002e-002
,,,8.21680000e-008,-1.99999996e-002
,,,8.21720000e-008,-1.30625004e-002
,,,8.21760000e-008,-1.88750010e-002
,,,8.21800000e-008,-1.65625010e-002
,,,8.21840000e-008,-1.92812495e-002
,,,8.21880000e-008,-2.27812510e-002
,,,8.21920000e-008,-1.44062499e-002
,,,8.21960000e-008,-1.45000005e-002
,,,8.22000000e-008,-1.03437500e-002
,,,8.22040000e-008,-9.96875018e-003
,,,8.22080000e-008,-1.46562504e-002
,,,8.22120000e-008,-1.50937503e-002
,,,8.22160000e-008,-1.82812493e-002
,,,8.22200000e-008,-3.37812491e-002
,,,8.22240000e-008,-3.73125002e-002
,,,8.22280000e-008,-2.80000009e-002
,,,8.22320000e-008,-7.34374998e-003
,,,8.22360000e-008,-1.39375003e-002
,,,8.22400000e-008,-1.82812493e-002
,,,8.22440000e-008,-1.58437509e-002
,,,8.22480000e-008,-1.20000001e-002
,,,8.22520000e-008,-9.59375035e-003
,,,8.22560000e-008,-1.10312505e-002
,,,8.22600000e-008,-1.20000001e-002
,,,8.22640000e-008,-1.46875000e-002
,,,8.22680000e-008,-1.72499996e-002
,,,8.22720000e-008,-1.20000001e-002
,,,8.22760000e-008,-1.35000004e-002
,,,8.22800000e-008,-1.99999996e-002
,,,8.22840000e-008,-1.96250007e-002
,,,8.22880000e-008,-1.99999996e-002
,,,8.22920000e-008,-1.77500006e-002
,,,8.22960000e-008,-1.48750003e-002
,,,8.23000000e-008,-1.33437505e-002
,,,8.23040000e-008,-2.20312495e-002
,,,8.23080000e-008,-1.90312508e-002
,,,8.23120000e-008,-1.83437504e-002
,,,8.23160000e-008,-1.53750004e-002
,,,8.23200000e-008,-1.64375007e-002
,,,8.23240000e-008,-1.99999996e-002
,,,8.23280000e-008,-2.04062499e-002
,,,8.23320000e-008,-2.80000009e-002
,,,8.23360000e-008,-2.13437509e-002
,,,8.23400000e-008,-1.55312503e-002
,,,8.23440000e-008,-1.20000001e-002
,,,8.23480000e-008,-1.99999996e-002
,,,8.23520000e-008,-2.54999995e-002
,,,8.23560000e-008,-2.07812507e-002
,,,8.23600000e-008,-1.95312500e-002
,,,8.23640000e-008,-1.95937511e-002
,,,8.23680000e-008,-2.12187506e-002
,,,8.23720000e-008,-1.72499996e-002
,,,8.23760000e-008,-1.02812499e-002
,,,8.23800000e-008,-1.28750000e-002
,,,8.23840000e-008,-1.77812502e-002
,,,8.23880000e-008,-1.20000001e-002
,,,8.23920000e-008,-1.89687498e-002
,,,8.23960000e-008,-1.92187503e-002
,,,8.24000000e-008,-1.21250004e-002
,,,8.24040000e-008,-1.99999996e-002
,,,8.24080000e-008,-2.37812512e-002
,,,8.24120000e-008,-1.99999996e-002
,,,8.24160000e-008,-1.91875007e-002
,,,8.24200000e-008,-2.80000009e-002
,,,8.24240000e-008,-2.60624997e-002
,,,8.24280000e-008,-1.78750008e-002
,,,8.24320000e-008,-2.25312505e-002
,,,8.24360000e-008,-1.90312508e-002
,,,8.24400000e-008,-1.67812500e-002
,,,8.24440000e-008,-1.84062496e-002
,,,8.24480000e-008,-1.99999996e-002
,,,8.24520000e-008,-2.90937498e-002
,,,8.24560000e-008,-2.52187494e-002
,,,8.24600000e-008,-1.57812499e-002
,,,8.24640000e-008,-1.99999996e-002
,,,8.24680000e-008,-1.24687497e-002
,,,8.24720000e-008,-1.44062499e-002
,,,8.24760000e-008,-1.91562511e-002
,,,8.24800000e-008,-2.15312503e-002
,,,8.24840000e-008,-1.39375003e-002
,,,8.24880000e-008,-1.53750004e-002
,,,8.24920000e-008,-1.38437506e-002
,,,8.24960000e-008,-1.13749998e-002
,,,8.25000000e-008,-1.32187502e-002
,,,8.25040000e-008,-1.59687493e-002
,,,8.25080000e-008,-1.57812499e-002
,,,8.25120000e-008,-1.31562501e-002
,,,8.25160000e-008,-1.20000001e-002
,,,8.25200000e-008,-1.20000001e-002
,,,8.25240000e-008,-1.67500004e-002
,,,8.25280000e-008,-1.72499996e-002
,,,8.25320000e-008,-1.20000001e-002
,,,8.25360000e-008,-1.20000001e-002
,,,8.25400000e-008,-7.90624972e-003
,,,8.25440000e-008,-1.20000001e-002
,,,8.25480000e-008,-1.56250000e-002
,,,8.25520000e-008,-2.01562494e-002
,,,8.25560000e-008,-1.81249995e-002
,,,8.25600000e-008,-1.99999996e-002
,,,8.25640000e-008,-1.24375001e-002
,,,8.25680000e-008,-1.34375002e-002
,,,8.25720000e-008,-9.12499987e-003
,,,8.25760000e-008,-1.20000001e-002
,,,8.25800000e-008,-1.23124998e-002
,,,8.25840000e-008,-1.78750008e-002
,,,8.25880000e-008,-1.36562502e-002
,,,8.25920000e-008,-1.59687493e-002
,,,8.25960000e-008,-1.94687508e-002
,,,8.26000000e-008,-1.99999996e-002
,,,8.26040000e-008,-7.34374998e-003
,,,8.26080000e-008,-8.81250016e-003
,,,8.26120000e-008,-1.00312503e-002
,,,8.26160000e-008,-1.99999996e-002
,,,8.26200000e-008,-1.99999996e-002
,,,8.26240000e-008,-1.68437511e-002
,,,8.26280000e-008,-1.24375001e-002
,,,8.26320000e-008,-1.20625002e-002
,,,8.26360000e-008,-1.64375007e-002
,,,8.26400000e-008,-1.65937506e-002
,,,8.26440000e-008,-1.64999999e-002
,,,8.26480000e-008,-1.20000001e-002
,,,8.26520000e-008,-9.53125022e-003
,,,8.26560000e-008,-1.50000006e-002
,,,8.26600000e-008,-1.61875002e-002
,,,8.26640000e-008,-1.99999996e-002
,,,8.26680000e-008,-1.84687506e-002
,,,8.26720000e-008,-2.32500006e-002
,,,8.26760000e-008,-2.19375007e-002
,,,8.26800000e-008,-1.62187498e-002
,,,8.26840000e-008,-1.20000001e-002
,,,8.26880000e-008,-1.43437497e-002
,,,8.26920000e-008,-1.20000001e-002
,,,8.26960000e-008,-8.96875001e-003
,,,8.27000000e-008,-1.20000001e-002
,,,8.27040000e-008,-1.72499996e-002
,,,8.27080000e-008,-1.29687497e-002
,,,8.27120000e-008,-1.58124994e-002
,,,8.27160000e-008,-9.59375035e-003
,,,8.27200000e-008,-1.18437503e-002
,,,8.27240000e-008,-1.20000001e-002
,,,8.27280000e-008,-1.24375001e-002
,,,8.27320000e-008,-1.20000001e-002
,,,8.27360000e-008,-9.68750007e-003
,,,8.27400000e-008,-1.99999996e-002
,,,8.27440000e-008,-2.49062497e-002
,,,8.27480000e-008,-1.85000002e-002
,,,8.27520000e-008,-1.99999996e-002
,,,8.27560000e-008,-1.76562499e-002
,,,8.27600000e-008,-1.85624994e-002
,,,8.27640000e-008,-2.35000011e-002
,,,8.27680000e-008,-2.32812501e-002
,,,8.27720000e-008,-2.80000009e-002
,,,8.27760000e-008,-3.14687490e-002
,,,8.27800000e-008,-2.08749995e-002
,,,8.27840000e-008,-9.31250025e-003
,,,8.27880000e-008,-8.53125006e-003
,,,8.27920000e-008,-7.09374994e-003
,,,8.27960000e-008,-1.74375009e-002
,,,8.28000000e-008,-1.99999996e-002
,,,8.28040000e-008,-8.12499970e-003
,,,8.28080000e-008,-1.89062506e-002
,,,8.28120000e-008,-1.83750000e-002
,,,8.28160000e-008,-1.21250004e-002
,,,8.28200000e-008,-2.15312503e-002
,,,8.28240000e-008,-1.99999996e-002
,,,8.28280000e-008,-1.49687501e-002
,,,8.28320000e-008,-1.20000001e-002
,,,8.28360000e-008,-1.20000001e-002
,,,8.28400000e-008,-1.42187504e-002
,,,8.28440000e-008,-1.35312499e-002
,,,8.28480000e-008,-1.20000001e-002
,,,8.28520000e-008,-1.20000001e-002
,,,8.28560000e-008,-1.54062500e-002
,,,8.28600000e-008,-1.95624996e-002
,,,8.28640000e-008,-1.20000001e-002
,,,8.28680000e-008,-1.20625002e-002
,,,8.28720000e-008,-1.71875004e-002
,,,8.28760000e-008,-1.20000001e-002
,,,8.28800000e-008,-1.21875005e-002
,,,8.28840000e-008,-1.36874998e-002
,,,8.28880000e-008,-8.68749991e-003
,,,8.28920000e-008,-7.12500000e-003
,,,8.28960000e-008,-7.90624972e-003
,,,8.29000000e-008,-1.20000001e-002
,,,8.29040000e-008,-1.99999996e-002
,,,8.29080000e-008,-2.78750006e-002
,,,8.29120000e-008,-2.44687498e-002
,,,8.29160000e-008,-1.99999996e-002
,,,8.29200000e-008,-1.44375004e-002
,,,8.29240000e-008,-1.20000001e-002
,,,8.29280000e-008,-1.53437499e-002
,,,8.29320000e-008,-8.90624989e-003
,,,8.29360000e-008,-1.45312501e-002
,,,8.29400000e-008,-1.37499999e-002
,,,8.29440000e-008,-1.20000001e-002
,,,8.29480000e-008,-1.99999996e-002
,,,8.29520000e-008,-2.57500000e-002
,,,8.29560000e-008,-2.00312510e-002
,,,8.29600000e-008,-2.09687501e-002
,,,8.29640000e-008,-2.35000011e-002
,,,8.29680000e-008,-1.73437502e-002
,,,8.29720000e-008,-1.20000001e-002
,,,8.29760000e-008,-9.93749965e-003
,,,8.29800000e-008,-1.17187500e-002
,,,8.29840000e-008,-7.24999979e-003
,,,8.29880000e-008,-8.87500029e-003
,,,8.29920000e-008,-1.71249993e-002
,,,8.29960000e-008,-1.90937500e-002
,,,8.30000000e-008,-1.66874994e-002
,,,8.30040000e-008,-1.55312503e-002
,,,8.30080000e-008,-1.20000001e-002
,,,8.30120000e-008,-2.16562506e-002
,,,8.30160000e-008,-1.71875004e-002
,,,8.30200000e-008,-1.20000001e-002
,,,8.30240000e-008,-9.15625039e-003
,,,8.30280000e-008,-1.13124996e-002
,,,8.30320000e-008,-1.07187498e-002
,,,8.30360000e-008,-1.74687505e-002
,,,8.30400000e-008,-2.13750005e-002
,,,8.30440000e-008,-1.20000001e-002
,,,8.30480000e-008,-1.56562496e-002
,,,8.30520000e-008,-1.31874997e-002
,,,8.30560000e-008,-1.87500007e-002
,,,8.30600000e-008,-1.99999996e-002
,,,8.30640000e-008,-1.34375002e-002
,,,8.30680000e-008,-1.99999996e-002
,,,8.30720000e-008,-1.60000008e-002
,,,8.30760000e-008,-1.85000002e-002
,,,8.30800000e-008,-2.80000009e-002
,,,8.30840000e-008,-2.22500004e-002
,,,8.30880000e-008,-1.43125001e-002
,,,8.30920000e-008,-1.64999999e-002
,,,8.30960000e-008,-1.43125001e-002
,,,8.31000000e-008,-2.50937510e-002
,,,8.31040000e-008,-2.85937507e-002
,,,8.31080000e-008,-1.99999996e-002
,,,8.31120000e-008,-2.77812500e-002
,,,8.31160000e-008,-2.01562494e-002
,,,8.31200000e-008,-1.99999996e-002
,,,8.31240000e-008,-1.99999996e-002
,,,8.31280000e-008,-2.51874998e-002
,,,8.31320000e-008,-1.89062506e-002
,,,8.31360000e-008,-1.51562504e-002
,,,8.31400000e-008,-1.20000001e-002
,,,8.31440000e-008,-1.48437498e-002
,,,8.31480000e-008,-1.54062500e-002
,,,8.31520000e-008,-2.77812500e-002
,,,8.31560000e-008,-3.04062497e-002
,,,8.31600000e-008,-2.22187508e-002
,,,8.31640000e-008,-1.62187498e-002
,,,8.31680000e-008,-1.99999996e-002
,,,8.31720000e-008,-1.58750005e-002
,,,8.31760000e-008,-1.20000001e-002
,,,8.31800000e-008,-1.70312505e-002
,,,8.31840000e-008,-1.54687501e-002
,,,8.31880000e-008,-1.20000001e-002
,,,8.31920000e-008,-1.20000001e-002
,,,8.31960000e-008,-1.30312499e-002
,,,8.32000000e-008,-1.20000001e-002
,,,8.32040000e-008,-7.74999987e-003
,,,8.32080000e-008,-1.08125005e-002
,,,8.32120000e-008,-8.18749983e-003
,,,8.32160000e-008,-1.53750004e-002
,,,8.32200000e-008,-1.20000001e-002
,,,8.32240000e-008,-1.52812498e-002
,,,8.32280000e-008,-1.93437506e-002
,,,8.32320000e-008,-1.46562504e-002
,,,8.32360000e-008,-1.89687498e-002
,,,8.32400000e-008,-1.99999996e-002
,,,8.32440000e-008,-1.78124998e-002
,,,8.32480000e-008,-3.11249997e-002
,,,8.32520000e-008,-3.80937494e-002
,,,8.32560000e-008,-2.80000009e-002
,,,8.32600000e-008,-1.20000001e-002
,,,8.32640000e-008,-1.39687499e-002
,,,8.32680000e-008,-1.36562502e-002
,,,8.32720000e-008,-1.33437505e-002
,,,8.32760000e-008,-1.60312504e-002
,,,8.32800000e-008,-1.55624999e-002
,,,8.32840000e-008,-2.24374998e-002
,,,8.32880000e-008,-1.86562501e-002
,,,8.32920000e-008,-1.20000001e-002
,,,8.32960000e-008,-1.13749998e-002
,,,8.33000000e-008,-2.16562506e-002
,,,8.33040000e-008,-2.43750010e-002
,,,8.33080000e-008,-1.61250010e-002
,,,8.33120000e-008,-2.86250003e-002
,,,8.33160000e-008,-2.74062511e-002
,,,8.33200000e-008,-1.44375004e-002
,,,8.33240000e-008,-1.86874997e-002
,,,8.33280000e-008,-1.60000008e-002
,,,8.33320000e-008,-1.99999996e-002
,,,8.33360000e-008,-1.55937504e-002
,,,8.33400000e-008,-1.87500007e-002
,,,8.33440000e-008,-1.66874994e-002
,,,8.33480000e-008,-8.78124963e-003
,,,8.33520000e-008,-4.49999981e-003
,,,8.33560000e-008,-4.00000019e-003
,,,8.33600000e-008,-6.37499988e-003
,,,8.33640000e-008,-1.36562502e-002
,,,8.33680000e-008,-2.26250011e-002
,,,8.33720000e-008,-2.80000009e-002
,,,8.33760000e-008,-2.99375001e-002
,,,8.33800000e-008,-2.80000009e-002
,,,8.33840000e-008,-1.74062494e-002
,,,8.33880000e-008,-1.20000001e-002
,,,8.33920000e-008,-2.06875000e-002
,,,8.33960000e-008,-2.24062502e-002
,,,8.34000000e-008,-1.20000001e-002
,,,8.34040000e-008,-8.28125048e-003
,,,8.34080000e-008,-2.09375005e-002
,,,8.34120000e-008,-2.33437493e-002
,,,8.34160000e-008,-1.53437499e-002
,,,8.34200000e-008,-1.70625001e-002
,,,8.34240000e-008,-1.99999996e-002
,,,8.34280000e-008,-1.75000001e-002
,,,8.34320000e-008,-1.20000001e-002
,,,8.34360000e-008,-4.93749976e-003
,,,8.34400000e-008,-1.20000001e-002
,,,8.34440000e-008,-2.03437507e-002
,,,8.34480000e-008,-2.17812508e-002
,,,8.34520000e-008,-1.33750001e-002
,,,8.34560000e-008,-1.99999996e-002
,,,8.34600000e-008,-1.45000005e-002
,,,8.34640000e-008,-1.20000001e-002
,,,8.34680000e-008,-1.38437506e-002
,,,8.34720000e-008,-1.49062499e-002
,,,8.34760000e-008,-1.12500004e-002
,,,8.34800000e-008,-1.45937502e-002
,,,8.34840000e-008,-2.03437507e-002
,,,8.34880000e-008,-1.66250002e-002
,,,8.34920000e-008,-1.69062503e-002
,,,8.34960000e-008,-2.47187503e-002
,,,8.35000000e-008,-1.99999996e-002
,,,8.35040000e-008,-1.20000001e-002
,,,8.35080000e-008,-1.54687501e-002
,,,8.35120000e-008,-1.20000001e-002
,,,8.35160000e-008,-1.31250005e-002
,,,8.35200000e-008,-2.80000009e-002
,,,8.35240000e-008,-2.89687496e-002
,,,8.35280000e-008,-1.70937497e-002
,,,8.35320000e-008,-9.06249974e-003
,,,8.35360000e-008,-5.28124999e-003
,,,8.35400000e-008,-1.20000001e-002
,,,8.35440000e-008,-2.49687508e-002
,,,8.35480000e-008,-2.80000009e-002
,,,8.35520000e-008,-1.62187498e-002
,,,8.35560000e-008,-1.51562504e-002
,,,8.35600000e-008,-1.99999996e-002
,,,8.35640000e-008,-2.20937505e-002
,,,8.35680000e-008,-2.80000009e-002
,,,8.35720000e-008,-2.01562494e-002
,,,8.35760000e-008,-1.23437503e-002
,,,8.35800000e-008,-1.70937497e-002
,,,8.35840000e-008,-2.40624994e-002
,,,8.35880000e-008,-1.99999996e-002
,,,8.35920000e-008,-1.39062498e-002
,,,8.35960000e-008,-1.95624996e-002
,,,8.36000000e-008,-1.69687495e-002
,,,8.36040000e-008,-7.74999987e-003
,,,8.36080000e-008,-1.20000001e-002
,,,8.36120000e-008,-1.43750003e-002
,,,8.36160000e-008,-1.35312499e-002
,,,8.36200000e-008,-7.06249988e-003
,,,8.36240000e-008,-1.48125002e-002
,,,8.36280000e-008,-1.99999996e-002
,,,8.36320000e-008,-2.14374997e-002
,,,8.36360000e-008,-1.72812510e-002
,,,8.36400000e-008,-2.03750003e-002
,,,8.36440000e-008,-1.99999996e-002
,,,8.36480000e-008,-1.99999996e-002
,,,8.36520000e-008,-1.42500000e-002
,,,8.36560000e-008,-1.31562501e-002
,,,8.36600000e-008,-1.78750008e-002
,,,8.36640000e-008,-1.87500007e-002
,,,8.36680000e-008,-1.99999996e-002
,,,8.36720000e-008,-1.92499999e-002
,,,8.36760000e-008,-1.23437503e-002
,,,8.36800000e-008,-1.99999996e-002
,,,8.36840000e-008,-1.60625000e-002
,,,8.36880000e-008,-1.89062506e-002
,,,8.36920000e-008,-1.20000001e-002
,,,8.36960000e-008,-2.13750005e-002
,,,8.37000000e-008,-2.80000009e-002
,,,8.37040000e-008,-2.13124994e-002
,,,8.37080000e-008,-1.53750004e-002
,,,8.37120000e-008,-1.32499998e-002
,,,8.37160000e-008,-1.44375004e-002
,,,8.37200000e-008,-1.99999996e-002
,,,8.37240000e-008,-1.52187506e-002
,,,8.37280000e-008,-1.44062499e-002
,,,8.37320000e-008,-1.22812502e-002
,,,8.37360000e-008,-1.20000001e-002
,,,8.37400000e-008,-1.26562500e-002
,,,8.37440000e-008,-1.20000001e-002
,,,8.37480000e-008,-1.20000001e-002
,,,8.37520000e-008,-1.20000001e-002
,,,8.37560000e-008,-7.71874981e-003
,,,8.37600000e-008,-1.20000001e-002
,,,8.37640000e-008,-1.99999996e-002
,,,8.37680000e-008,-2.10937504e-002
,,,8.37720000e-008,-2.95312498e-002
,,,8.37760000e-008,-2.80000009e-002
,,,8.37800000e-008,-1.76874995e-002
,,,8.37840000e-008,-2.14062501e-002
,,,8.37880000e-008,-1.94062497e-002
,,,8.37920000e-008,-1.71562508e-002
,,,8.37960000e-008,-1.40000004e-002
,,,8.38000000e-008,-1.99999996e-002
,,,8.38040000e-008,-1.92812495e-002
,,,8.38080000e-008,-1.25312498e-002
,,,8.38120000e-008,-1.20000001e-002
,,,8.38160000e-008,-1.30625004e-002
,,,8.38200000e-008,-2.80000009e-002
,,,8.38240000e-008,-2.85312496e-002
,,,8.38280000e-008,-2.30312496e-002
,,,8.38320000e-008,-1.99999996e-002
,,,8.38360000e-008,-1.93125010e-002
,,,8.38400000e-008,-1.99999996e-002
,,,8.38440000e-008,-1.37812505e-002
,,,8.38480000e-008,-1.48125002e-002
,,,8.38520000e-008,-8.62499978e-003
,,,8.38560000e-008,-1.99999996e-002
,,,8.38600000e-008,-2.40937509e-002
,,,8.38640000e-008,-1.71562508e-002
,,,8.38680000e-008,-7.24999979e-003
,,,8.38720000e-008,-1.20000001e-002
,,,8.38760000e-008,-1.29687497e-002
,,,8.38800000e-008,-1.82812493e-002
,,,8.38840000e-008,-2.07187496e-002
,,,8.38880000e-008,-1.37499999e-002
,,,8.38920000e-008,-1.20000001e-002
,,,8.38960000e-008,-1.45312501e-002
,,,8.39000000e-008,-1.20000001e-002
,,,8.39040000e-008,-1.29062505e-002
,,,8.39080000e-008,-2.37812512e-002
,,,8.39120000e-008,-2.80000009e-002
,,,8.39160000e-008,-2.05624998e-002
,,,8.39200000e-008,-2.13124994e-002
,,,8.39240000e-008,-1.99999996e-002
,,,8.39280000e-008,-2.80000009e-002
,,,8.39320000e-008,-3.14375013e-002
,,,8.39360000e-008,-2.07812507e-002
,,,8.39400000e-008,-1.20000001e-002
,,,8.39440000e-008,-1.06875002e-002
,,,8.39480000e-008,-1.20000001e-002
,,,8.39520000e-008,-1.83125008e-002
,,,8.39560000e-008,-1.62499994e-002
,,,8.39600000e-008,-1.78750008e-002
,,,8.39640000e-008,-1.72187500e-002
,,,8.39680000e-008,-1.69374999e-002
,,,8.39720000e-008,-2.80000009e-002
,,,8.39760000e-008,-2.51874998e-002
,,,8.39800000e-008,-2.23124996e-002
,,,8.39840000e-008,-1.99999996e-002
,,,8.39880000e-008,-1.36874998e-002
,,,8.39920000e-008,-1.99999996e-002
,,,8.39960000e-008,-2.15624999e-002
,,,8.40000000e-008,-2.79062502e-002
,,,8.40040000e-008,-2.80000009e-002
,,,8.40080000e-008,-2.80000009e-002
,,,8.40120000e-008,-2.99687497e-002
,,,8.40160000e-008,-1.84062496e-002
,,,8.40200000e-008,-1.44375004e-002
,,,8.40240000e-008,-9.99999978e-003
,,,8.40280000e-008,-1.20000001e-002
,,,8.40320000e-008,-1.57812499e-002
,,,8.40360000e-008,-1.99999996e-002
,,,8.40400000e-008,-2.13437509e-002
,,,8.40440000e-008,-2.28749998e-002
,,,8.40480000e-008,-1.99999996e-002
,,,8.40520000e-008,-1.99999996e-002
,,,8.40560000e-008,-1.64687503e-002
,,,8.40600000e-008,-2.19375007e-002
,,,8.40640000e-008,-3.21249999e-002
,,,8.40680000e-008,-2.96562500e-002
,,,8.40720000e-008,-2.80000009e-002
,,,8.40760000e-008,-2.16250010e-002
,,,8.40800000e-008,-1.96874999e-002
,,,8.40840000e-008,-1.65937506e-002
,,,8.40880000e-008,-1.66250002e-002
,,,8.40920000e-008,-1.23124998e-002
,,,8.40960000e-008,-1.23437503e-002
,,,8.41000000e-008,-1.41874999e-002
,,,8.41040000e-008,-2.01249998e-002
,,,8.41080000e-008,-2.47499999e-002
,,,8.41120000e-008,-2.16250010e-002
,,,8.41160000e-008,-2.67500002e-002
,,,8.41200000e-008,-1.99999996e-002
,,,8.41240000e-008,-1.99999996e-002
,,,8.41280000e-008,-1.88437495e-002
,,,8.41320000e-008,-1.56562496e-002
,,,8.41360000e-008,-2.14374997e-002
,,,8.41400000e-008,-1.99999996e-002
,,,8.41440000e-008,-1.20000001e-002
,,,8.41480000e-008,-1.60312504e-002
,,,8.41520000e-008,-1.35312499e-002
,,,8.41560000e-008,-1.85937509e-002
,,,8.41600000e-008,-1.99999996e-002
,,,8.41640000e-008,-1.50000006e-002
,,,8.41680000e-008,-1.22187501e-002
,,,8.41720000e-008,-1.99999996e-002
,,,8.41760000e-008,-1.99999996e-002
,,,8.41800000e-008,-1.85000002e-002
,,,8.41840000e-008,-1.38437506e-002
,,,8.41880000e-008,-1.69374999e-002
,,,8.41920000e-008,-2.80000009e-002
,,,8.41960000e-008,-2.20937505e-002
,,,8.42000000e-008,-1.99999996e-002
,,,8.42040000e-008,-2.30625011e-002
,,,8.42080000e-008,-2.80000009e-002
,,,8.42120000e-008,-2.57500000e-002
,,,8.42160000e-008,-1.98437497e-002
,,,8.42200000e-008,-1.27812503e-002
,,,8.42240000e-008,-1.03125004e-002
,,,8.42280000e-008,-1.31250005e-002
,,,8.42320000e-008,-1.52812498e-002
,,,8.42360000e-008,-2.00312510e-002
,,,8.42400000e-008,-1.99999996e-002
,,,8.42440000e-008,-1.82187501e-002
,,,8.42480000e-008,-1.64999999e-002
,,,8.42520000e-008,-1.99999996e-002
,,,8.42560000e-008,-1.71249993e-002
,,,8.42600000e-008,-1.96562503e-002
,,,8.42640000e-008,-1.41249998e-002
,,,8.42680000e-008,-1.39062498e-002
,,,8.42720000e-008,-1.40625006e-002
,,,8.42760000e-008,-1.11250002e-002
,,,8.42800000e-008,-1.23749999e-002
,,,8.42840000e-008,-1.00312503e-002
,,,8.42880000e-008,-1.20000001e-002
,,,8.42920000e-008,-1.25000002e-002
,,,8.42960000e-008,-1.70937497e-002
,,,8.43000000e-008,-1.85312498e-002
,,,8.43040000e-008,-1.99999996e-002
,,,8.43080000e-008,-1.77812502e-002
,,,8.43120000e-008,-1.99999996e-002
,,,8.43160000e-008,-1.90937500e-002
,,,8.43200000e-008,-1.97812505e-002
,,,8.43240000e-008,-2.80000009e-002
,,,8.43280000e-008,-2.22500004e-002
,,,8.43320000e-008,-1.01562496e-002
,,,8.43360000e-008,-1.66562498e-002
,,,8.43400000e-008,-1.99999996e-002
,,,8.43440000e-008,-1.28750000e-002
,,,8.43480000e-008,-1.80312507e-002
,,,8.43520000e-008,-1.99999996e-002
,,,8.43560000e-008,-1.81562509e-002
,,,8.43600000e-008,-1.45312501e-002
,,,8.43640000e-008,-1.59687493e-002
,,,8.43680000e-008,-1.99999996e-002
,,,8.43720000e-008,-2.12812498e-002
,,,8.43760000e-008,-1.87812503e-002
,,,8.43800000e-008,-6.78125024e-003
,,,8.43840000e-008,-1.56250000e-002
,,,8.43880000e-008,-2.67500002e-002
,,,8.43920000e-008,-2.80000009e-002
,,,8.43960000e-008,-1.79062504e-002
,,,8.44000000e-008,-1.36249997e-002
,,,8.44040000e-008,-1.30625004e-002
,,,8.44080000e-008,-1.20000001e-002
,,,8.44120000e-008,-1.04374997e-002
,,,8.44160000e-008,-1.08125005e-002
,,,8.44200000e-008,-1.53750004e-002
,,,8.44240000e-008,-2.73125004e-002
,,,8.44280000e-008,-2.90625002e-002
,,,8.44320000e-008,-1.99999996e-002
,,,8.44360000e-008,-1.76874995e-002
,,,8.44400000e-008,-1.99999996e-002
,,,8.44440000e-008,-3.18125002e-002
,,,8.44480000e-008,-3.10937501e-002
,,,8.44520000e-008,-1.78750008e-002
,,,8.44560000e-008,-1.88124999e-002
,,,8.44600000e-008,-1.37187503e-002
,,,8.44640000e-008,-1.99999996e-002
,,,8.44680000e-008,-2.31874995e-002
,,,8.44720000e-008,-1.99999996e-002
,,,8.44760000e-008,-1.37499999e-002
,,,8.44800000e-008,-1.94687508e-002
,,,8.44840000e-008,-1.99999996e-002
,,,8.44880000e-008,-2.09062509e-002
,,,8.44920000e-008,-2.00625006e-002
,,,8.44960000e-008,-1.00312503e-002
,,,8.45000000e-008,-1.20000001e-002
,,,8.45040000e-008,-1.13437502e-002
,,,8.45080000e-008,-2.05624998e-002
,,,8.45120000e-008,-1.99999996e-002
,,,8.45160000e-008,-1.34687498e-002
,,,8.45200000e-008,-2.39375010e-002
,,,8.45240000e-008,-1.99999996e-002
,,,8.45280000e-008,-1.52812498e-002
,,,8.45320000e-008,-1.84687506e-002
,,,8.45360000e-008,-1.99999996e-002
,,,8.45400000e-008,-1.45937502e-002
,,,8.45440000e-008,-2.76250001e-002
,,,8.45480000e-008,-2.80000009e-002
,,,8.45520000e-008,-1.99999996e-002
,,,8.45560000e-008,-1.71249993e-002
,,,8.45600000e-008,-1.20000001e-002
,,,8.45640000e-008,-1.20000001e-002
,,,8.45680000e-008,-1.21562500e-002
,,,8.45720000e-008,-1.90937500e-002
,,,8.45760000e-008,-1.47187505e-002
,,,8.45800000e-008,-1.35625005e-002
,,,8.45840000e-008,-1.30937500e-002
,,,8.45880000e-008,-1.51562504e-002
,,,8.45920000e-008,-1.20000001e-002
,,,8.45960000e-008,-1.20000001e-002
,,,8.46000000e-008,-2.49375012e-002
,,,8.46040000e-008,-2.54375003e-002
,,,8.46080000e-008,-1.64687503e-002
,,,8.46120000e-008,-1.69374999e-002
,,,8.46160000e-008,-1.52812498e-002
,,,8.46200000e-008,-2.03750003e-002
,,,8.46240000e-008,-1.74062494e-002
,,,8.46280000e-008,-1.98749993e-002
,,,8.46320000e-008,-1.99999996e-002
,,,8.46360000e-008,-1.32187502e-002
,,,8.46400000e-008,-1.20000001e-002
,,,8.46440000e-008,-1.09999999e-002
,,,8.46480000e-008,-1.52187506e-002
,,,8.46520000e-008,-2.29375008e-002
,,,8.46560000e-008,-1.81875005e-002
,,,8.46600000e-008,-2.69374996e-002
,,,8.46640000e-008,-2.86562499e-002
,,,8.46680000e-008,-1.47500001e-002
,,,8.46720000e-008,-1.20000001e-002
,,,8.46760000e-008,-1.83437504e-002
,,,8.46800000e-008,-1.99999996e-002
,,,8.46840000e-008,-2.05937494e-002
,,,8.46880000e-008,-1.99999996e-002
,,,8.46920000e-008,-1.59687493e-002
,,,8.46960000e-008,-2.46875007e-002
,,,8.47000000e-008,-1.99999996e-002
,,,8.47040000e-008,-1.78437494e-002
,,,8.47080000e-008,-1.99999996e-002
,,,8.47120000e-008,-2.41250005e-002
,,,8.47160000e-008,-1.80625003e-002
,,,8.47200000e-008,-1.41249998e-002
,,,8.47240000e-008,-1.26250004e-002
,,,8.47280000e-008,-1.70937497e-002
,,,8.47320000e-008,-1.71875004e-002
,,,8.47360000e-008,-2.16562506e-002
,,,8.47400000e-008,-2.80000009e-002
,,,8.47440000e-008,-2.38437504e-002
,,,8.47480000e-008,-1.37812505e-002
,,,8.47520000e-008,-1.43750003e-002
,,,8.47560000e-008,-1.20000001e-002
,,,8.47600000e-008,-1.23124998e-002
,,,8.47640000e-008,-1.72499996e-002
,,,8.47680000e-008,-2.07500011e-002
,,,8.47720000e-008,-1.44062499e-002
,,,8.47760000e-008,-1.15000000e-002
,,,8.47800000e-008,-7.53124990e-003
,,,8.47840000e-008,-1.13749998e-002
,,,8.47880000e-008,-1.54375006e-002
,,,8.47920000e-008,-1.80625003e-002
,,,8.47960000e-008,-1.75937507e-002
,,,8.48000000e-008,-1.99999996e-002
,,,8.48040000e-008,-2.39687506e-002
,,,8.48080000e-008,-2.80000009e-002
,,,8.48120000e-008,-2.01562494e-002
,,,8.48160000e-008,-1.40937502e-002
,,,8.48200000e-008,-2.22812500e-002
,,,8.48240000e-008,-1.96874999e-002
,,,8.48280000e-008,-1.50000006e-002
,,,8.48320000e-008,-2.13750005e-002
,,,8.48360000e-008,-1.99999996e-002
,,,8.48400000e-008,-1.99999996e-002
,,,8.48440000e-008,-1.99999996e-002
,,,8.48480000e-008,-1.20000001e-002
,,,8.48520000e-008,-2.02500001e-002
,,,8.48560000e-008,-1.99999996e-002
,,,8.48600000e-008,-1.68124996e-002
,,,8.48640000e-008,-1.99999996e-002
,,,8.48680000e-008,-2.18437500e-002
,,,8.48720000e-008,-1.99999996e-002
,,,8.48760000e-008,-2.03437507e-002
,,,8.48800000e-008,-1.20000001e-002
,,,8.48840000e-008,-1.39687499e-002
,,,8.48880000e-008,-1.45000005e-002
,,,8.48920000e-008,-1.20000001e-002
,,,8.48960000e-008,-9.62499995e-003
,,,8.49000000e-008,-1.48125002e-002
,,,8.49040000e-008,-1.21562500e-002
,,,8.49080000e-008,-1.58124994e-002
,,,8.49120000e-008,-1.10312505e-002
,,,8.49160000e-008,-1.75937507e-002
,,,8.49200000e-008,-1.47187505e-002
,,,8.49240000e-008,-2.01562494e-002
,,,8.49280000e-008,-1.99999996e-002
,,,8.49320000e-008,-1.99999996e-002
,,,8.49360000e-008,-1.80000011e-002
,,,8.49400000e-008,-2.03125011e-002
,,,8.49440000e-008,-1.94062497e-002
,,,8.49480000e-008,-1.93125010e-002
,,,8.49520000e-008,-2.80000009e-002
,,,8.49560000e-008,-1.96874999e-002
,,,8.49600000e-008,-1.20000001e-002
,,,8.49640000e-008,-1.50000006e-002
,,,8.49680000e-008,-1.42187504e-002
,,,8.49720000e-008,-1.41562503e-002
,,,8.49760000e-008,-1.18437503e-002
,,,8.49800000e-008,-1.71562508e-002
,,,8.49840000e-008,-1.20000001e-002
,,,8.49880000e-008,-1.47812497e-002
,,,8.49920000e-008,-1.73749998e-002
,,,8.49960000e-008,-1.35625005e-002
,,,8.50000000e-008,-1.54999997e-002
,,,8.50040000e-008,-1.25312498e-002
,,,8.50080000e-008,-2.32500006e-002
,,,8.50120000e-008,-3.45625021e-002
,,,8.50160000e-008,-3.60000022e-002
,,,8.50200000e-008,-1.99999996e-002
,,,8.50240000e-008,-2.60624997e-002
,,,8.50280000e-008,-3.09375003e-002
,,,8.50320000e-008,-2.54687499e-002
,,,8.50360000e-008,-1.31874997e-002
,,,8.50400000e-008,-1.95937511e-002
,,,8.50440000e-008,-1.99999996e-002
,,,8.50480000e-008,-1.46875000e-002
,,,8.50520000e-008,-1.38125001e-002
,,,8.50560000e-008,-9.75000020e-003
,,,8.50600000e-008,-1.49062499e-002
,,,8.50640000e-008,-1.36249997e-002
,,,8.50680000e-008,-1.62499994e-002
,,,8.50720000e-008,-1.06875002e-002
,,,8.50760000e-008,-1.42500000e-002
,,,8.50800000e-008,-1.66562498e-002
,,,8.50840000e-008,-1.37187503e-002
,,,8.50880000e-008,-2.07500011e-002
,,,8.50920000e-008,-2.21874993e-002
,,,8.50960000e-008,-1.79687496e-002
,,,8.51000000e-008,-1.99999996e-002
,,,8.51040000e-008,-1.40625006e-002
,,,8.51080000e-008,-1.86562501e-002
,,,8.51120000e-008,-1.51875000e-002
,,,8.51160000e-008,-1.67500004e-002
,,,8.51200000e-008,-1.28124999e-002
,,,8.51240000e-008,-1.31250005e-002
,,,8.51280000e-008,-1.48125002e-002
,,,8.51320000e-008,-1.20000001e-002
,,,8.51360000e-008,-1.61562506e-002
,,,8.51400000e-008,-2.04062499e-002
,,,8.51440000e-008,-1.20000001e-002
,,,8.51480000e-008,-1.54687501e-002
,,,8.51520000e-008,-1.88124999e-002
,,,8.51560000e-008,-2.26250011e-002
,,,8.51600000e-008,-2.29375008e-002
,,,8.51640000e-008,-1.68124996e-002
,,,8.51680000e-008,-2.84687504e-002
,,,8.51720000e-008,-2.80000009e-002
,,,8.51760000e-008,-1.42812505e-002
,,,8.51800000e-008,-1.28750000e-002
,,,8.51840000e-008,-1.66874994e-002
,,,8.51880000e-008,-1.99999996e-002
,,,8.51920000e-008,-1.99999996e-002
,,,8.51960000e-008,-1.54062500e-002
,,,8.52000000e-008,-1.04374997e-002
,,,8.52040000e-008,-1.37499999e-002
,,,8.52080000e-008,-2.62187496e-002
,,,8.52120000e-008,-2.86874995e-002
,,,8.52160000e-008,-2.10937504e-002
,,,8.52200000e-008,-2.82499995e-002
,,,8.52240000e-008,-2.42812503e-002
,,,8.52280000e-008,-1.80312507e-002
,,,8.52320000e-008,-2.13750005e-002
,,,8.52360000e-008,-1.34687498e-002
,,,8.52400000e-008,-1.59062501e-002
,,,8.52440000e-008,-1.99999996e-002
,,,8.52480000e-008,-1.08437501e-002
,,,8.52520000e-008,-1.20000001e-002
,,,8.52560000e-008,-1.48125002e-002
,,,8.52600000e-008,-1.25625003e-002
,,,8.52640000e-008,-9.46875010e-003
,,,8.52680000e-008,-1.28750000e-002
,,,8.52720000e-008,-2.35000011e-002
,,,8.52760000e-008,-2.64999997e-002
,,,8.52800000e-008,-2.01562494e-002
,,,8.52840000e-008,-2.80000009e-002
,,,8.52880000e-008,-2.24374998e-002
,,,8.52920000e-008,-1.60312504e-002
,,,8.52960000e-008,-1.49687501e-002
,,,8.53000000e-008,-1.99999996e-002
,,,8.53040000e-008,-1.99999996e-002
,,,8.53080000e-008,-1.59062501e-002
,,,8.53120000e-008,-1.22499997e-002
,,,8.53160000e-008,-1.41874999e-002
,,,8.53200000e-008,-1.99999996e-002
,,,8.53240000e-008,-2.11875010e-002
,,,8.53280000e-008,-2.64375005e-002
,,,8.53320000e-008,-1.99999996e-002
,,,8.53360000e-008,-1.20000001e-002
,,,8.53400000e-008,-1.99999996e-002
,,,8.53440000e-008,-1.95312500e-002
,,,8.53480000e-008,-1.93750001e-002
,,,8.53520000e-008,-1.82499997e-002
,,,8.53560000e-008,-2.15000007e-002
,,,8.53600000e-008,-2.16250010e-002
,,,8.53640000e-008,-1.99999996e-002
,,,8.53680000e-008,-1.70000009e-002
,,,8.53720000e-008,-1.95624996e-002
,,,8.53760000e-008,-2.15624999e-002
,,,8.53800000e-008,-1.81562509e-002
,,,8.53840000e-008,-1.89062506e-002
,,,8.53880000e-008,-2.80000009e-002
,,,8.53920000e-008,-2.47187503e-002
,,,8.53960000e-008,-1.40312500e-002
,,,8.54000000e-008,-1.20625002e-002
,,,8.54040000e-008,-1.32499998e-002
,,,8.54080000e-008,-1.54375006e-002
,,,8.54120000e-008,-1.99999996e-002
,,,8.54160000e-008,-1.31562501e-002
,,,8.54200000e-008,-1.20000001e-002
,,,8.54240000e-008,-9.06249974e-003
,,,8.54280000e-008,-1.52500002e-002
,,,8.54320000e-008,-2.80000009e-002
,,,8.54360000e-008,-2.62812506e-002
,,,8.54400000e-008,-2.06250008e-002
,,,8.54440000e-008,-2.17187498e-002
,,,8.54480000e-008,-1.46249998e-002
,,,8.54520000e-008,-1.37187503e-002
,,,8.54560000e-008,-1.25937499e-002
,,,8.54600000e-008,-1.99999996e-002
,,,8.54640000e-008,-1.88124999e-002
,,,8.54680000e-008,-1.99999996e-002
,,,8.54720000e-008,-2.55625006e-002
,,,8.54760000e-008,-1.99999996e-002
,,,8.54800000e-008,-1.27499998e-002
,,,8.54840000e-008,-1.76250003e-002
,,,8.54880000e-008,-1.80937499e-002
,,,8.54920000e-008,-1.28437504e-002
,,,8.54960000e-008,-1.50312502e-002
,,,8.55000000e-008,-1.20000001e-002
,,,8.55040000e-008,-2.50312500e-002
,,,8.55080000e-008,-2.71562506e-002
,,,8.55120000e-008,-2.80000009e-002
,,,8.55160000e-008,-2.55625006e-002
,,,8.55200000e-008,-1.99999996e-002
,,,8.55240000e-008,-2.15624999e-002
,,,8.55280000e-008,-2.80000009e-002
,,,8.55320000e-008,-2.17812508e-002
,,,8.55360000e-008,-2.00625006e-002
,,,8.55400000e-008,-1.99999996e-002
,,,8.55440000e-008,-1.40937502e-002
,,,8.55480000e-008,-1.38750002e-002
,,,8.55520000e-008,-1.38750002e-002
,,,8.55560000e-008,-1.67500004e-002
,,,8.55600000e-008,-2.21562497e-002
,,,8.55640000e-008,-1.99999996e-002
,,,8.55680000e-008,-1.64375007e-002
,,,8.55720000e-008,-1.71249993e-002
,,,8.55760000e-008,-2.44999994e-002
,,,8.55800000e-008,-3.05624995e-002
,,,8.55840000e-008,-2.33750008e-002
,,,8.55880000e-008,-2.47812495e-002
,,,8.55920000e-008,-2.58437507e-002
,,,8.55960000e-008,-1.99999996e-002
,,,8.56000000e-008,-1.96874999e-002
,,,8.56040000e-008,-1.26562500e-002
,,,8.56080000e-008,-2.01875009e-002
,,,8.56120000e-008,-2.19062511e-002
,,,8.56160000e-008,-1.78437494e-002
,,,8.56200000e-008,-2.80000009e-002
,,,8.56240000e-008,-2.25000009e-002
,,,8.56280000e-008,-1.77812502e-002
,,,8.56320000e-008,-1.81249995e-002
,,,8.56360000e-008,-1.91562511e-002
,,,8.56400000e-008,-1.99999996e-002
,,,8.56440000e-008,-1.64062493e-002
,,,8.56480000e-008,-1.52500002e-002
,,,8.56520000e-008,-1.20000001e-002
,,,8.56560000e-008,-1.51562504e-002
,,,8.56600000e-008,-1.99999996e-002
,,,8.56640000e-008,-2.19999999e-002
,,,8.56680000e-008,-1.68437511e-002
,,,8.56720000e-008,-1.99999996e-002
,,,8.56760000e-008,-1.64375007e-002
,,,8.56800000e-008,-1.54999997e-002
,,,8.56840000e-008,-1.20000001e-002
,,,8.56880000e-008,-1.12187499e-002
,,,8.56920000e-008,-1.36249997e-002
,,,8.56960000e-008,-9.15625039e-003
,,,8.57000000e-008,-1.20000001e-002
,,,8.57040000e-008,-1.11875003e-002
,,,8.57080000e-008,-1.20000001e-002
,,,8.57120000e-008,-1.37499999e-002
,,,8.57160000e-008,-1.22187501e-002
,,,8.57200000e-008,-2.10625008e-002
,,,8.57240000e-008,-1.99999996e-002
,,,8.57280000e-008,-2.06250008e-002
,,,8.57320000e-008,-1.69374999e-002
,,,8.57360000e-008,-1.50312502e-002
,,,8.57400000e-008,-2.28437502e-002
,,,8.57440000e-008,-2.47187503e-002
,,,8.57480000e-008,-1.99999996e-002
,,,8.57520000e-008,-1.78437494e-002
,,,8.57560000e-008,-2.15624999e-002
,,,8.57600000e-008,-1.20000001e-002
,,,8.57640000e-008,-1.67812500e-002
,,,8.57680000e-008,-1.41249998e-002
,,,8.57720000e-008,-1.20000001e-002
,,,8.57760000e-008,-1.60937496e-002
,,,8.57800000e-008,-2.80000009e-002
,,,8.57840000e-008,-2.55312510e-002
,,,8.57880000e-008,-1.64062493e-002
,,,8.57920000e-008,-1.62187498e-002
,,,8.57960000e-008,-1.45312501e-002
,,,8.58000000e-008,-1.28437504e-002
,,,8.58040000e-008,-2.11250000e-002
,,,8.58080000e-008,-1.99999996e-002
,,,8.58120000e-008,-1.89687498e-002
,,,8.58160000e-008,-1.27499998e-002
,,,8.58200000e-008,-1.99999996e-002
,,,8.58240000e-008,-2.80000009e-002
,,,8.58280000e-008,-2.27812510e-002
,,,8.58320000e-008,-1.97500009e-002
,,,8.58360000e-008,-1.99999996e-002
,,,8.58400000e-008,-1.99999996e-002
,,,8.58440000e-008,-1.92187503e-002
,,,8.58480000e-008,-2.15937495e-002
,,,8.58520000e-008,-2.27187499e-002
,,,8.58560000e-008,-3.63437496e-002
,,,8.58600000e-008,-3.60000022e-002
,,,8.58640000e-008,-1.83750000e-002
,,,8.58680000e-008,-1.87187493e-002
,,,8.58720000e-008,-1.70000009e-002
,,,8.58760000e-008,-2.24374998e-002
,,,8.58800000e-008,-1.99999996e-002
,,,8.58840000e-008,-1.35625005e-002
,,,8.58880000e-008,-1.84062496e-002
,,,8.58920000e-008,-2.15624999e-002
,,,8.58960000e-008,-1.84687506e-002
,,,8.59000000e-008,-1.46562504e-002
,,,8.59040000e-008,-2.08437499e-002
,,,8.59080000e-008,-1.99999996e-002
,,,8.59120000e-008,-1.67500004e-002
,,,8.59160000e-008,-1.56875011e-002
,,,8.59200000e-008,-1.24375001e-002
,,,8.59240000e-008,-2.15312503e-002
,,,8.59280000e-008,-2.23124996e-002
,,,8.59320000e-008,-2.80000009e-002
,,,8.59360000e-008,-2.22812500e-002
,,,8.59400000e-008,-2.80000009e-002
,,,8.59440000e-008,-2.97500007e-002
,,,8.59480000e-008,-1.61250010e-002
,,,8.59520000e-008,-2.35312507e-002
,,,8.59560000e-008,-1.99999996e-002
,,,8.59600000e-008,-1.20000001e-002
,,,8.59640000e-008,-1.99999996e-002
,,,8.59680000e-008,-1.99999996e-002
,,,8.59720000e-008,-2.20312495e-002
,,,8.59760000e-008,-1.88437495e-002
,,,8.59800000e-008,-1.37187503e-002
,,,8.59840000e-008,-1.83437504e-002
,,,8.59880000e-008,-1.99999996e-002
,,,8.59920000e-008,-1.40000004e-002
,,,8.59960000e-008,-2.17499994e-002
,,,8.60000000e-008,-2.55625006e-002
,,,8.60040000e-008,-1.92812495e-002
,,,8.60080000e-008,-1.20000001e-002
,,,8.60120000e-008,-2.12500002e-002
,,,8.60160000e-008,-2.57500000e-002
,,,8.60200000e-008,-1.99999996e-002
,,,8.60240000e-008,-2.50937510e-002
,,,8.60280000e-008,-2.80000009e-002
,,,8.60320000e-008,-2.27187499e-002
,,,8.60360000e-008,-2.54375003e-002
,,,8.60400000e-008,-1.87187493e-002
,,,8.60440000e-008,-1.83125008e-002
,,,8.60480000e-008,-2.12500002e-002
,,,8.60520000e-008,-2.20937505e-002
,,,8.60560000e-008,-1.28437504e-002
,,,8.60600000e-008,-1.30312499e-002
,,,8.60640000e-008,-1.27812503e-002
,,,8.60680000e-008,-1.28437504e-002
,,,8.60720000e-008,-1.20000001e-002
,,,8.60760000e-008,-1.99999996e-002
,,,8.60800000e-008,-1.96874999e-002
,,,8.60840000e-008,-1.56250000e-002
,,,8.60880000e-008,-2.11875010e-002
,,,8.60920000e-008,-2.51874998e-002
,,,8.60960000e-008,-2.80000009e-002
,,,8.61000000e-008,-1.99999996e-002
,,,8.61040000e-008,-2.03125011e-002
,,,8.61080000e-008,-1.79375000e-002
,,,8.61120000e-008,-1.99999996e-002
,,,8.61160000e-008,-1.20000001e-002
,,,8.61200000e-008,-1.40625006e-002
,,,8.61240000e-008,-1.99999996e-002
,,,8.61280000e-008,-1.52187506e-002
,,,8.61320000e-008,-1.31874997e-002
,,,8.61360000e-008,-2.06875000e-002
,,,8.61400000e-008,-2.29687504e-002
,,,8.61440000e-008,-1.94374993e-002
,,,8.61480000e-008,-1.01250000e-002
,,,8.61520000e-008,-1.99999996e-002
,,,8.61560000e-008,-2.35625003e-002
,,,8.61600000e-008,-1.99999996e-002
,,,8.61640000e-008,-1.88437495e-002
,,,8.61680000e-008,-2.80000009e-002
,,,8.61720000e-008,-2.89375000e-002
,,,8.61760000e-008,-1.54375006e-002
,,,8.61800000e-008,-1.20000001e-002
,,,8.61840000e-008,-1.55312503e-002
,,,8.61880000e-008,-1.48125002e-002
,,,8.61920000e-008,-1.47812497e-002
,,,8.61960000e-008,-1.82812493e-002
,,,8.62000000e-008,-2.31250003e-002
,,,8.62040000e-008,-1.84062496e-002
,,,8.62080000e-008,-1.99999996e-002
,,,8.62120000e-008,-1.99999996e-002
,,,8.62160000e-008,-1.91249996e-002
,,,8.62200000e-008,-2.23750006e-002
,,,8.62240000e-008,-2.36562509e-002
,,,8.62280000e-008,-1.99999996e-002
,,,8.62320000e-008,-1.53125003e-002
,,,8.62360000e-008,-1.22812502e-002
,,,8.62400000e-008,-1.99999996e-002
,,,8.62440000e-008,-1.56250000e-002
,,,8.62480000e-008,-1.41249998e-002
,,,8.62520000e-008,-1.99999996e-002
,,,8.62560000e-008,-2.31562499e-002
,,,8.62600000e-008,-1.91562511e-002
,,,8.62640000e-008,-1.93750001e-002
,,,8.62680000e-008,-2.80000009e-002
,,,8.62720000e-008,-2.55937502e-002
,,,8.62760000e-008,-2.80312505e-002
,,,8.62800000e-008,-2.80000009e-002
,,,8.62840000e-008,-3.02187502e-002
,,,8.62880000e-008,-3.66250016e-002
,,,8.62920000e-008,-2.80000009e-002
,,,8.62960000e-008,-2.29375008e-002
,,,8.63000000e-008,-1.27187502e-002
,,,8.63040000e-008,-1.24687497e-002
,,,8.63080000e-008,-1.58750005e-002
,,,8.63120000e-008,-1.20000001e-002
,,,8.63160000e-008,-8.62499978e-003
,,,8.63200000e-008,-1.20000001e-002
,,,8.63240000e-008,-1.29687497e-002
,,,8.63280000e-008,-1.20000001e-002
,,,8.63320000e-008,-2.67812498e-002
,,,8.63360000e-008,-3.14375013e-002
,,,8.63400000e-008,-2.71875001e-002
,,,8.63440000e-008,-3.05000003e-002
,,,8.63480000e-008,-2.20625009e-002
,,,8.63520000e-008,-1.29375001e-002
,,,8.63560000e-008,-1.77812502e-002
,,,8.63600000e-008,-1.20000001e-002
,,,8.63640000e-008,-1.20000001e-002
,,,8.63680000e-008,-1.65937506e-002
,,,8.63720000e-008,-1.43125001e-002
,,,8.63760000e-008,-1.67500004e-002
,,,8.63800000e-008,-3.07187513e-002
,,,8.63840000e-008,-3.19687501e-002
,,,8.63880000e-008,-1.99999996e-002
,,,8.63920000e-008,-1.68124996e-002
,,,8.63960000e-008,-2.72812508e-002
,,,8.64000000e-008,-2.99687497e-002
,,,8.64040000e-008,-1.90625004e-002
,,,8.64080000e-008,-1.89375002e-002
,,,8.64120000e-008,-1.99999996e-002
,,,8.64160000e-008,-1.86562501e-002
,,,8.64200000e-008,-1.54062500e-002
,,,8.64240000e-008,-1.20000001e-002
,,,8.64280000e-008,-1.99999996e-002
,,,8.64320000e-008,-1.93125010e-002
,,,8.64360000e-008,-1.41562503e-002
,,,8.64400000e-008,-2.05937494e-002
,,,8.64440000e-008,-1.71562508e-002
,,,8.64480000e-008,-1.99999996e-002
,,,8.64520000e-008,-2.22187508e-002
,,,8.64560000e-008,-2.04374995e-002
,,,8.64600000e-008,-1.99999996e-002
,,,8.64640000e-008,-2.69374996e-002
,,,8.64680000e-008,-2.80000009e-002
,,,8.64720000e-008,-2.19999999e-002
,,,8.64760000e-008,-2.52187494e-002
,,,8.64800000e-008,-2.20312495e-002
,,,8.64840000e-008,-1.99999996e-002
,,,8.64880000e-008,-1.99999996e-002
,,,8.64920000e-008,-1.99999996e-002
,,,8.64960000e-008,-2.61250008e-002
,,,8.65000000e-008,-2.80000009e-002
,,,8.65040000e-008,-1.99999996e-002
,,,8.65080000e-008,-1.99999996e-002
,,,8.65120000e-008,-1.47500001e-002
,,,8.65160000e-008,-2.21250001e-002
,,,8.65200000e-008,-1.99999996e-002
,,,8.65240000e-008,-2.73437500e-002
,,,8.65280000e-008,-4.27187495e-002
,,,8.65320000e-008,-4.39999998e-002
,,,8.65360000e-008,-2.95312498e-002
,,,8.65400000e-008,-1.99999996e-002
,,,8.65440000e-008,-1.35625005e-002
,,,8.65480000e-008,-1.99999996e-002
,,,8.65520000e-008,-2.24687494e-002
,,,8.65560000e-008,-1.80312507e-002
,,,8.65600000e-008,-1.89375002e-002
,,,8.65640000e-008,-1.20000001e-002
,,,8.65680000e-008,-1.56250000e-002
,,,8.65720000e-008,-1.58437509e-002
,,,8.65760000e-008,-1.51249999e-002
,,,8.65800000e-008,-1.41249998e-002
,,,8.65840000e-008,-1.99999996e-002
,,,8.65880000e-008,-1.83125008e-002
,,,8.65920000e-008,-1.63125005e-002
,,,8.65960000e-008,-1.53437499e-002
,,,8.66000000e-008,-1.58437509e-002
,,,8.66040000e-008,-1.95312500e-002
,,,8.66080000e-008,-2.20625009e-002
,,,8.66120000e-008,-2.80000009e-002
,,,8.66160000e-008,-1.90312508e-002
,,,8.66200000e-008,-1.99999996e-002
,,,8.66240000e-008,-1.74687505e-002
,,,8.66280000e-008,-1.99999996e-002
,,,8.66320000e-008,-1.99999996e-002
,,,8.66360000e-008,-1.59062501e-002
,,,8.66400000e-008,-1.99999996e-002
,,,8.66440000e-008,-1.37499999e-002
,,,8.66480000e-008,-1.69374999e-002
,,,8.66520000e-008,-1.56562496e-002
,,,8.66560000e-008,-1.51875000e-002
,,,8.66600000e-008,-2.27812510e-002
,,,8.66640000e-008,-2.63749994e-002
,,,8.66680000e-008,-1.99999996e-002
,,,8.66720000e-008,-1.50312502e-002
,,,8.66760000e-008,-1.81249995e-002
,,,8.66800000e-008,-1.62187498e-002
,,,8.66840000e-008,-1.99999996e-002
,,,8.66880000e-008,-1.99999996e-002
,,,8.66920000e-008,-1.99999996e-002
,,,8.66960000e-008,-1.25937499e-002
,,,8.67000000e-008,-7.12500000e-003
,,,8.67040000e-008,-1.16875004e-002
,,,8.67080000e-008,-2.25000009e-002
,,,8.67120000e-008,-2.80000009e-002
,,,8.67160000e-008,-1.60000008e-002
,,,8.67200000e-008,-1.75937507e-002
,,,8.67240000e-008,-1.67187508e-002
,,,8.67280000e-008,-1.71562508e-002
,,,8.67320000e-008,-9.25000012e-003
,,,8.67360000e-008,-1.68750007e-002
,,,8.67400000e-008,-1.99999996e-002
,,,8.67440000e-008,-1.75937507e-002
,,,8.67480000e-008,-1.28124999e-002
,,,8.67520000e-008,-1.87812503e-002
,,,8.67560000e-008,-1.40312500e-002
,,,8.67600000e-008,-2.39687506e-002
,,,8.67640000e-008,-2.80000009e-002
,,,8.67680000e-008,-2.10625008e-002
,,,8.67720000e-008,-2.17187498e-002
,,,8.67760000e-008,-2.24062502e-002
,,,8.67800000e-008,-1.62187498e-002
,,,8.67840000e-008,-1.20000001e-002
,,,8.67880000e-008,-1.35312499e-002
,,,8.67920000e-008,-2.12500002e-002
,,,8.67960000e-008,-1.88437495e-002
,,,8.68000000e-008,-1.53125003e-002
,,,8.68040000e-008,-1.20000001e-002
,,,8.68080000e-008,-2.43124999e-002
,,,8.68120000e-008,-2.30625011e-002
,,,8.68160000e-008,-1.85937509e-002
,,,8.68200000e-008,-1.99999996e-002
,,,8.68240000e-008,-2.16250010e-002
,,,8.68280000e-008,-1.89999994e-002
,,,8.68320000e-008,-1.62499994e-002
,,,8.68360000e-008,-2.25937497e-002
,,,8.68400000e-008,-2.80000009e-002
,,,8.68440000e-008,-2.12500002e-002
,,,8.68480000e-008,-1.29687497e-002
,,,8.68520000e-008,-1.99999996e-002
,,,8.68560000e-008,-1.99999996e-002
,,,8.68600000e-008,-1.93437506e-002
,,,8.68640000e-008,-1.59687493e-002
,,,8.68680000e-008,-2.09687501e-002
,,,8.68720000e-008,-2.52812505e-002
,,,8.68760000e-008,-1.94062497e-002
,,,8.68800000e-008,-2.59374995e-002
,,,8.68840000e-008,-2.01875009e-002
,,,8.68880000e-008,-1.20000001e-002
,,,8.68920000e-008,-1.31562501e-002
,,,8.68960000e-008,-2.07812507e-002
,,,8.69000000e-008,-1.99999996e-002
,,,8.69040000e-008,-1.99999996e-002
,,,8.69080000e-008,-1.99999996e-002
,,,8.69120000e-008,-2.21874993e-002
,,,8.69160000e-008,-1.58124994e-002
,,,8.69200000e-008,-1.38125001e-002
,,,8.69240000e-008,-1.99999996e-002
,,,8.69280000e-008,-2.12500002e-002
,,,8.69320000e-008,-1.84687506e-002
,,,8.69360000e-008,-1.99999996e-002
,,,8.69400000e-008,-1.99999996e-002
,,,8.69440000e-008,-1.43750003e-002
,,,8.69480000e-008,-1.21875005e-002
,,,8.69520000e-008,-1.84687506e-002
,,,8.69560000e-008,-1.65312495e-002
,,,8.69600000e-008,-1.99999996e-002
,,,8.69640000e-008,-1.70312505e-002
,,,8.69680000e-008,-1.99999996e-002
,,,8.69720000e-008,-1.92812495e-002
,,,8.69760000e-008,-1.20000001e-002
,,,8.69800000e-008,-1.64687503e-002
,,,8.69840000e-008,-1.31250005e-002
,,,8.69880000e-008,-1.99999996e-002
,,,8.69920000e-008,-2.50312500e-002
,,,8.69960000e-008,-2.45625004e-002
,,,8.70000000e-008,-1.20000001e-002
,,,8.70040000e-008,-1.32812504e-002
,,,8.70080000e-008,-1.84375010e-002
,,,8.70120000e-008,-2.20937505e-002
,,,8.70160000e-008,-1.40625006e-002
,,,8.70200000e-008,-1.20000001e-002
,,,8.70240000e-008,-9.96875018e-003
,,,8.70280000e-008,-1.86562501e-002
,,,8.70320000e-008,-1.99999996e-002
,,,8.70360000e-008,-1.45312501e-002
,,,8.70400000e-008,-1.50937503e-002
,,,8.70440000e-008,-1.75624993e-002
,,,8.70480000e-008,-1.98125001e-002
,,,8.70520000e-008,-1.99999996e-002
,,,8.70560000e-008,-1.69062503e-002
,,,8.70600000e-008,-2.11250000e-002
,,,8.70640000e-008,-1.99999996e-002
,,,8.70680000e-008,-1.70625001e-002
,,,8.70720000e-008,-1.68437511e-002
,,,8.70760000e-008,-1.01875002e-002
,,,8.70800000e-008,-1.20000001e-002
,,,8.70840000e-008,-1.20000001e-002
,,,8.70880000e-008,-1.75312497e-002
,,,8.70920000e-008,-2.80000009e-002
,,,8.70960000e-008,-3.14687490e-002
,,,8.71000000e-008,-2.01875009e-002
,,,8.71040000e-008,-2.08437499e-002
,,,8.71080000e-008,-1.99999996e-002
,,,8.71120000e-008,-2.44062506e-002
,,,8.71160000e-008,-1.68750007e-002
,,,8.71200000e-008,-1.77812502e-002
,,,8.71240000e-008,-2.31250003e-002
,,,8.71280000e-008,-1.99999996e-002
,,,8.71320000e-008,-1.34375002e-002
,,,8.71360000e-008,-1.34062497e-002
,,,8.71400000e-008,-1.99999996e-002
,,,8.71440000e-008,-1.79687496e-002
,,,8.71480000e-008,-1.26562500e-002
,,,8.71520000e-008,-1.16562499e-002
,,,8.71560000e-008,-1.26562500e-002
,,,8.71600000e-008,-1.99999996e-002
,,,8.71640000e-008,-1.99375004e-002
,,,8.71680000e-008,-1.41874999e-002
,,,8.71720000e-008,-1.99999996e-002
,,,8.71760000e-008,-1.98125001e-002
,,,8.71800000e-008,-1.47500001e-002
,,,8.71840000e-008,-1.23124998e-002
,,,8.71880000e-008,-1.49375005e-002
,,,8.71920000e-008,-1.82812493e-002
,,,8.71960000e-008,-2.96562500e-002
,,,8.72000000e-008,-2.80000009e-002
,,,8.72040000e-008,-1.74687505e-002
,,,8.72080000e-008,-1.99999996e-002
,,,8.72120000e-008,-2.01249998e-002
,,,8.72160000e-008,-2.03750003e-002
,,,8.72200000e-008,-1.91562511e-002
,,,8.72240000e-008,-1.73749998e-002
,,,8.72280000e-008,-1.87812503e-002
,,,8.72320000e-008,-1.77812502e-002
,,,8.72360000e-008,-1.45312501e-002
,,,8.72400000e-008,-1.20000001e-002
,,,8.72440000e-008,-1.13749998e-002
,,,8.72480000e-008,-1.69374999e-002
,,,8.72520000e-008,-1.99999996e-002
,,,8.72560000e-008,-2.25937497e-002
,,,8.72600000e-008,-2.45625004e-002
,,,8.72640000e-008,-1.94062497e-002
,,,8.72680000e-008,-1.72812510e-002
,,,8.72720000e-008,-2.84062512e-002
,,,8.72760000e-008,-3.05937510e-002
,,,8.72800000e-008,-2.20625009e-002
,,,8.72840000e-008,-1.47500001e-002
,,,8.72880000e-008,-1.20000001e-002
,,,8.72920000e-008,-1.99062508e-002
,,,8.72960000e-008,-1.98749993e-002
,,,8.73000000e-008,-1.99999996e-002
,,,8.73040000e-008,-2.02500001e-002
,,,8.73080000e-008,-1.85937509e-002
,,,8.73120000e-008,-1.99999996e-002
,,,8.73160000e-008,-1.65312495e-002
,,,8.73200000e-008,-1.35625005e-002
,,,8.73240000e-008,-1.35625005e-002
,,,8.73280000e-008,-1.76250003e-002
,,,8.73320000e-008,-1.65625010e-002
,,,8.73360000e-008,-3.08437496e-002
,,,8.73400000e-008,-4.12812494e-002
,,,8.73440000e-008,-3.60000022e-002
,,,8.73480000e-008,-1.47812497e-002
,,,8.73520000e-008,-2.05624998e-002
,,,8.73560000e-008,-1.90312508e-002
,,,8.73600000e-008,-3.51250023e-002
,,,8.73640000e-008,-3.93125005e-002
,,,8.73680000e-008,-2.80000009e-002
,,,8.73720000e-008,-7.93750025e-003
,,,8.73760000e-008,-1.30000003e-002
,,,8.73800000e-008,-1.99999996e-002
,,,8.73840000e-008,-1.62187498e-002
,,,8.73880000e-008,-1.99999996e-002
,,,8.73920000e-008,-1.66562498e-002
,,,8.73960000e-008,-1.39375003e-002
,,,8.74000000e-008,-1.20000001e-002
,,,8.74040000e-008,-1.50624998e-002
,,,8.74080000e-008,-1.64999999e-002
,,,8.74120000e-008,-2.16250010e-002
,,,8.74160000e-008,-1.64999999e-002
,,,8.74200000e-008,-1.99999996e-002
,,,8.74240000e-008,-1.53750004e-002
,,,8.74280000e-008,-1.99999996e-002
,,,8.74320000e-008,-1.97812505e-002
,,,8.74360000e-008,-1.99999996e-002
,,,8.74400000e-008,-1.99999996e-002
,,,8.74440000e-008,-2.06562504e-002
,,,8.74480000e-008,-2.55312510e-002
,,,8.74520000e-008,-2.25937497e-002
,,,8.74560000e-008,-1.56875011e-002
,,,8.74600000e-008,-1.20000001e-002
,,,8.74640000e-008,-1.99999996e-002
,,,8.74680000e-008,-1.96562503e-002
,,,8.74720000e-008,-1.57187507e-002
,,,8.74760000e-008,-1.99999996e-002
,,,8.74800000e-008,-1.67187508e-002
,,,8.74840000e-008,-1.24375001e-002
,,,8.74880000e-008,-1.52500002e-002
,,,8.74920000e-008,-1.46562504e-002
,,,8.74960000e-008,-2.34687496e-002
,,,8.75000000e-008,-2.33124997e-002
,,,8.75040000e-008,-2.00937502e-002
,,,8.75080000e-008,-1.69687495e-002
,,,8.75120000e-008,-1.74687505e-002
,,,8.75160000e-008,-1.26250004e-002
,,,8.75200000e-008,-1.62499994e-002
,,,8.75240000e-008,-1.99999996e-002
,,,8.75280000e-008,-1.94062497e-002
,,,8.75320000e-008,-1.99999996e-002
,,,8.75360000e-008,-1.45937502e-002
,,,8.75400000e-008,-1.99999996e-002
,,,8.75440000e-008,-1.89062506e-002
,,,8.75480000e-008,-2.80000009e-002
,,,8.75520000e-008,-2.31562499e-002
,,,8.75560000e-008,-1.38750002e-002
,,,8.75600000e-008,-1.67500004e-002
,,,8.75640000e-008,-1.21562500e-002
,,,8.75680000e-008,-1.20000001e-002
,,,8.75720000e-008,-1.28124999e-002
,,,8.75760000e-008,-1.52812498e-002
,,,8.75800000e-008,-1.20000001e-002
,,,8.75840000e-008,-1.22499997e-002
,,,8.75880000e-008,-1.22499997e-002
,,,8.75920000e-008,-1.88750010e-002
,,,8.75960000e-008,-1.99999996e-002
,,,8.76000000e-008,-1.99999996e-002
,,,8.76040000e-008,-2.16250010e-002
,,,8.76080000e-008,-2.62812506e-002
,,,8.76120000e-008,-1.99999996e-002
,,,8.76160000e-008,-1.38437506e-002
,,,8.76200000e-008,-1.99999996e-002
,,,8.76240000e-008,-1.70312505e-002
,,,8.76280000e-008,-2.80000009e-002
,,,8.76320000e-008,-2.78750006e-002
,,,8.76360000e-008,-2.78750006e-002
,,,8.76400000e-008,-2.58125011e-002
,,,8.76440000e-008,-1.73437502e-002
,,,8.76480000e-008,-1.20000001e-002
,,,8.76520000e-008,-1.38750002e-002
,,,8.76560000e-008,-1.37187503e-002
,,,8.76600000e-008,-1.60312504e-002
,,,8.76640000e-008,-1.20000001e-002
,,,8.76680000e-008,-1.60937496e-002
,,,8.76720000e-008,-1.52812498e-002
,,,8.76760000e-008,-1.78750008e-002
,,,8.76800000e-008,-1.52812498e-002
,,,8.76840000e-008,-1.20000001e-002
,,,8.76880000e-008,-1.63125005e-002
,,,8.76920000e-008,-2.63437498e-002
,,,8.76960000e-008,-2.80000009e-002
,,,8.77000000e-008,-1.71562508e-002
,,,8.77040000e-008,-2.80000009e-002
,,,8.77080000e-008,-2.81250011e-002
,,,8.77120000e-008,-1.79375000e-002
,,,8.77160000e-008,-1.21562500e-002
,,,8.77200000e-008,-2.26562507e-002
,,,8.77240000e-008,-1.99999996e-002
,,,8.77280000e-008,-2.38125008e-002
,,,8.77320000e-008,-1.94687508e-002
,,,8.77360000e-008,-1.99999996e-002
,,,8.77400000e-008,-1.99999996e-002
,,,8.77440000e-008,-2.62500010e-002
,,,8.77480000e-008,-2.07500011e-002
,,,8.77520000e-008,-2.60312501e-002
,,,8.77560000e-008,-1.99999996e-002
,,,8.77600000e-008,-1.40312500e-002
,,,8.77640000e-008,-1.74687505e-002
,,,8.77680000e-008,-2.63437498e-002
,,,8.77720000e-008,-2.85937507e-002
,,,8.77760000e-008,-2.74375007e-002
,,,8.77800000e-008,-1.98437497e-002
,,,8.77840000e-008,-1.40000004e-002
,,,8.77880000e-008,-1.49687501e-002
,,,8.77920000e-008,-1.99999996e-002
,,,8.77960000e-008,-1.99999996e-002
,,,8.78000000e-008,-2.20937505e-002
,,,8.78040000e-008,-2.68750004e-002
,,,8.78080000e-008,-1.82499997e-002
,,,8.78120000e-008,-1.75000001e-002
,,,8.78160000e-008,-1.99687500e-002
,,,8.78200000e-008,-2.80000009e-002
,,,8.78240000e-008,-2.30937507e-002
,,,8.78280000e-008,-1.99999996e-002
,,,8.78320000e-008,-2.05937494e-002
,,,8.78360000e-008,-3.33124995e-002
,,,8.78400000e-008,-3.60000022e-002
,,,8.78440000e-008,-2.44375002e-002
,,,8.78480000e-008,-1.36562502e-002
,,,8.78520000e-008,-1.64687503e-002
,,,8.78560000e-008,-2.01562494e-002
,,,8.78600000e-008,-1.72812510e-002
,,,8.78640000e-008,-1.91875007e-002
,,,8.78680000e-008,-1.52500002e-002
,,,8.78720000e-008,-1.62812509e-002
,,,8.78760000e-008,-1.68437511e-002
,,,8.78800000e-008,-2.14374997e-002
,,,8.78840000e-008,-1.91875007e-002
,,,8.78880000e-008,-1.03749996e-002
,,,8.78920000e-008,-1.35000004e-002
,,,8.78960000e-008,-1.32812504e-002
,,,8.79000000e-008,-1.73437502e-002
,,,8.79040000e-008,-1.20000001e-002
,,,8.79080000e-008,-1.28750000e-002
,,,8.79120000e-008,-1.04999999e-002
,,,8.79160000e-008,-9.99999978e-003
,,,8.79200000e-008,-1.20000001e-002
,,,8.79240000e-008,-1.20625002e-002
,,,8.79280000e-008,-2.13437509e-002
,,,8.79320000e-008,-2.14687511e-002
,,,8.79360000e-008,-2.39062496e-002
,,,8.79400000e-008,-2.04062499e-002
,,,8.79440000e-008,-2.66562495e-002
,,,8.79480000e-008,-2.12500002e-002
,,,8.79520000e-008,-1.52187506e-002
,,,8.79560000e-008,-1.86562501e-002
,,,8.79600000e-008,-1.42500000e-002
,,,8.79640000e-008,-1.99999996e-002
,,,8.79680000e-008,-2.37499997e-002
,,,8.79720000e-008,-2.34062504e-002
,,,8.79760000e-008,-1.39375003e-002
,,,8.79800000e-008,-1.43750003e-002
,,,8.79840000e-008,-2.03125011e-002
,,,8.79880000e-008,-2.25000009e-002
,,,8.79920000e-008,-2.48437505e-002
,,,8.79960000e-008,-1.83750000e-002
,,,8.80000000e-008,-2.60312501e-002
,,,8.80040000e-008,-1.99999996e-002
,,,8.80080000e-008,-2.00312510e-002
,,,8.80120000e-008,-1.42187504e-002
,,,8.80160000e-008,-1.65937506e-002
,,,8.80200000e-008,-1.99999996e-002
,,,8.80240000e-008,-2.39687506e-002
,,,8.80280000e-008,-2.79374998e-002
,,,8.80320000e-008,-3.41874994e-002
,,,8.80360000e-008,-2.80000009e-002
,,,8.80400000e-008,-2.37187501e-002
,,,8.80440000e-008,-2.39687506e-002
,,,8.80480000e-008,-1.64375007e-002
,,,8.80520000e-008,-1.99999996e-002
,,,8.80560000e-008,-1.99999996e-002
,,,8.80600000e-008,-1.40937502e-002
,,,8.80640000e-008,-1.99999996e-002
,,,8.80680000e-008,-2.62812506e-002
,,,8.80720000e-008,-1.85000002e-002
,,,8.80760000e-008,-2.42187511e-002
,,,8.80800000e-008,-3.60000022e-002
,,,8.80840000e-008,-3.42187509e-002
,,,8.80880000e-008,-2.09062509e-002
,,,8.80920000e-008,-1.93750001e-002
,,,8.80960000e-008,-1.99999996e-002
,,,8.81000000e-008,-1.50937503e-002
,,,8.81040000e-008,-2.05000006e-002
,,,8.81080000e-008,-2.63437498e-002
,,,8.81120000e-008,-1.99999996e-002
,,,8.81160000e-008,-1.13749998e-002
,,,8.81200000e-008,-1.20000001e-002
,,,8.81240000e-008,-1.34062497e-002
,,,8.81280000e-008,-1.62499994e-002
,,,8.81320000e-008,-1.87500007e-002
,,,8.81360000e-008,-1.20000001e-002
,,,8.81400000e-008,-1.99999996e-002
,,,8.81440000e-008,-1.66874994e-002
,,,8.81480000e-008,-1.56562496e-002
,,,8.81520000e-008,-1.30937500e-002
,,,8.81560000e-008,-1.53750004e-002
,,,8.81600000e-008,-1.90312508e-002
,,,8.81640000e-008,-1.46875000e-002
,,,8.81680000e-008,-1.30937500e-002
,,,8.81720000e-008,-1.20000001e-002
,,,8.81760000e-008,-2.08437499e-002
,,,8.81800000e-008,-1.99999996e-002
,,,8.81840000e-008,-1.99999996e-002
,,,8.81880000e-008,-1.99999996e-002
,,,8.81920000e-008,-1.99999996e-002
,,,8.81960000e-008,-1.69687495e-002
,,,8.82000000e-008,-1.20000001e-002
,,,8.82040000e-008,-1.88124999e-002
,,,8.82080000e-008,-1.99999996e-002
,,,8.82120000e-008,-1.99999996e-002
,,,8.82160000e-008,-2.58125011e-002
,,,8.82200000e-008,-2.54062507e-002
,,,8.82240000e-008,-2.00625006e-002
,,,8.82280000e-008,-2.17499994e-002
,,,8.82320000e-008,-2.96562500e-002
,,,8.82360000e-008,-3.60000022e-002
,,,8.82400000e-008,-2.70312503e-002
,,,8.82440000e-008,-2.03750003e-002
,,,8.82480000e-008,-2.37187501e-002
,,,8.82520000e-008,-2.36875005e-002
,,,8.82560000e-008,-1.38750002e-002
,,,8.82600000e-008,-2.14687511e-002
,,,8.82640000e-008,-2.80000009e-002
,,,8.82680000e-008,-2.17187498e-002
,,,8.82720000e-008,-1.97187494e-002
,,,8.82760000e-008,-1.46562504e-002
,,,8.82800000e-008,-1.78124998e-002
,,,8.82840000e-008,-1.66874994e-002
,,,8.82880000e-008,-1.53750004e-002
,,,8.82920000e-008,-1.31250005e-002
,,,8.82960000e-008,-2.46562511e-002
,,,8.83000000e-008,-2.53125001e-002
,,,8.83040000e-008,-1.89062506e-002
,,,8.83080000e-008,-1.68437511e-002
,,,8.83120000e-008,-2.14062501e-002
,,,8.83160000e-008,-1.93750001e-002
,,,8.83200000e-008,-2.05312502e-002
,,,8.83240000e-008,-2.20937505e-002
,,,8.83280000e-008,-2.02812497e-002
,,,8.83320000e-008,-2.01562494e-002
,,,8.83360000e-008,-1.23749999e-002
,,,8.83400000e-008,-1.10625001e-002
,,,8.83440000e-008,-1.79062504e-002
,,,8.83480000e-008,-1.56562496e-002
,,,8.83520000e-008,-1.98437497e-002
,,,8.83560000e-008,-1.58437509e-002
,,,8.83600000e-008,-1.99999996e-002
,,,8.83640000e-008,-2.43437495e-002
,,,8.83680000e-008,-3.26875001e-002
,,,8.83720000e-008,-3.60000022e-002
,,,8.83760000e-008,-2.35937499e-002
,,,8.83800000e-008,-2.24062502e-002
,,,8.83840000e-008,-2.23750006e-002
,,,8.83880000e-008,-1.99999996e-002
,,,8.83920000e-008,-1.61875002e-002
,,,8.83960000e-008,-1.70312505e-002
,,,8.84000000e-008,-1.99999996e-002
,,,8.84040000e-008,-3.26250009e-002
,,,8.84080000e-008,-3.09999995e-002
,,,8.84120000e-008,-1.72499996e-002
,,,8.84160000e-008,-1.49687501e-002
,,,8.84200000e-008,-1.36874998e-002
,,,8.84240000e-008,-1.57500003e-002
,,,8.84280000e-008,-2.80000009e-002
,,,8.84320000e-008,-2.89375000e-002
,,,8.84360000e-008,-1.89999994e-002
,,,8.84400000e-008,-2.80000009e-002
,,,8.84440000e-008,-2.95937508e-002
,,,8.84480000e-008,-1.90937500e-002
,,,8.84520000e-008,-1.86874997e-002
,,,8.84560000e-008,-1.99999996e-002
,,,8.84600000e-008,-1.99999996e-002
,,,8.84640000e-008,-2.69062500e-002
,,,8.84680000e-008,-2.25312505e-002
,,,8.84720000e-008,-2.80000009e-002
,,,8.84760000e-008,-2.90937498e-002
,,,8.84800000e-008,-1.82187501e-002
,,,8.84840000e-008,-2.43750010e-002
,,,8.84880000e-008,-1.99999996e-002
,,,8.84920000e-008,-2.04062499e-002
,,,8.84960000e-008,-1.99999996e-002
,,,8.85000000e-008,-1.70000009e-002
,,,8.85040000e-008,-1.94374993e-002
,,,8.85080000e-008,-2.80000009e-002
,,,8.85120000e-008,-2.79062502e-002
,,,8.85160000e-008,-2.86562499e-002
,,,8.85200000e-008,-2.54062507e-002
,,,8.85240000e-008,-1.99999996e-002
,,,8.85280000e-008,-2.52187494e-002
,,,8.85320000e-008,-2.72500012e-002
,,,8.85360000e-008,-1.97812505e-002
,,,8.85400000e-008,-1.99999996e-002
,,,8.85440000e-008,-1.72499996e-002
,,,8.85480000e-008,-2.70937495e-002
,,,8.85520000e-008,-3.11562512e-002
,,,8.85560000e-008,-1.99999996e-002
,,,8.85600000e-008,-1.99999996e-002
,,,8.85640000e-008,-1.73125006e-002
,,,8.85680000e-008,-1.38125001e-002
,,,8.85720000e-008,-1.31250005e-002
,,,8.85760000e-008,-1.11875003e-002
,,,8.85800000e-008,-1.20000001e-002
,,,8.85840000e-008,-1.20000001e-002
,,,8.85880000e-008,-1.48750003e-002
,,,8.85920000e-008,-1.99999996e-002
,,,8.85960000e-008,-1.99999996e-002
,,,8.86000000e-008,-2.93437503e-002
,,,8.86040000e-008,-2.46875007e-002
,,,8.86080000e-008,-2.80000009e-002
,,,8.86120000e-008,-2.13124994e-002
,,,8.86160000e-008,-2.21562497e-002
,,,8.86200000e-008,-2.30000000e-002
,,,8.86240000e-008,-1.48125002e-002
,,,8.86280000e-008,-1.52500002e-002
,,,8.86320000e-008,-1.28437504e-002
,,,8.86360000e-008,-1.25625003e-002
,,,8.86400000e-008,-1.20000001e-002
,,,8.86440000e-008,-1.84062496e-002
,,,8.86480000e-008,-1.99999996e-002
,,,8.86520000e-008,-1.61562506e-002
,,,8.86560000e-008,-1.99999996e-002
,,,8.86600000e-008,-1.94687508e-002
,,,8.86640000e-008,-2.80000009e-002
,,,8.86680000e-008,-2.72812508e-002
,,,8.86720000e-008,-1.26874996e-002
,,,8.86760000e-008,-1.85624994e-002
,,,8.86800000e-008,-1.99999996e-002
,,,8.86840000e-008,-2.95000002e-002
,,,8.86880000e-008,-2.52187494e-002
,,,8.86920000e-008,-2.35000011e-002
,,,8.86960000e-008,-1.99999996e-002
,,,8.87000000e-008,-1.99999996e-002
,,,8.87040000e-008,-2.32187510e-002
,,,8.87080000e-008,-2.15000007e-002
,,,8.87120000e-008,-1.99999996e-002
,,,8.87160000e-008,-1.50937503e-002
,,,8.87200000e-008,-1.64375007e-002
,,,8.87240000e-008,-1.99062508e-002
,,,8.87280000e-008,-1.74375009e-002
,,,8.87320000e-008,-3.10625006e-002
,,,8.87360000e-008,-4.05312516e-002
,,,8.87400000e-008,-3.60000022e-002
,,,8.87440000e-008,-2.35312507e-002
,,,8.87480000e-008,-3.10625006e-002
,,,8.87520000e-008,-2.80000009e-002
,,,8.87560000e-008,-2.28749998e-002
,,,8.87600000e-008,-1.99999996e-002
,,,8.87640000e-008,-1.79062504e-002
,,,8.87680000e-008,-2.09999997e-002
,,,8.87720000e-008,-1.60312504e-002
,,,8.87760000e-008,-2.83437502e-002
,,,8.87800000e-008,-4.39999998e-002
,,,8.87840000e-008,-4.04687487e-002
,,,8.87880000e-008,-2.15312503e-002
,,,8.87920000e-008,-1.99999996e-002
,,,8.87960000e-008,-1.48750003e-002
,,,8.88000000e-008,-1.99999996e-002
,,,8.88040000e-008,-1.99999996e-002
,,,8.88080000e-008,-1.78750008e-002
,,,8.88120000e-008,-1.37499999e-002
,,,8.88160000e-008,-2.78750006e-002
,,,8.88200000e-008,-3.84999998e-002
,,,8.88240000e-008,-3.60000022e-002
,,,8.88280000e-008,-2.79374998e-002
,,,8.88320000e-008,-2.26250011e-002
,,,8.88360000e-008,-2.68437508e-002
,,,8.88400000e-008,-1.99999996e-002
,,,8.88440000e-008,-2.02187505e-002
,,,8.88480000e-008,-2.16562506e-002
,,,8.88520000e-008,-2.11562496e-002
,,,8.88560000e-008,-2.14687511e-002
,,,8.88600000e-008,-1.99999996e-002
,,,8.88640000e-008,-2.05937494e-002
,,,8.88680000e-008,-2.09999997e-002
,,,8.88720000e-008,-2.66875010e-002
,,,8.88760000e-008,-2.17187498e-002
,,,8.88800000e-008,-2.89375000e-002
,,,8.88840000e-008,-2.80000009e-002
,,,8.88880000e-008,-1.99999996e-002
,,,8.88920000e-008,-3.39374989e-002
,,,8.88960000e-008,-3.51250023e-002
,,,8.89000000e-008,-1.99999996e-002
,,,8.89040000e-008,-2.65625007e-002
,,,8.89080000e-008,-2.80000009e-002
,,,8.89120000e-008,-1.63437501e-002
,,,8.89160000e-008,-1.99999996e-002
,,,8.89200000e-008,-1.56250000e-002
,,,8.89240000e-008,-2.61875000e-002
,,,8.89280000e-008,-4.04375009e-002
,,,8.89320000e-008,-4.34687510e-002
,,,8.89360000e-008,-3.37187499e-002
,,,8.89400000e-008,-1.29375001e-002
,,,8.89440000e-008,-1.91875007e-002
,,,8.89480000e-008,-1.99999996e-002
,,,8.89520000e-008,-1.99999996e-002
,,,8.89560000e-008,-1.60000008e-002
,,,8.89600000e-008,-1.58437509e-002
,,,8.89640000e-008,-1.35312499e-002
,,,8.89680000e-008,-1.20000001e-002
,,,8.89720000e-008,-1.90312508e-002
,,,8.89760000e-008,-1.99999996e-002
,,,8.89800000e-008,-1.99999996e-002
,,,8.89840000e-008,-1.71562508e-002
,,,8.89880000e-008,-2.16250010e-002
,,,8.89920000e-008,-2.15937495e-002
,,,8.89960000e-008,-1.60000008e-002
,,,8.90000000e-008,-1.99999996e-002
,,,8.90040000e-008,-2.42500007e-002
,,,8.90080000e-008,-1.99999996e-002
,,,8.90120000e-008,-2.44062506e-002
,,,8.90160000e-008,-3.60000022e-002
,,,8.90200000e-008,-3.20312493e-002
,,,8.90240000e-008,-1.51249999e-002
,,,8.90280000e-008,-1.99999996e-002
,,,8.90320000e-008,-1.68124996e-002
,,,8.90360000e-008,-1.51875000e-002
,,,8.90400000e-008,-1.99999996e-002
,,,8.90440000e-008,-3.08750011e-002
,,,8.90480000e-008,-3.11249997e-002
,,,8.90520000e-008,-2.10625008e-002
,,,8.90560000e-008,-1.99999996e-002
,,,8.90600000e-008,-2.80000009e-002
,,,8.90640000e-008,-3.26562487e-002
,,,8.90680000e-008,-2.53125001e-002
,,,8.90720000e-008,-1.55937504e-002
,,,8.90760000e-008,-2.60000005e-002
,,,8.90800000e-008,-2.89375000e-002
,,,8.90840000e-008,-1.99999996e-002
,,,8.90880000e-008,-2.27499995e-002
,,,8.90920000e-008,-1.99999996e-002
,,,8.90960000e-008,-1.47187505e-002
,,,8.91000000e-008,-2.27499995e-002
,,,8.91040000e-008,-2.85625011e-002
,,,8.91080000e-008,-2.16875002e-002
,,,8.91120000e-008,-1.32499998e-002
,,,8.91160000e-008,-1.68124996e-002
,,,8.91200000e-008,-1.76562499e-002
,,,8.91240000e-008,-1.22187501e-002
,,,8.91280000e-008,-2.26562507e-002
,,,8.91320000e-008,-2.11562496e-002
,,,8.91360000e-008,-1.73437502e-002
,,,8.91400000e-008,-1.99999996e-002
,,,8.91440000e-008,-1.99999996e-002
,,,8.91480000e-008,-1.99999996e-002
,,,8.91520000e-008,-1.92187503e-002
,,,8.91560000e-008,-1.76562499e-002
,,,8.91600000e-008,-2.54062507e-002
,,,8.91640000e-008,-2.90312506e-002
,,,8.91680000e-008,-1.99999996e-002
,,,8.91720000e-008,-1.24062505e-002
,,,8.91760000e-008,-1.66874994e-002
,,,8.91800000e-008,-2.15937495e-002
,,,8.91840000e-008,-1.99999996e-002
,,,8.91880000e-008,-2.72812508e-002
,,,8.91920000e-008,-2.07812507e-002
,,,8.91960000e-008,-2.13750005e-002
,,,8.92000000e-008,-2.27499995e-002
,,,8.92040000e-008,-2.05937494e-002
,,,8.92080000e-008,-1.99999996e-002
,,,8.92120000e-008,-1.25625003e-002
,,,8.92160000e-008,-1.77500006e-002
,,,8.92200000e-008,-1.99999996e-002
,,,8.92240000e-008,-2.23437510e-002
,,,8.92280000e-008,-2.80000009e-002
,,,8.92320000e-008,-2.07187496e-002
,,,8.92360000e-008,-1.87187493e-002
,,,8.92400000e-008,-1.99999996e-002
,,,8.92440000e-008,-1.99999996e-002
,,,8.92480000e-008,-2.46562511e-002
,,,8.92520000e-008,-1.99999996e-002
,,,8.92560000e-008,-1.70937497e-002
,,,8.92600000e-008,-1.55624999e-002
,,,8.92640000e-008,-1.99999996e-002
,,,8.92680000e-008,-1.79062504e-002
,,,8.92720000e-008,-2.17187498e-002
,,,8.92760000e-008,-3.58125009e-002
,,,8.92800000e-008,-3.60000022e-002
,,,8.92840000e-008,-2.12500002e-002
,,,8.92880000e-008,-2.32812501e-002
,,,8.92920000e-008,-1.99999996e-002
,,,8.92960000e-008,-2.35625003e-002
,,,8.93000000e-008,-2.39062496e-002
,,,8.93040000e-008,-1.99999996e-002
,,,8.93080000e-008,-1.49062499e-002
,,,8.93120000e-008,-1.14374999e-002
,,,8.93160000e-008,-1.58437509e-002
,,,8.93200000e-008,-1.24375001e-002
,,,8.93240000e-008,-1.53125003e-002
,,,8.93280000e-008,-1.73749998e-002
,,,8.93320000e-008,-2.80000009e-002
,,,8.93360000e-008,-3.37187499e-002
,,,8.93400000e-008,-2.63437498e-002
,,,8.93440000e-008,-2.45625004e-002
,,,8.93480000e-008,-2.80000009e-002
,,,8.93520000e-008,-1.76874995e-002
,,,8.93560000e-008,-1.66874994e-002
,,,8.93600000e-008,-2.09375005e-002
,,,8.93640000e-008,-1.56250000e-002
,,,8.93680000e-008,-1.45312501e-002
,,,8.93720000e-008,-1.99999996e-002
,,,8.93760000e-008,-1.29687497e-002
,,,8.93800000e-008,-1.28437504e-002
,,,8.93840000e-008,-1.55937504e-002
,,,8.93880000e-008,-1.99999996e-002
,,,8.93920000e-008,-2.38437504e-002
,,,8.93960000e-008,-1.99999996e-002
,,,8.94000000e-008,-2.20312495e-002
,,,8.94040000e-008,-1.93125010e-002
,,,8.94080000e-008,-1.43437497e-002
,,,8.94120000e-008,-1.99999996e-002
,,,8.94160000e-008,-1.98437497e-002
,,,8.94200000e-008,-1.99999996e-002
,,,8.94240000e-008,-1.99999996e-002
,,,8.94280000e-008,-2.42812503e-002
,,,8.94320000e-008,-1.59374997e-002
,,,8.94360000e-008,-1.43125001e-002
,,,8.94400000e-008,-2.23750006e-002
,,,8.94440000e-008,-1.99999996e-002
,,,8.94480000e-008,-1.81249995e-002
,,,8.94520000e-008,-2.85000000e-002
,,,8.94560000e-008,-3.06562502e-002
,,,8.94600000e-008,-2.05624998e-002
,,,8.94640000e-008,-2.80000009e-002
,,,8.94680000e-008,-2.46875007e-002
,,,8.94720000e-008,-2.02812497e-002
,,,8.94760000e-008,-1.70937497e-002
,,,8.94800000e-008,-2.00625006e-002
,,,8.94840000e-008,-1.23749999e-002
,,,8.94880000e-008,-1.20000001e-002
,,,8.94920000e-008,-1.82499997e-002
,,,8.94960000e-008,-2.80000009e-002
,,,8.95000000e-008,-2.09062509e-002
,,,8.95040000e-008,-1.99999996e-002
,,,8.95080000e-008,-1.70000009e-002
,,,8.95120000e-008,-2.07187496e-002
,,,8.95160000e-008,-2.20312495e-002
,,,8.95200000e-008,-2.13437509e-002
,,,8.95240000e-008,-2.19062511e-002
,,,8.95280000e-008,-2.19687503e-002
,,,8.95320000e-008,-2.09375005e-002
,,,8.95360000e-008,-2.33124997e-002
,,,8.95400000e-008,-2.33750008e-002
,,,8.95440000e-008,-2.22500004e-002
,,,8.95480000e-008,-2.30000000e-002
,,,8.95520000e-008,-1.95624996e-002
,,,8.95560000e-008,-2.80000009e-002
,,,8.95600000e-008,-2.47812495e-002
,,,8.95640000e-008,-1.98749993e-002
,,,8.95680000e-008,-1.30937500e-002
,,,8.95720000e-008,-1.57500003e-002
,,,8.95760000e-008,-1.99999996e-002
,,,8.95800000e-008,-1.99999996e-002
,,,8.95840000e-008,-1.99999996e-002
,,,8.95880000e-008,-2.40312498e-002
,,,8.95920000e-008,-1.99999996e-002
,,,8.95960000e-008,-1.33750001e-002
,,,8.96000000e-008,-1.72499996e-002
,,,8.96040000e-008,-2.15312503e-002
,,,8.96080000e-008,-2.15000007e-002
,,,8.96120000e-008,-2.65625007e-002
,,,8.96160000e-008,-1.99999996e-002
,,,8.96200000e-008,-1.99999996e-002
,,,8.96240000e-008,-1.60312504e-002
,,,8.96280000e-008,-1.83750000e-002
,,,8.96320000e-008,-1.99999996e-002
,,,8.96360000e-008,-2.25000009e-002
,,,8.96400000e-008,-1.71249993e-002
,,,8.96440000e-008,-1.99999996e-002
,,,8.96480000e-008,-1.82812493e-002
,,,8.96520000e-008,-2.00937502e-002
,,,8.96560000e-008,-1.99999996e-002
,,,8.96600000e-008,-2.40312498e-002
,,,8.96640000e-008,-2.75625009e-002
,,,8.96680000e-008,-3.30937505e-002
,,,8.96720000e-008,-2.80000009e-002
,,,8.96760000e-008,-2.05624998e-002
,,,8.96800000e-008,-2.02812497e-002
,,,8.96840000e-008,-1.73125006e-002
,,,8.96880000e-008,-1.51249999e-002
,,,8.96920000e-008,-2.33124997e-002
,,,8.96960000e-008,-2.80000009e-002
,,,8.97000000e-008,-1.99999996e-002
,,,8.97040000e-008,-2.58750003e-002
,,,8.97080000e-008,-2.80000009e-002
,,,8.97120000e-008,-1.99999996e-002
,,,8.97160000e-008,-2.00312510e-002
,,,8.97200000e-008,-1.88750010e-002
,,,8.97240000e-008,-1.89375002e-002
,,,8.97280000e-008,-2.19375007e-002
,,,8.97320000e-008,-1.99999996e-002
,,,8.97360000e-008,-1.60000008e-002
,,,8.97400000e-008,-2.85000000e-002
,,,8.97440000e-008,-2.86874995e-002
,,,8.97480000e-008,-2.80000009e-002
,,,8.97520000e-008,-1.58750005e-002
,,,8.97560000e-008,-2.80625001e-002
,,,8.97600000e-008,-2.80000009e-002
,,,8.97640000e-008,-2.47499999e-002
,,,8.97680000e-008,-1.99999996e-002
,,,8.97720000e-008,-1.59687493e-002
,,,8.97760000e-008,-1.48750003e-002
,,,8.97800000e-008,-1.99999996e-002
,,,8.97840000e-008,-2.92187501e-002
,,,8.97880000e-008,-3.79687510e-002
,,,8.97920000e-008,-3.60000022e-002
,,,8.97960000e-008,-2.01875009e-002
,,,8.98000000e-008,-1.99999996e-002
,,,8.98040000e-008,-1.89375002e-002
,,,8.98080000e-008,-1.62499994e-002
,,,8.98120000e-008,-2.32500006e-002
,,,8.98160000e-008,-1.99999996e-002
,,,8.98200000e-008,-2.79374998e-002
,,,8.98240000e-008,-2.91249994e-002
,,,8.98280000e-008,-2.10625008e-002
,,,8.98320000e-008,-1.71875004e-002
,,,8.98360000e-008,-1.45000005e-002
,,,8.98400000e-008,-1.65625010e-002
,,,8.98440000e-008,-2.09999997e-002
,,,8.98480000e-008,-2.12187506e-002
,,,8.98520000e-008,-1.99999996e-002
,,,8.98560000e-008,-1.95624996e-002
,,,8.98600000e-008,-2.11875010e-002
,,,8.98640000e-008,-2.26250011e-002
,,,8.98680000e-008,-2.40624994e-002
,,,8.98720000e-008,-2.22500004e-002
,,,8.98760000e-008,-1.99999996e-002
,,,8.98800000e-008,-2.18749996e-002
,,,8.98840000e-008,-1.99999996e-002
,,,8.98880000e-008,-1.71562508e-002
,,,8.98920000e-008,-1.85312498e-002
,,,8.98960000e-008,-1.75312497e-002
,,,8.99000000e-008,-2.43437495e-002
,,,8.99040000e-008,-1.99999996e-002
,,,8.99080000e-008,-1.55937504e-002
,,,8.99120000e-008,-1.42187504e-002
,,,8.99160000e-008,-1.88437495e-002
,,,8.99200000e-008,-2.09062509e-002
,,,8.99240000e-008,-2.03750003e-002
,,,8.99280000e-008,-1.16562499e-002
,,,8.99320000e-008,-1.99999996e-002
,,,8.99360000e-008,-1.77812502e-002
,,,8.99400000e-008,-1.99999996e-002
,,,8.99440000e-008,-2.12187506e-002
,,,8.99480000e-008,-1.99999996e-002
,,,8.99520000e-008,-2.12187506e-002
,,,8.99560000e-008,-1.72187500e-002
,,,8.99600000e-008,-1.50937503e-002
,,,8.99640000e-008,-2.30625011e-002
,,,8.99680000e-008,-1.99999996e-002
,,,8.99720000e-008,-1.44687500e-002
,,,8.99760000e-008,-1.38125001e-002
,,,8.99800000e-008,-1.20000001e-002
,,,8.99840000e-008,-1.20000001e-002
,,,8.99880000e-008,-1.99999996e-002
,,,8.99920000e-008,-1.62812509e-002
,,,8.99960000e-008,-1.27499998e-002
